4.021943294049336970e+01
2.693266671959843350e+01
2.261873876089498125e+01
1.992778510312508899e+01
1.972300077509209615e+01
1.797788959902469941e+01
1.395107247159393893e+01
1.460177803467716906e+01
1.171955648206451173e+01
9.263109561817996607e+00
5.613465129619938487e+00
6.186917828184431478e+00
3.859408958627021047e+00
2.594310708237244967e+00
1.955132298239486754e+00
4.118337702963446034e+00
5.653600694999540544e+00
6.975644792335730315e+00
9.298496469337770520e+00
1.167528200392547255e+01
1.422676435157797670e+01
1.447657852230361542e+01
1.540705486457838802e+01
1.668433549063920651e+01
1.768509099891912939e+01
1.875104433306378837e+01
1.862283590242988751e+01
1.913422609951972220e+01
1.806368541164133390e+01
1.770020956455308792e+01
1.644752551761555992e+01
1.497392883493685467e+01
1.451861457914589870e+01
1.404029963189527130e+01
1.184975010008345819e+01
9.242464384926995180e+00
7.450923928164517207e+00
6.143275738200937752e+00
4.529004365164668755e+00
3.613213217109669806e+00
