1.438153253240307450e+01
4.950526910338959752e+00
3.314199331221137967e+00
1.267576441645582364e+00
2.297167832112921637e+00
1.492116705804760413e+00
3.691200143666959477e-01
7.905713126759680298e-01
9.553537202450996801e-01
8.835760236024893244e-01
7.061914650388819714e-01
9.907370888110048623e-01
9.481026972027223332e-01
8.830683226124771412e-01
4.862459610302693469e-01
7.199506706215781371e-01
1.027096647290313802e+00
1.908702424162844191e-01
6.429495608633085668e-01
7.587052226353246942e-01
9.468038229871563738e-01
7.897584231807099897e-01
4.052677579187761309e-02
6.468556955480565529e-01
4.293024927826197823e-01
1.049487728502872114e-01
6.868521939091364326e-01
9.582819052617717881e-02
7.719647727810282634e-01
5.542442203896732478e-01
3.884505613913865063e-01
8.027982775530958515e-01
3.966716921461216350e-01
5.541227529592810397e-01
4.185658433819866575e-01
8.954884132022302712e-01
1.119590900721971538e+00
3.382149751181330877e-01
3.017187774820487278e-01
6.288296583867685197e-01
