4.046842204553159661e+01
1.893329450609155362e+00
1.540989202158577820e+00
1.049037629492523438e+00
5.083358823144469296e-01
2.355391792916602167e+00
9.426473988416151917e-01
1.938393717498717583e+00
2.260381264211178465e+00
1.220951287050757728e+00
1.524085912550376287e+00
9.739598551985060304e-01
1.155893418540122397e+00
1.313603489467150887e+00
9.750364924747142448e-01
1.142213753419904831e+00
8.200943809542891039e-01
5.395757883234566510e-01
5.080674281207285814e-01
4.775855750997637372e-01
8.246526855731701744e-01
4.678081953901929713e-01
3.240319458788467610e-01
1.806375844176268952e-01
3.878715224985410104e-01
5.067918341570040175e-01
4.640125475892736273e-01
6.303193308634423841e-01
4.023408845377171028e-01
7.758094091915740398e-01
5.775937913130196888e-01
3.435417442603885263e-01
1.232650305951596553e-01
2.001728422712548972e-01
2.450362259638503570e-01
4.014337406617186632e-01
6.693175093090666938e-02
1.058631206209397074e-01
2.568168450502019140e-01
6.137197120392026695e-02
