1.762733124849839612e+02
7.927692190207438649e+00
7.944968803885616992e+00
1.859470994073953110e+00
2.383084822212036880e+00
8.663419416599147382e+00
7.941268680227095977e+00
3.273693878047056138e+00
1.077788918974747290e+01
8.795253848490272475e+00
2.163894900458806614e+00
6.032367698007574219e+00
3.051243247017456639e+00
1.925179665544144214e+00
4.099551006920410856e+00
2.959582529069375134e+00
4.355095981966727869e+00
3.617482163147865748e+00
1.288257109920430743e+00
1.459596978357125430e+00
8.912553516452447200e-01
1.310330555912388784e+00
2.367351534366373578e+00
1.732886702510903820e+00
2.106622562055885162e+00
1.529411681483081376e+00
2.216935748908491988e+00
9.273724451280010994e-01
4.087206159306054909e-01
2.438498694676968004e+00
1.274155318068656673e+00
1.072473569867069987e+00
9.463599279176483359e-01
2.442849036634063609e+00
8.638588333372536621e-01
9.555902765873638405e-01
7.472008331839637973e-01
1.155960795796806995e+00
5.419685864852716861e-01
1.174363494262191665e+00
