1.052069384832005596e+02
1.856378218162734939e+01
1.817830160417630125e+01
1.828859592116201327e+01
1.712735604498304909e+01
1.672704686911949779e+01
1.233446268403227108e+01
1.424713767955575960e+01
8.002536425260412756e+00
1.234492011368195108e+01
6.957264026944126378e+00
1.119605952441518859e+01
4.978151771551202920e+00
8.263789843384982348e+00
1.231196737404620833e+01
9.750283601099480890e+00
5.215395395512810062e+00
1.000198949106371948e+01
1.316222149599628644e+01
5.233864643158335106e+00
8.286291420729117618e+00
6.756345128142198675e+00
8.405402282548063653e+00
7.200159706013473659e+00
7.289823472385454473e+00
9.007851149673005153e+00
7.514238552530691173e+00
8.016755509600965723e+00
1.098158673405898433e+01
7.961397897611086627e+00
1.052586214031992640e+01
1.329631529547268620e+01
1.386987293954183187e+01
1.004753800566295929e+01
1.404870992985922840e+01
1.358967852992623904e+01
1.231139792047072490e+01
1.220107629207224420e+01
1.215523907757400757e+01
1.439350305509178618e+01
