8.561910347723345183e+01
3.263864012997842234e+00
1.829787513744111083e+00
6.435506884671545080e+00
7.679313537971766968e-01
2.866498428163886558e+00
3.413426213108034624e+00
3.578758105037561865e+00
1.101500992165300952e+00
4.925694885446904037e-01
6.276048761516352936e-01
7.262098110142373164e-01
6.486252785199251303e-01
9.863453886195553411e-01
1.022627961551756615e+00
3.454469066000570021e-01
2.896391414669635678e-01
2.357845844650110489e-01
5.407530649951050039e-01
4.850646288032814391e-02
4.992236968236628547e-01
2.634479807494860548e-01
6.119771802166351637e-01
4.553582972076845037e-01
2.870060328533206584e-01
1.259479871421807506e-01
1.145958613113441243e-01
1.558639919492099679e-01
2.605528815443070578e-01
3.516180965702099814e-01
1.204730369334936907e-01
1.881668666549339008e-01
9.917860337228727452e-02
1.398027386027141106e-01
2.777406099077296964e-01
2.206131811224985306e-01
2.790408217861307660e-01
6.202299566505072026e-02
1.549854699534305436e-01
1.561073036089740407e-01
