1.271025544739825506e+02
2.150953943678015534e+01
1.091201468265361285e+01
7.488291772857807338e+00
5.328377905945723469e+00
1.622163080462043538e+01
6.294640992815220493e+00
3.542966829285755903e+00
4.721739829973089719e+00
2.185143538283737641e+00
4.608055393695757118e+00
4.288792092950872714e+00
5.756470599525223442e+00
1.492230472551070886e+00
6.206023175208274623e+00
4.515485815658117019e+00
4.593258040518691132e+00
2.901168035705923742e+00
3.303636212150544260e+00
3.887244386282059594e+00
2.139446724165388503e+00
6.645241238220099822e-01
1.916493954424286938e+00
2.330457325445459915e+00
2.046432497507169490e+00
3.601033300099751866e+00
2.066639260280100032e+00
4.037835530184322508e+00
3.576240887874344576e+00
4.107063894625946787e+00
1.841634293592171234e+00
4.269423875540346636e+00
2.519194693397554197e+00
2.364431929924227127e+00
1.676731119231902989e+00
5.206454786817129587e+00
7.398683638630989989e+00
8.822332765770484642e+00
1.351158913291777397e+00
1.359906360841756312e+00
