1.802956545842582727e+02
5.082412526715964418e+01
1.444358120556985803e+01
3.476818925354891121e+01
2.204137861011115618e+01
1.527410007882194165e+01
2.526596605487221225e+01
2.134687501279371347e+01
2.439195246118547900e+01
1.947681249613445331e+01
2.385788713936174332e+01
2.762593414304350503e+01
1.693433881571393940e+01
7.936816238806637003e+00
1.635358397104484496e+01
1.305991344202710280e+01
1.134109937314627992e+01
1.752712251941013122e+01
1.251672155624397043e+01
2.086500785262606072e+01
2.009474795964068505e+01
5.351825931569549333e+00
1.437617631132325968e+01
2.282284377984235846e+01
1.476204719911451235e+01
6.042733776905436116e+00
1.312686544283641510e+01
1.700358619415855088e+01
9.644322257459743142e+00
9.425221521327051377e+00
1.735626282061411274e+01
1.571782191461746514e+01
2.132867589956302101e+00
1.982640800486852228e+01
1.442890150163617236e+01
8.801251921291552094e+00
2.459271416313811631e+00
1.207302853220178562e+01
1.575042322686598162e+01
1.332270876933347559e+01
