2.393195469289618700e+02
5.346093180287979862e+01
1.461988534042983368e+01
3.398134226082156317e+01
1.230001522800071001e+01
2.100865250640903525e+01
1.561313944233840090e+01
7.155972901613044890e+00
1.723123210625819013e+01
7.063659369622888207e+00
3.937941503566995571e+00
8.107998209725471028e+00
7.576495246649768589e+00
1.152730026482542769e+01
1.743097094447071527e+01
8.636936358609125008e+00
1.066984066043144885e+01
1.301717880173399955e+01
6.993904046767371874e+00
1.672608669369004986e+01
5.583865975937341908e+00
9.270434762659268912e+00
1.172373170179627344e+01
4.941983360691089899e+00
7.603671290914296721e-01
2.094800093903641880e+01
6.508580375977920163e+00
4.215485444683384486e+00
1.652799638534247606e+01
7.074186149695526282e+00
3.322022555572293090e+00
7.638045294020439080e+00
9.882231241881052064e-01
8.354533409214857542e+00
1.366193797489728468e+01
7.851457105754396926e-01
1.389252055909098083e+01
1.899822535888429087e+01
9.246026231454637312e+00
1.243515722742115770e+01
