1.422613617039656617e+02
1.134777217563134499e+01
3.449045563154870209e+00
9.747024768861827226e+00
1.103562673639534175e+01
1.000888084323037219e+01
1.356229410370503707e+01
7.327022385488895395e+00
8.070717923198436949e+00
7.917635341415792283e+00
4.586651772967993423e+00
5.996947125634718212e+00
2.303702463122537125e+00
1.372191843193828298e+01
8.886074857974657348e+00
1.616918817047118706e+00
9.480781390244292339e+00
9.986732596018281782e+00
3.197700636661974904e+00
9.540159723590436514e+00
3.835965261222526124e+00
3.634964121288313255e+00
8.613942147943633998e+00
1.037181154224802526e+01
5.587136535440925478e+00
8.309843354207963273e+00
3.530657102718088858e+00
4.674442902885135531e+00
3.618823273108208394e+00
7.964098119520938823e+00
7.150376071472634543e+00
2.392077875640728379e+00
6.109113933595399892e+00
4.634565030717872958e+00
2.645580792443271712e+00
5.319158683634034546e+00
6.393446352550379075e+00
1.375492105158609313e+00
8.188088646479855015e+00
7.033298883604259366e+00
