3.175095970941298162e+01
1.275757464376313877e+00
3.644940887427352560e-01
8.902076447652609303e-01
8.820453702946648988e-01
1.548166379822256911e+00
1.314850128446976241e+00
2.372384633768737372e-01
1.713466651130790996e+00
7.014373453296963712e-01
4.183259588517656558e-01
9.566966084744891186e-01
9.835774980974051340e-01
1.459073699906555943e-01
3.794254967224935937e-01
2.751209740502000289e-01
3.733438305311707062e-01
3.736442560337206453e-01
2.636944360028687373e-01
2.884468813304225665e-01
4.517960298714443490e-01
3.463205527338040768e-01
1.959193862488288196e-01
8.187606826954800521e-02
1.972151102364881337e-01
2.011142765729504456e-01
2.122530680190507224e-01
2.003446060976269150e-01
3.135255328360666005e-01
1.742588966822537777e-01
1.113833282774820826e-01
8.859706589270854513e-03
1.238281482533594435e-01
5.396842258097234168e-02
1.130066433635201206e-01
1.015520502598441926e-01
1.024345901366114781e-01
8.287264684006538651e-02
9.095069262908062058e-02
2.357238896639933523e-01
