1.713964099137985997e+01
7.821985766508130489e-01
9.118837386324737393e-01
1.470305952568287111e+00
1.838921750369444830e+00
5.686516071892965263e-01
1.020696499365392640e+00
4.177621721468292582e-01
3.943084447597966502e-01
8.330995379184893412e-01
5.077254435869460458e-01
1.274931525431465928e+00
1.570583432765702891e+00
6.426342538333511545e-01
1.058722283822389088e+00
4.666920901018318801e-01
4.314563374021606057e-01
2.124691314368297168e-01
7.745535123278879386e-01
3.441951739608263838e-01
4.001578384921644083e-01
7.659834141245044359e-01
3.735551669405922648e-01
4.963799797984514428e-01
1.909210874172054540e-01
4.688421359603111571e-01
1.329680057182164588e-01
1.514682185078417842e-01
3.424390193939625404e-01
2.609260197329489328e-01
3.924160697592289915e-01
1.369541467273731883e-01
3.114649598746921932e-01
1.116735693860046313e-01
1.995644429137548026e-01
1.153051719653803847e-01
2.211451188321951478e-01
1.479742548775505040e-01
1.487378520635737333e-01
1.251373230445610440e-01
