2.271889271969830304e+01
2.917100669601401464e+00
1.929429624671702204e+00
5.975633678603424759e-01
2.440656965362055342e+00
4.939514291564536808e-01
1.789165746024015569e+00
1.125153422295413375e+00
1.545771240439947958e+00
1.041160234094213877e+00
1.336609836722188804e+00
7.012329924346794030e-01
3.772317674859733683e-01
1.423480919308944603e+00
6.329901778051341132e-01
6.046811633872188896e-01
5.212682452889936258e-01
1.271829737774899105e-01
3.932161375942970216e-01
5.476266676329474281e-01
9.485138906040598838e-01
2.448203979480598202e-01
3.887263340829948954e-01
2.907156792394245959e-01
6.272527719112948041e-01
6.743082423418883531e-01
4.875461450517661333e-01
4.158319919842525247e-01
8.593325727559696370e-01
1.496062297215185188e-01
5.441909348838777083e-01
5.357182024666622411e-01
3.209209140562785390e-01
4.665845173479099550e-01
7.393729774964483692e-01
7.051316015106942059e-01
4.500644319633943513e-01
6.412233728347677131e-01
7.387097565402995780e-01
4.951885659641696580e-01
