6.621257787893083169e+00
1.109025633952870127e+00
2.389227134116831130e-01
3.555535015697792733e-01
5.730145336346814666e-01
6.667689866458713643e-01
2.438780787212123102e-01
3.889689573690566227e-01
5.265518545275418294e-01
4.038988620319837741e-01
2.641773856678732435e-01
5.344154945825194680e-01
1.170341389928373499e-01
5.072053798214796183e-01
1.301599246044755631e-01
3.031367453843328841e-01
2.312758102383513925e-01
5.053962046741212744e-01
4.360035653129872846e-01
2.616394707273657638e-01
3.424146280850975943e-01
1.899118762037456110e-01
8.555000389092733831e-03
2.213297862665037363e-01
1.783439223338788571e-01
3.408376406158657446e-01
2.003380134913509691e-01
1.133566797969646350e-01
2.633538810428657229e-01
1.867647002847235838e-01
1.243682846373303647e-01
3.357865970033861724e-02
1.068914439505016661e-01
1.054978720862365521e-01
1.467492872849520957e-01
8.533756419677082650e-02
1.172182031703601496e-01
1.255621052788564174e-01
1.524470941003851221e-01
1.201658339885328525e-01
