5.172439075178756340e+00
5.619661437100657020e-01
1.304676574035506520e-01
3.907737849932268470e-01
3.090737359932461681e-01
9.989268253347457494e-01
3.629344524493346436e-01
7.314883390743572023e-02
1.909406346570164115e-01
3.911349368049296671e-01
1.172140335858753019e-01
8.121888477310056087e-02
3.673043146097656475e-01
2.580169180865782841e-01
5.067648787479568651e-02
1.516568738778275027e-01
1.362191874416819881e-01
1.998425222955690361e-01
1.223952102553884924e-01
3.072080616242429951e-02
1.796987719517590953e-01
1.530091325659966306e-01
8.441474722598514557e-02
1.060147278004133359e-01
8.753060152457219079e-02
1.114469866534620601e-01
3.037986592991510568e-02
6.215565538512675403e-02
1.710342701194835779e-01
6.745246377842972763e-02
7.641343175283890621e-02
8.557298991300917035e-02
1.164463883457727000e-01
1.146407970825599892e-01
8.803465315174448247e-02
2.618560393773668865e-02
8.603861729021448912e-02
1.354923182301618068e-01
7.257080187930445292e-02
9.287086544939100741e-02
