2.572517942322401296e+01
1.651968162802291928e+01
1.068758093689131350e+01
9.941826851119573760e+00
6.239746461511930242e+00
4.022512056927613600e+00
4.318692484934790521e+00
5.281503434485528281e+00
6.230217903134791513e+00
8.770257076175576927e+00
9.537109271787302944e+00
9.164501722610276957e+00
1.010072975786220972e+01
9.829073966605280432e+00
7.838687464883299150e+00
6.211798999688570078e+00
5.564889785493722485e+00
4.653898081746332238e+00
3.520817208492200923e+00
4.985006049605637202e+00
5.645993709336123878e+00
5.633346948331348969e+00
7.806702739962730675e+00
8.382322497995373212e+00
7.054716101314615351e+00
7.634042702634681987e+00
6.798459762275000706e+00
5.033499644207366508e+00
4.795469071194006894e+00
4.877712227954890345e+00
3.716163441949433821e+00
4.509897785985901741e+00
6.293228868674981769e+00
5.972639834220067279e+00
5.342911526727074367e+00
6.631308926070953014e+00
6.766298494485806891e+00
5.344990772599804707e+00
5.299538315941403788e+00
4.861723259411611764e+00
