2.056072053127329013e+01
2.148534208446443383e+00
2.137688811786353060e+00
1.294350174465648928e+00
1.235713624269012545e+00
1.140847045863744080e+00
1.069332193692395849e+00
1.370980882344252416e+00
1.615554012131322770e+00
3.304842007198059983e-01
1.506538642003680373e+00
1.024774218369069123e+00
4.310522420554329104e-01
4.947966077905521787e-01
2.004693746948784661e+00
1.599314080478846600e+00
3.139865436506990570e-01
8.405714543931722682e-01
1.252120869299593098e+00
9.967132547705296330e-01
5.039833930604112888e-01
5.192780304969201177e-01
6.524975729034475647e-01
5.862329160584132115e-01
4.458887468381082519e-01
1.553492454566010317e-01
5.183194590470616703e-01
2.082147803271658659e-01
5.896368518528914693e-02
2.545343063070915068e-01
1.774311633005375144e-01
4.465531642143825142e-01
1.464614286414051697e-02
1.377632044774002584e-01
1.949992829163260666e-01
2.721803390048065374e-01
2.916052973376008217e-01
1.944207394955718704e-01
1.964927346844288492e-01
1.219571527621639007e-01
