7.096707344265418271e+00
2.700006544854303137e+00
6.305223804775544894e-01
4.630873501462805519e-01
1.277081019599327627e+00
1.769807829077319372e+00
1.545186945827079272e+00
1.446033965531198895e+00
1.372066385315178882e+00
1.172847970771201620e+00
1.188990515520094604e+00
1.703979028583785471e+00
1.603473357228181850e+00
1.338845698138962481e+00
1.242902034568301950e+00
1.388942503880068680e+00
1.224945940216155327e+00
6.002191368708422736e-01
6.309508316329114352e-01
1.292827973919959517e+00
1.472639168722253977e+00
1.264340700825175690e+00
1.331904442629372465e+00
1.421064312540416319e+00
7.005488652456851595e-01
4.605096970762411757e-01
1.379973801611266593e+00
1.850737996839591171e+00
1.296807061991075427e+00
6.374169787506404061e-01
6.789053800256643623e-01
1.073708008856867346e+00
1.032445559336345076e+00
1.308916676503013798e+00
1.405983859706872341e+00
1.073118395276647874e+00
9.641933668870665830e-01
1.113702662913962138e+00
1.303973010473236549e+00
1.170689211951980946e+00
