1.212581837808513896e+01
5.408564134127853418e-01
3.031815438317797984e+00
2.874281784688489605e+00
2.263322963412960576e+00
1.526838792614656048e+00
1.148230973877711225e+00
4.176159572879026283e-01
2.134668715496562452e+00
9.353449267731540617e-01
7.832532188019855068e-01
7.847183341113749266e-01
7.979144402662599056e-01
8.514827585134553400e-01
3.237350911998206904e-01
7.863063693229050966e-01
4.280186289786447884e-01
1.046146377251775617e+00
1.208928786148359302e+00
9.039735587039893216e-01
9.838754752550340488e-01
1.324088817035820875e-01
9.786138319911816819e-01
1.248062936122771749e+00
1.151707618881122386e+00
1.144104311912056138e-01
1.666102049046191969e+00
1.086563233679654239e+00
2.059710746986465890e-01
5.404951073148100971e-01
8.615696827750450870e-01
3.645818772570796340e-01
1.237619511768662806e+00
5.731819453792439401e-01
1.007671986997264124e+00
1.552601268343365870e+00
3.897617726168977614e-01
1.320311940905627202e+00
5.357556235115941146e-01
6.161579195537405518e-01
