3.666821187089644773e+00
1.507219088977281851e-01
3.610398671316526753e-02
1.153740082294560376e-01
5.171278951891287168e-01
2.134089720263596945e-01
1.239751388130741899e-01
7.488004170212417265e-02
6.600147197766601526e-01
2.315231149322174442e-01
1.654036483363110488e-01
2.875453079121542341e-02
1.486451016233732991e-01
1.847654872731466502e-01
4.809656298282186104e-02
1.955997183905296144e-02
1.108641194553702247e-01
6.710940877348563205e-02
1.719055084854776427e-01
5.105752905485968357e-02
1.139094092344984238e-01
5.310611397813379958e-02
4.715564988893469756e-02
5.002516107966122061e-02
7.235764795872084987e-02
1.885204391451762024e-02
1.479133167401201418e-02
4.453732701083291251e-02
3.269519300573323073e-02
6.339126939011803519e-02
5.457909117436351293e-02
3.443832089660515960e-02
3.927028150949568586e-02
3.387268175840403572e-02
2.969058663645745416e-02
4.757032616476806336e-02
2.762381945861245441e-02
4.266434514119626237e-02
3.512424260723991803e-02
2.340940100765650025e-02
