1.092457707367744746e+01
1.095159286242261887e+00
1.391691980755432656e+00
2.828793239979420782e-01
8.558005106549414487e-01
1.131241701494399399e+00
6.051972086881337587e-01
5.452794465492741827e-01
7.279542604008336637e-01
1.304416793708091493e+00
6.398049680143480522e-01
8.731807151727636329e-01
2.203122208400566384e-01
5.351240542455273363e-01
4.586027135562228962e-01
9.689142622419467665e-01
6.744580638439777731e-01
4.589079757443546570e-01
1.043156909448828551e-01
4.587996992078468561e-01
3.371732615501284447e-01
3.643486222761376236e-01
2.906888577177639266e-01
1.875551425194606769e-01
1.222966506690502247e-01
7.008400266824180158e-02
2.061688047734229201e-01
2.512442230251787367e-01
1.107665933335856695e-01
2.615631209843875538e-01
2.164745338697993404e-01
7.830343997837194148e-02
1.668399303810896850e-01
3.178517068034824589e-01
1.102475291665232227e-01
2.952175138677055610e-01
1.088059824183604113e-01
3.744621581914779340e-01
1.489401759010375303e-01
2.352232979537767221e-01
