1.845293459021009141e+01
2.549116391116583724e+00
1.967445554265354390e+00
2.075550927710952398e-01
2.577676749366806241e+00
3.145696895202539367e-01
3.025377248020063803e+00
1.386235344469551878e+00
2.441324532323318586e+00
1.563908072678116046e+00
1.135528099292476112e+00
9.997209219957299275e-01
3.038328849875652771e-01
1.951923667264187090e-01
5.646059943747954168e-01
3.931118885873540747e-01
5.427513096323353103e-01
7.061106693453141903e-01
9.709260723728629916e-01
1.359792977949631387e+00
7.575990817589122184e-01
6.466422636611373065e-01
7.788840247446661147e-01
9.954358882528934194e-01
7.591309796886183126e-01
3.792185962294084556e-01
4.345396118820756270e-01
7.669105011510113368e-01
8.583013615766260651e-01
1.037673538562191133e+00
5.903611484900357365e-01
3.929425875254084488e-01
5.204014760726651811e-01
7.076447952255988660e-01
2.127820394843281393e-01
3.312182510097840260e-01
6.331924172799792139e-01
4.335647963589431830e-01
4.132854687984247044e-01
7.523880907981311816e-02
