3.082226802994671111e+00
5.123027052332299602e-01
7.205458201385561701e-01
1.560748836759159597e-01
5.256980318991917311e-01
6.311712694297791360e-02
3.864401419911550617e-02
3.184365430911090811e-01
1.958777787325844399e-01
1.713699765468541247e-01
3.871126576357433735e-01
2.627443164415621535e-01
2.688462373916509218e-01
1.929350638421549469e-01
3.708104848969629996e-01
5.290167465703606714e-02
3.151865029458942868e-01
1.308295479979943443e-01
1.853060214655154747e-01
1.993671653626209739e-01
1.162502092288759531e-01
2.877541160938801856e-01
7.810887921096543174e-02
2.154651279848338874e-01
1.114281036021281951e-01
3.098111769963746848e-02
1.992347032156895625e-01
1.651907488550060366e-01
9.687278716091970998e-02
7.801782805656916342e-02
2.039502916635285157e-01
1.198571207939444216e-01
8.499490972823207924e-02
9.947973113317339078e-02
3.948654040030488699e-02
1.815420277121591319e-01
1.239037045353370697e-01
7.314404861487501519e-02
1.375483409270631674e-01
1.531051557753767001e-01
