6.406161943088837241e+00
2.590891145676030405e+00
2.212840713335810339e+00
2.217719239333320047e+00
2.045711332321443976e+00
2.400929227575433700e+00
1.595093391392228721e+00
2.497458411634289277e+00
2.284286340495969458e+00
1.672755419912225650e+00
2.526967762481139079e+00
1.866200995573835675e+00
1.725924262654196628e+00
1.731146159296869325e+00
1.863239251416924480e+00
1.871978693758928225e+00
1.729797325413024778e+00
2.230450679570795902e+00
1.632364034325331614e+00
1.630501001473283473e+00
1.639131147083212392e+00
1.836750868332442943e+00
1.472561925090509982e+00
1.251698692241082655e+00
1.970811466259438260e+00
1.610723775792376022e+00
1.527640334843135772e+00
1.897247689035397311e+00
1.527161921018265422e+00
1.955101578394271122e+00
9.002335657891814558e-01
1.524417609778609961e+00
1.715401997315595395e+00
1.360192899067270922e+00
2.145400196329785292e+00
1.448404711245197873e+00
1.780554152983322647e+00
1.481205635563503265e+00
1.494764937741060118e+00
1.906817346151248538e+00
