4.087800688398058213e+01
3.024624435132412614e+01
2.701974219840031566e+01
2.645194702513664353e+01
2.547408264306239900e+01
2.424172624337071369e+01
2.266873678359146638e+01
2.193737731265457214e+01
1.990836726487976449e+01
2.012320531917671218e+01
1.739873167653951214e+01
1.550730522123923372e+01
1.301864568731320126e+01
1.104733722930851592e+01
8.825312855621351815e+00
6.500022111979044226e+00
5.701784966129970655e+00
3.605690486436303743e+00
1.466992573483710371e+00
1.677026622548279278e+00
2.188287562469813263e+00
3.353996162305097783e+00
5.098128064588119734e+00
5.269231557066114568e+00
6.312792817621291519e+00
6.013830055861410173e+00
6.898355527292766354e+00
7.319023205734474402e+00
7.246294611513645734e+00
6.666334920160268851e+00
7.463729669634593833e+00
8.135102480745844744e+00
8.193741320207504231e+00
6.603937939514841204e+00
6.344706686647719529e+00
5.687425335582408259e+00
3.352372593800433620e+00
3.019985100077426932e+00
2.049690565951944432e+00
2.405894331123759944e+00
