1.965628412921697432e+01
9.084249377388488256e+00
5.205480466834316644e+00
6.727015148955162616e+00
5.387821030144511525e+00
5.438883826376345709e+00
2.927650432046073004e+00
2.359779498278415488e+00
3.301857813103721284e+00
1.878373776605680501e+00
1.615555202739620944e+00
7.572457971540161870e-01
1.667790676207879574e+00
2.746929941315313872e+00
3.216321504550446519e+00
2.975343969565330760e+00
3.330665931081342013e+00
3.874323426006118787e+00
4.046433860090527190e+00
3.957206396619972200e+00
3.348703181602112444e+00
2.679117519510759937e+00
2.639063812426407196e+00
2.745844084850022515e+00
1.795406728970346144e+00
1.857738926854925587e+00
1.650387209306165115e+00
1.550894539660331972e+00
1.841022889268369322e+00
1.698897256709783532e+00
1.777053478677081744e+00
1.597040694229350466e+00
1.658359296368661528e+00
1.804184200791693948e+00
1.795135726010710586e+00
1.730221508829223875e+00
1.541762662234289927e+00
1.715072595993203386e+00
1.440711505259813618e+00
1.368521019113235315e+00
