7.339627667516835707e+00
7.332917165784405000e-01
1.307920183387079049e+00
5.799231006506344599e-01
3.092384683151957470e-01
5.803947760145548029e-01
5.657966304354167253e-01
7.025362993438789561e-01
4.389516780383141970e-01
6.152563163469826346e-01
9.364077871577647372e-02
5.566148181039473064e-01
3.465910286525246686e-01
3.243956305049305877e-01
3.616423357496106883e-01
7.479187563717967779e-02
2.348302715965531473e-01
1.514388817598148751e-01
3.085681075513658361e-02
1.924079041421582481e-01
6.193524418117132835e-02
7.695475287136795128e-02
1.334127202157439074e-01
1.040778930303044025e-01
3.083980134622289482e-01
1.428661162918406780e-01
1.343449650245583937e-01
1.994398495285235329e-01
2.122616344358424223e-01
2.739729427361750624e-01
1.242167354332640444e-01
3.541796138850267922e-02
1.283842058655189911e-01
1.696913089906155747e-01
1.308740327233396117e-01
7.866263719915700392e-02
1.043795881242392254e-01
8.111067253294304558e-02
5.581983170705594188e-02
1.586467227744421948e-01
