1.161044881824134478e+01
2.517097288430968138e+00
1.526143621269325790e+00
1.292185550413224249e+00
1.153309065647039278e+00
1.001798897414261758e+00
9.012605446504001749e-01
7.199230506793973250e-01
1.120561067201370387e+00
8.372531452507872007e-01
1.414846373192397699e+00
1.095450617352504263e+00
9.298012655705366336e-02
4.219108646237562654e-01
5.249093436461212958e-01
1.374228351793745251e+00
7.422519070362838534e-01
5.150018513038282508e-01
5.683612826700208398e-01
1.668924040458122648e-01
1.554532808578089342e-01
4.917918937039105765e-01
3.545453704225728364e-01
5.055368734771884531e-01
5.135563740251617437e-01
4.243201906209942975e-01
7.550468996233522523e-01
3.706514632905949513e-01
3.662700167297834319e-01
2.582800387850767709e-01
3.249364256403312612e-01
7.095913522339465374e-01
4.404454649599545690e-01
4.812796627187087561e-01
4.331824264646607636e-01
2.697348374422379180e-01
8.621569523194272389e-01
1.005570407231725527e+00
5.475016114004890300e-01
2.006372868999599102e-01
