3.536297853534263957e+00
3.694524664186965013e-01
6.593840553949431582e-01
5.296934383561492377e-01
2.477234138623213566e-01
4.905188452412728717e-01
3.117703727381215817e-01
1.248494013178135659e-01
8.080823533256824287e-02
3.441122559303111950e-01
2.224030731254198756e-01
1.890141852601850136e-01
2.502633390785563572e-01
3.054560898057466153e-02
1.117458487208143753e-01
1.333535129150152931e-01
4.125722700092029904e-02
5.329939825861723657e-02
6.286283042521810527e-02
6.075716688378166030e-02
1.002185498010354225e-01
3.016631966643449833e-02
2.986005061397264612e-02
1.232980941501872311e-02
4.354234094791913784e-02
3.141939145875315142e-02
1.482388299480381921e-01
5.782131958434521407e-02
8.374354165843993225e-02
8.211543976383028909e-02
6.167423302734632157e-02
3.795072835024309449e-02
4.059224301078308283e-02
1.928830805631949127e-02
6.535904936586632574e-02
5.056099925780052629e-02
5.534928668403298058e-02
4.677084607102844488e-02
9.792069632604713872e-03
3.960378888864114072e-02
