5.863044090563975885e+01
9.938263803921373096e+00
3.961126891284555640e+00
1.008218948198397946e+01
1.734965644080275649e+00
4.452489109863629224e+00
6.396871073019883447e+00
7.375513608514595809e+00
8.627303088677876985e+00
9.465643140685401136e+00
5.984767531587904976e+00
3.986858026783984599e+00
2.923458618903167938e+00
6.166349302151420630e+00
6.561408722598143228e+00
7.134904160938398299e+00
8.500057955403795162e+00
7.723967006352948417e+00
4.644412110775211211e+00
3.981630455009327996e+00
3.307182555782166578e+00
6.279237949644270067e+00
7.205663214136333039e+00
4.707321333686547149e+00
6.720037134677587787e+00
5.498330045880970296e+00
2.026292251123199328e+00
4.480411437750344561e+00
4.227761172265242173e+00
4.826651880748787704e+00
7.142653802448140965e+00
5.865229854063915838e+00
4.894832833317528831e+00
5.257353799352624257e+00
4.622373050667171412e+00
4.355497119219062796e+00
3.697711583213310504e+00
4.421756507240464984e+00
5.181469100864340760e+00
5.429918636174767776e+00
