7.975640572812093865e+01
2.009317845819782011e+00
4.728400165098240571e+00
6.707897088610697445e+00
3.415499370702757886e+00
3.756659683225501478e+00
4.297839626267402124e+00
3.376402471837453234e+00
1.660071578062671582e+00
3.023498398318551939e+00
2.326413654205814918e+00
3.536324553556381645e+00
1.224097240903120998e+00
2.611699624343077897e+00
3.694448681547359392e+00
2.702280103148974710e+00
1.806465732798270274e+00
2.499756368738577983e+00
5.792719388586176077e-01
2.021963486738572069e+00
5.996187785378294111e-01
1.228965417582777997e+00
1.522715816503019237e+00
1.324822734423870996e+00
4.372626793249180244e-01
3.735408018305529931e-01
1.529344204343449087e+00
4.055370428167665020e-01
1.191966309800279955e+00
7.177258952401363024e-01
6.119972238833354394e-01
1.448673573250396363e+00
1.188178053559527880e+00
6.072811923748003826e-01
3.267696137569880976e-01
1.133859231764823283e+00
7.192044383019893239e-01
4.972110291541646521e-01
3.969359759497615436e-01
4.222570768531130891e-01
