8.771120129065518256e+01
4.433817541835908926e+00
8.317048832728003660e+00
5.402559725679184410e+00
2.634962190045129660e+00
2.401002695271022169e+00
5.593866297181210534e+00
1.626843187227484666e+00
3.681875612626381300e-01
6.370132464893291768e+00
3.618248804121626527e+00
1.620931027962255966e+00
3.713630548915393792e+00
4.912321549604271809e+00
1.507946605531996775e+00
2.837010591527961978e+00
3.864293153305844442e+00
1.193569351083023644e+00
2.973732844440379441e+00
2.332406387504005529e+00
6.675213831764021943e-01
1.322597894130467466e+00
2.143134377895148379e+00
9.020395014114925836e-01
1.720601358073226894e+00
1.173707568987568450e+00
7.509766725182839275e-01
4.120369720574638128e-01
7.202747366459080203e-01
6.138251663413888393e-01
1.144412925150098292e+00
1.529713543172977364e+00
1.539009808338516194e+00
1.935588266357086473e+00
6.502669631549630180e-01
9.253473279697598253e-01
4.118172572407230447e-01
1.491328325961791990e+00
1.304176860547534789e+00
8.205971568309923247e-01
