7.388533215932781673e+01
8.606692827534775603e+00
9.988978807678126515e+00
7.341047757774358473e+00
1.787472852758091202e+00
4.965087227578094620e+00
2.876069085085944721e+00
3.420429776550453660e+00
2.330466938567390400e+00
2.884213405141974107e+00
2.912238432043670500e+00
4.335014938288475506e+00
3.354354520021526120e+00
2.003018172359106064e+00
5.180848252065551662e+00
7.319174837720284765e-01
1.033534598265218207e+00
2.952453300611991516e+00
3.469861284848869243e+00
1.571878847141454871e+00
2.569629087050964156e+00
2.219813914710023095e+00
2.725537978780328885e+00
1.850640831838468170e+00
1.052522428822491474e+00
1.746376021025327629e+00
5.260425560230962416e-01
2.670495857941463380e-01
2.019649386763048948e+00
6.922721300491944119e-01
2.262114169852611489e+00
4.156093010089925710e-01
1.468619226314743287e+00
1.423070587318118196e+00
8.761633878158531230e-01
1.440671246074011425e+00
1.653699411738745351e+00
9.191479802214103101e-01
1.759303414088071005e+00
1.765784641556307655e+00
