1.591732144884621114e+01
6.786719088866177696e-01
1.555370349249659556e+00
4.895729745326787286e-01
7.242670303169350676e-01
2.378508430878440549e+00
7.111367930525388514e-01
1.316840725709618409e+00
5.415504137999879175e-01
1.036268581090414642e+00
6.147628856500998440e-01
5.148231883463121328e-01
7.360602892402128006e-02
4.198797389334965602e-01
2.849918713276511362e-01
4.619416090654962503e-01
2.590681647068764359e-01
3.964834644190696755e-01
1.113631906124509657e-01
3.139369989215928802e-01
1.090830268809716563e-01
9.814855463659573342e-02
3.209320240197340857e-01
3.068214414572986715e-01
3.906901036538257821e-01
9.512318267209927958e-02
7.228688703696391216e-02
1.708493406364630374e-01
1.330642604870113099e-01
5.549523265222789520e-02
2.337403601340860282e-01
1.714877655886618835e-01
2.639996103153819385e-01
1.393160011681690014e-01
6.742750017542312180e-02
2.436990986566484607e-01
2.037838504869541600e-01
1.106250864836005321e-01
1.302646729527821567e-01
2.397038234165274617e-01
