3.475744224475320010e+01
1.920863439897461333e+00
1.237814874139278265e+00
2.198991650652913687e+00
2.801566501147038313e+00
7.663397249836982894e-01
2.470487448270702879e-01
6.814923025601836715e-01
2.062604951360887728e+00
2.054284315436141650e+00
4.530653869556171554e-01
2.740857731092582461e-01
8.378888967884330352e-01
8.415360594758313217e-01
8.415955517432284205e-01
1.215543911787985570e-01
4.573034672760752373e-01
3.330773304667648538e-01
8.937426652630355850e-01
2.322544917393610797e-01
7.046126269836860967e-02
1.831899695883007495e-01
4.512938062601089956e-02
3.210330929340385331e-01
4.669692455911810813e-01
1.909805635259563816e-01
7.373365228030376306e-02
3.997584156641026398e-02
3.334117050741602362e-01
2.941505333067898423e-02
1.612755735301252824e-01
2.070305343148393096e-01
2.334161779101553702e-01
2.743136724442650151e-02
2.296975238331464275e-01
1.130125318993698280e-01
5.479744771526894043e-02
7.500446806687510737e-02
2.059377856623092196e-01
1.903182157071304226e-01
