4.301986976036013743e+01
4.042387091771068697e+00
4.565017633726712987e+00
2.165665949993077710e+00
3.726352865976061413e+00
1.475217128732119631e+00
9.800203239661517962e-01
2.412918732070612915e+00
1.400598352355159948e+00
2.556936030441915975e+00
1.246107313635644420e+00
1.496494292868089770e+00
3.208346159909658102e+00
4.276983888217227303e-01
1.481161714899637660e+00
1.296625291846592809e+00
9.487380510000279488e-01
2.080960880659642243e+00
1.691933091859506355e+00
1.911752660246965219e+00
1.757947721517526096e+00
1.498015727044999634e+00
1.038723880558870993e+00
1.993498082296857543e+00
1.157350532637400509e+00
1.279913771905020647e+00
8.326139952491413698e-01
1.069715013482230859e+00
1.555625097118893629e+00
1.522699801596116564e-01
1.981873079281203598e+00
8.139194744400534143e-01
1.447598429505210449e+00
8.823930924555765110e-01
8.576721494220822528e-01
5.222134380823698629e-01
1.301597178450985881e+00
1.279648924293521395e+00
2.993024449592265324e-01
9.330667686228172331e-01
