1.050835021013491541e+02
2.079955766396303218e+01
2.490857325306203851e+00
1.192500179861226783e+01
5.395986192846238261e+00
7.166482807432752900e+00
1.221964041560531022e+01
7.828245174258706918e+00
9.247695338467833537e+00
8.385626216820405432e+00
4.245053383161536686e+00
4.424234713490106330e+00
2.819477819597408175e+00
1.197665920082855529e+01
9.818061426434420369e+00
1.731606291727942670e+00
1.095998870520594615e+01
7.443401353618678939e+00
1.529210722652344145e+00
7.949237905781160407e+00
6.275471623784484088e+00
3.420997190898705131e+00
8.499547312144819955e+00
7.199767137292614194e+00
5.086416402537797588e+00
7.868436402682999820e+00
5.729452506229946174e+00
3.241431805039616254e+00
2.437304109254801787e+00
8.685904584155839103e+00
6.660736603650867060e+00
4.271896231164546975e+00
6.136429554559772015e+00
6.705291153906293822e+00
2.338090436245966242e+00
4.735208921903543811e+00
6.694640262744751880e+00
7.786484564142888143e-01
6.659237576547141657e+00
7.360749629578159592e+00
