6.399645502765108773e+01
9.499879646172308512e+00
1.348024297980066422e+01
1.865864400641599730e+01
1.088750436822297729e+01
1.224798631833402851e+01
1.497402419334642154e+01
9.241643785028776037e+00
8.988360886504892733e+00
1.053629288173925715e+01
8.912846195019465512e+00
9.031068748805537894e+00
6.632369136198887460e+00
8.433988091468197723e+00
7.578622382891755827e+00
5.135274611919493637e+00
3.880581280466462779e+00
5.377025730735093489e+00
7.137915218492171476e+00
4.539570669285164506e+00
2.923456324449753563e+00
5.390765050963736371e+00
3.573082147988883239e+00
6.671130024803257008e+00
3.646638190942965263e+00
5.063946814248296846e+00
7.843648975623635167e+00
6.432199213490412681e+00
7.197104201756557629e+00
6.903369492675349051e+00
8.976707361717338074e+00
1.170482833905475673e+01
8.438236908019257854e+00
9.815769974253218066e+00
1.039973568865221587e+01
1.212816870793172797e+01
1.113003632048902425e+01
1.023945048097403010e+01
1.080944681909699767e+01
1.213045386375776147e+01
