2.640086533497211008e+01
6.538320331520075523e-01
3.801871218857105994e+00
2.840015332292953776e+00
1.650884570984077759e-01
1.185498016727744020e+00
1.064708866039727031e+00
1.495552821442166058e+00
1.796668878499319000e+00
1.856339776217732052e+00
9.620169078852595090e-01
1.679218007765138632e+00
1.627621408684868154e+00
1.469536771415472565e+00
1.131192566276376876e+00
1.591247512316427137e+00
8.489043879614057708e-01
7.436473340244020847e-01
2.650800366151159215e-01
1.271214175414891345e+00
1.172669192481339051e+00
1.424231749168430872e+00
1.319305090728959851e+00
9.549261725318287652e-01
1.324128839857095619e+00
1.696101755577506864e+00
5.711670633988618073e-01
1.471697294865597527e+00
1.165039553854662069e+00
4.721431761887144862e-01
4.097759560744128615e-01
1.223690127990847198e+00
1.150493823054175246e+00
3.826132851321384920e-01
1.161026638246658527e+00
1.252921752180221171e+00
3.215285495152394035e-01
7.551118519423297704e-01
1.056006277940798599e+00
6.508825088313747731e-01
