9.290875945443767137e+01
8.429627375990678573e+00
6.919116104160051073e+00
7.130197543313227193e+00
4.516151800946314410e+00
3.504160839988310627e+00
8.510872401257060238e-01
3.307791936097854268e+00
6.064757502419968915e+00
7.842105774171071353e+00
1.394069504706048068e+00
1.250397533111524240e+00
1.222365779987703682e+00
2.221486030564566949e+00
3.254075444436057563e-01
3.692910464342426646e+00
1.375553984644440897e+00
5.181259173782256644e-01
1.734393137254959916e+00
1.165079230017475043e+00
3.702784624315026418e-01
7.852201289743885315e-01
1.891736634844264575e+00
1.757963066877044067e+00
5.530182251560586959e-01
1.760787262817096632e+00
6.683880560711773500e-01
5.294389740936610717e-02
4.867886864561995486e-01
8.637497685713908524e-01
8.473022297777530465e-01
5.312884189052434758e-01
6.821051924569030422e-01
1.442434535102196103e+00
7.958231301204768959e-01
8.144160279599454988e-01
6.010339373185173972e-01
9.823912909719462183e-01
7.077574711964357279e-01
5.041624474071464829e-02
