6.019141866152904896e+01
1.329958004958635520e+01
6.772399093608703957e+00
5.454559224010782970e+00
4.789830945517915772e+00
3.437092250405635152e+00
1.794193998297483716e+00
3.655259361461877798e+00
2.704251219382284965e+00
4.162930140070792540e+00
7.590558335709416404e-01
1.476734809451067942e+00
1.043158792705900062e+00
1.564574532910480320e+00
1.293715236026936610e+00
1.586696159623940394e+00
4.669643884285457069e-01
1.355014116204850572e+00
6.476665132488853560e-01
7.365117162479967172e-01
7.641070681520775176e-01
1.271819670371475974e-01
8.118555622858306675e-01
1.031463944543103084e+00
1.020266131505932483e+00
8.161209198734143966e-01
2.900619723901357583e-01
3.326980669538718294e-01
1.262223465930839839e-01
3.021836682000907381e-01
4.542636066420603913e-01
4.272222369680620524e-01
9.918996336851856332e-01
7.342444358226984935e-01
7.254871989291549195e-01
3.492403884307317408e-01
5.831849900583643276e-01
5.149101928820898344e-01
4.522808959838304221e-01
2.452789141729702360e-01
