8.736199253223975347e+01
7.622867425745320169e+00
4.931371715444793580e+00
6.502094304799922675e+00
5.050116779438964976e+00
4.640367970145032217e+00
3.048204944707690878e+00
5.452630796560253401e+00
7.857221119729239867e+00
2.484911686417989873e+00
2.324602126195922658e+00
5.565506623630054328e+00
2.439536488009267146e+00
8.073925402835049336e-01
5.492655756419824620e+00
5.281348215731009432e+00
4.330098142305486952e+00
4.249325971354255493e+00
4.687304232228562739e+00
5.255444782546129012e+00
1.253014027463240865e+00
2.055603966284194062e+00
2.225302316052742313e+00
5.894106272983338890e+00
3.493469242857473400e+00
2.953450484362339701e+00
5.638713251758167289e+00
3.499070559852218043e+00
1.505008102735203579e+00
9.021188949178694516e-01
3.892389314834808545e+00
1.539111630581392332e+00
3.768356203394971349e+00
3.385219635908789937e-01
4.426241330098175553e+00
2.035844581392497243e+00
2.417251658213405818e+00
3.630148872882345223e+00
3.295828821840814715e+00
2.009174804191068198e+00
