1.215744340354810760e+02
5.236624403560168339e+00
3.786556872745871605e+00
3.121138254765749576e+00
3.312641619011368554e+00
3.560553708073492363e+00
3.698996827914135643e+00
4.679411199150180778e+00
2.708624324006121853e+00
4.899355382366985090e+00
4.558656100681615087e+00
6.838427004957002175e+00
5.099342106643054429e+00
3.718373142587435343e+00
5.081832944792437079e-01
1.178428597163716507e+00
3.650598823948635552e+00
1.126714290429220444e+00
1.824630033427642628e+00
2.100801545720527574e-01
8.135252924438142186e-01
2.788742583777816253e-01
2.135677343779741388e+00
2.359988667349481317e-01
4.616115754841455532e-01
8.081018962227232150e-01
1.421520177861324008e+00
1.035179082419948493e+00
1.048839784726181668e+00
9.944751179611465153e-01
1.081468584244855924e+00
1.476864404722765478e+00
6.274419237057173859e-01
4.167715749391437963e-01
3.457076954167774274e-01
1.659657660261800172e-01
6.126970556743858154e-01
8.478165384192700715e-01
1.823557746979185046e+00
3.824952778966655420e-01
