4.328872065597423102e+01
6.836560498795802854e-01
2.165848865166811521e+00
8.332361167673028035e-01
2.435701037784800960e+00
1.034439005759440589e+00
8.194219673659113301e-01
3.601780619319874255e-01
1.048461592511795049e+00
8.495665020670456480e-01
9.046623199734263876e-01
9.393039259436780641e-01
4.744867878775278491e-01
4.930471949873064808e-01
3.957683783488122331e-01
2.465001887037237271e-01
6.096349355704797635e-01
7.201976218871573021e-01
2.968535269270963228e-01
3.498106169651191144e-01
4.828192194708726404e-01
2.791461429904840141e-01
8.114770692635275839e-01
2.432583629219344512e-01
1.402573773687501579e-01
5.196902110972499989e-01
3.735664561701314001e-01
3.809834401057021758e-01
3.258852773732502373e-01
3.485464493389985319e-01
1.883754994110727610e-01
2.809635734803703766e-01
1.946904608933197334e-01
5.817426010926494140e-01
3.713009019853427128e-01
1.807591975037763921e-01
2.135922975140521485e-01
1.876763389836401674e-01
1.900386016213974349e-01
1.319375660449547127e-01
