7.136802737902330307e+01
8.363500747908011235e+00
1.106474851171571183e+00
2.301364707165820978e+00
3.323222829165028980e+00
1.004153782117673588e+00
1.122584358331809806e+00
7.197870894674135434e-01
3.217504712521822796e+00
1.679909382341306490e+00
1.587707078902148794e+00
6.850296884679474285e-01
2.196508220572851666e+00
5.233071813037486475e-01
6.745450205364278418e-01
7.206806049731494523e-01
1.222103091398785146e+00
8.723359893236458662e-01
1.749565148632858724e+00
1.433948351347937855e-01
2.406669165672127020e-01
1.229277771233940442e+00
7.323020089897784857e-01
1.383106315644608564e-01
4.351787388341450402e-01
4.444750747886211384e-01
7.297927148015446175e-01
7.202684830204082456e-01
7.390974935830787462e-01
1.509902359575791442e+00
1.389116974986159159e+00
1.181635000975190142e+00
1.013690227345626527e+00
6.925731144159850139e-01
6.733246137659599784e-01
2.516007103031555614e-01
1.195877230500535626e+00
1.701110486303523128e+00
9.315829223409932691e-01
1.483617039114742076e+00
