1.737134910078271233e+01
8.641049979773227641e-01
4.085269143894577404e+00
4.279838526820292088e-01
9.163880764779208654e-01
4.525650515973193566e-01
2.020734239404374577e+00
6.141450309451770284e-01
2.044019731240629856e+00
1.000966046704295564e+00
1.312937174968837883e+00
9.939777641741672776e-01
1.133831759888039192e+00
5.520063201378222484e-01
7.700004262211321837e-01
5.271779126926288139e-01
1.432665287878504445e+00
3.352528990354749494e-01
5.294190804250489268e-01
3.765881944879653220e-01
7.533012448388543003e-01
4.227500890924482113e-01
7.874582552918953093e-02
4.147544164838546932e-01
7.178756115115618730e-01
2.828019508588182074e-01
2.666608108190099968e-01
3.093817647902856183e-01
1.690511706006710968e-01
2.834639439938330119e-01
4.563537282265064943e-01
2.129453257699341906e-01
5.383936281900414400e-01
3.555605383129414876e-01
3.736636509969233355e-01
1.544408320153204395e-01
4.107907461992366116e-01
1.276684740488600034e-01
2.584264609613827757e-01
1.609569433231209656e-01
