1.797150694475117660e+01
1.864848142170170142e-01
1.373812208024191850e-01
4.305345078236252343e-01
3.710515190503346217e-01
2.419094786537681063e-01
1.112006511151785032e-01
1.026280073159509948e-01
1.802349301629052325e-01
2.886426497962759630e-01
2.041209957530490393e-01
1.373924224039268227e-01
1.121165247136636650e-01
1.616812869410865494e-01
1.826588559776926579e-01
7.896803848063670139e-02
2.037919663564910500e-01
1.591393693513624141e-01
1.367038575880049900e-01
6.934742764927993852e-02
1.631556936888722553e-01
1.137457540117926269e-01
3.579308720114153519e-02
7.888589438438976809e-02
5.330947003183553190e-02
1.068027050980460829e-01
4.762677948501581326e-02
4.914335717901612693e-02
8.066699717293794591e-02
9.274696147437894167e-02
6.631409736306331792e-02
8.150930372087090980e-02
3.849867949857927601e-02
3.714976431392959244e-02
3.611692030309830714e-02
1.223834496763701735e-02
1.911723914906450147e-02
4.090115364582871255e-02
2.811657461710358186e-02
1.705833343250311163e-02
