1.600414964643050908e+01
4.806712300762445267e+00
3.486280421206541025e+00
8.068013232480542030e+00
5.391283255643306127e+00
3.122185836184832919e+00
6.713027041602678047e+00
6.571437809177534284e+00
3.340212810595453163e+00
5.102741764110108491e+00
6.935627912061480771e+00
4.108255153706319440e+00
3.576637210958865776e+00
5.614988093526807056e+00
5.601044376339917363e+00
3.428757517093030227e+00
4.859445378551948913e+00
6.135891052582000960e+00
3.554381587236622231e+00
4.471853495803379097e+00
6.295554062057711953e+00
4.470679889847791522e+00
3.318460513967041781e+00
5.955406573899869827e+00
5.784635057172577532e+00
2.675705868254092845e+00
5.491661443184522540e+00
6.237225561111042538e+00
2.563502718895002364e+00
4.512499190991906772e+00
6.524729438798187786e+00
4.338086293904145130e+00
4.192971834396178821e+00
6.581238703022902037e+00
5.163959065301131801e+00
3.187532448799546891e+00
5.950000810845903487e+00
5.251497272483995893e+00
3.759284723951707097e+00
5.445659449840067445e+00
