4.804775562499983010e+01
3.582423992168092042e+01
1.981240229520658502e+01
1.227533364466342469e+01
1.193221926398781108e+01
1.019773317550717806e+01
7.738664059567146758e+00
4.840347924371754651e+00
7.673422414193695751e+00
1.337928262816325820e+01
1.719577320072822602e+01
1.799194544779716409e+01
1.867383940864755232e+01
2.022986998475508358e+01
1.919934398871721015e+01
1.494784517896157183e+01
1.006377937725309657e+01
1.064444148701498172e+01
1.463052082214163541e+01
1.475337331884437830e+01
1.078763881447186535e+01
6.656536964122452105e+00
1.058290185435406272e+01
1.623189607597749173e+01
1.840609388779408562e+01
1.481454942816620068e+01
9.925606163287090666e+00
1.318133181891301398e+01
1.817078176495716590e+01
1.810839473063337479e+01
1.443861832174067850e+01
1.404249087918445404e+01
1.636986742160722841e+01
1.618915613553899746e+01
1.351470728634090790e+01
1.143220893942162064e+01
1.325517890381459551e+01
1.593653770242194234e+01
1.508139896334297880e+01
1.128877470964941310e+01
