9.195430089516136718e+00
2.671471026804858706e+00
5.154524135748342895e-01
7.299019686700264353e-01
4.014195500959108487e-01
1.192242321521326254e+00
5.796212455678504405e-01
8.840021504103490191e-01
1.182090021424746507e+00
8.250938409168945276e-01
1.615138601972227195e-01
4.255451940154599266e-01
8.796116606204642530e-01
2.508296843265250264e-01
7.572395908867404213e-01
1.015868840220203850e+00
1.284420601147776564e-01
4.497948501890254303e-01
3.719681028498225128e-01
3.061369925269944448e-01
3.296539716404200959e-01
3.454088984600758860e-01
5.638931532569748661e-01
4.482210715506950161e-01
2.443561516112659759e-01
5.191958655223333219e-01
2.989535464481253846e-01
1.232038854958977248e-01
3.625375127718955537e-01
2.379454820972436435e-01
2.298245067492385163e-01
2.213861648208701738e-01
3.300111337260777100e-01
3.415772979886750882e-01
2.401476463775130132e-01
4.908611519064420836e-01
2.893066408861617589e-01
3.777775424400630633e-01
4.687147128659492346e-01
3.035876601531055652e-01
