1.165809982863742178e+01
4.205173963487092159e+00
2.038257635130910739e+00
7.405348165708545149e-01
4.818543614545821585e-01
1.684842807620742011e+00
1.534641416366338884e+00
9.851203338596200565e-01
1.202524227693353209e+00
1.030836945732080290e+00
1.073742073228338922e+00
7.357773163960559248e-01
7.135125716415392505e-01
5.534287424878470141e-01
8.804554976839025215e-01
7.342192758416721254e-01
1.059774629536623713e+00
9.965193318310061610e-01
5.988268819432431833e-01
4.664641900697065191e-01
3.782593196574726702e-01
3.134279217973743314e-01
8.292914880423793433e-02
8.518133133171780502e-02
2.538197258544747648e-01
1.717367447631396038e-01
1.501102196617028206e-01
1.947108176425551285e-01
2.250162821997172824e-01
1.907813386794565969e-01
1.665461898794448059e-01
1.838788352757669275e-01
1.390555801022683446e-01
1.813607804748456342e-01
1.175106552853833752e-01
6.391954646788146344e-02
5.888967202049545657e-02
2.135319336762860898e-01
1.195324620926097037e-01
1.183622589833848576e-01
