6.092145321271841496e+00
1.178958565259192515e+00
3.048893672744799055e-01
1.485567817568463900e-01
6.066494722664328432e-01
1.204605076851009982e-01
3.114074361014462777e-01
3.266591471039502204e-01
6.478783561695560245e-01
3.080458703134034693e-01
3.987722890648456864e-01
2.266036623806475248e-01
6.167548843934750336e-01
6.419377649285236132e-01
1.025282428012685765e+00
1.036379626001606297e-01
2.920588270889564186e-01
3.878176427534058557e-01
7.071471727368647264e-02
3.755693663250006531e-01
3.893823647828930645e-01
6.351758492351544660e-01
4.735175269553157373e-01
1.349421409360674340e-01
3.136241040094494004e-01
1.834700834819627535e-01
1.007961027188977732e-01
4.051767192796387751e-01
1.141836916565208693e-01
1.518753648466407979e-01
3.228354821155978160e-01
1.956219741950497581e-01
1.644194182688604178e-01
1.458105493981845802e-01
2.113913056669848578e-01
1.871404761521844040e-01
2.371778199562366296e-01
4.064827756748007337e-01
2.287809197889942581e-01
1.373962458991970226e-01
