9.694057729139093027e+00
2.347103025745194138e+00
1.014734012663021767e+00
6.919162694815401693e-01
8.148482790429535383e-01
5.237409937364466694e-01
6.972420027544636856e-01
1.133070765990780160e-01
4.338895732527808108e-02
4.152723819602965882e-01
4.696538527052831480e-01
3.387835498676053936e-01
3.015217877805027036e-01
2.888369525623644130e-01
3.003710798796002668e-01
5.522013761921447106e-01
1.633594905469485381e-01
1.499684437433208839e-01
9.226175605355481368e-02
2.764587412694970436e-01
4.333841101183357192e-01
3.362355990354235491e-01
3.736355932296063220e-01
3.611077343651774019e-01
1.999297964230107860e-01
1.331494164755710474e-01
7.797815774062791250e-02
3.701386809741098738e-02
5.040586747068513673e-02
4.399461576564489551e-02
8.724592411626851118e-02
7.252256025857245492e-02
3.071326076880864092e-02
1.743028819355477432e-01
1.550402349292197834e-01
2.285328824853692098e-01
2.206563701359612606e-01
2.290641038522387707e-01
1.863456336353279397e-01
2.144828574762653040e-01
