7.991567149180790253e+00
1.726000707053853223e+00
1.506847955408048723e+00
1.564859498377814795e+00
5.203232026163343571e-01
7.266834994246988977e-01
4.276807499913817812e-01
9.295395242958731652e-02
6.365895747111322001e-01
2.112035729577927401e-01
1.780014976826560236e-01
1.076024533488347673e-01
5.654358522760227768e-01
5.612296649626272727e-01
8.760250862434312835e-02
1.072466358205593218e-01
1.385639642587202791e-01
2.312043045518721029e-01
5.807200565942492732e-02
1.842965190209567838e-01
2.866088973210522695e-01
9.861578263575014602e-02
2.415525068433257427e-01
4.305162531154876904e-02
1.734836028128524665e-01
1.341736354896335415e-01
8.099463898172580556e-02
6.084355427612335443e-02
5.852089930714430427e-02
1.511568152930850839e-01
6.190163756130546979e-02
6.151607380905893541e-02
6.716879737821386531e-02
1.019604757457057420e-01
7.302266705792977153e-02
1.041697273871448025e-02
5.783726952742054839e-02
6.585655638360020381e-02
9.801213937703902312e-02
5.244125602196514357e-02
