2.289462517716038548e+01
1.085563970434054148e+01
9.661396117755732149e+00
8.865317847890125336e+00
5.113898609087300429e+00
6.235347886917972815e+00
4.501703657570453210e+00
2.526390264507865080e+00
2.388352710275065238e+00
8.476174739046992146e-01
2.177140088872810519e+00
2.107333930104843933e+00
2.557369465778430495e+00
9.023729275729051869e-02
1.946806649650537624e+00
8.842591675239170890e-01
1.090829146722013698e+00
1.977230212753871230e+00
1.084751371044049284e+00
7.926029839397048526e-01
8.514271834478499557e-01
6.173703444770072268e-01
5.690200591239771288e-01
1.368059944965799524e+00
8.996290128091242178e-01
5.895610121915694224e-01
1.068589726642114712e+00
5.685264316057180300e-01
9.060164808908330869e-01
9.726227349722387228e-01
1.369751109456099458e+00
1.496726024672975441e+00
1.618430100155339613e+00
2.142220014998742261e+00
2.434557882957679720e+00
3.394478058516475549e+00
3.957478438801344200e+00
4.381356409342155089e+00
4.541065516490827569e+00
4.314466707441442672e+00
