1.203431449555697696e+01
8.138737049149172842e-01
3.011925254565217980e+00
7.772939456509145861e-01
1.595658925658636207e+00
5.578026374809795795e-01
6.546913054670626675e-01
1.198544924140783730e+00
1.161195985102476458e+00
5.098475267079605189e-01
6.402157161161778909e-01
7.101194194426125872e-01
2.206085669087110290e-01
3.784384497380354762e-01
6.966143407342080263e-01
3.997032857414039575e-01
6.294211280318633417e-01
1.350056702355112437e-01
3.030952455107824850e-01
1.948822193640173950e-01
3.395059876700518009e-01
4.233179302371029573e-01
2.555157590852197291e-01
7.181552082787224789e-01
6.446345518849593281e-01
3.483470692571079552e-01
3.597732520997313221e-01
1.636283051293417057e-01
3.158787321364665557e-01
3.840663175694383202e-01
4.431908645930182633e-01
3.522708150157130014e-01
3.524109658906173226e-01
2.477982187915010182e-01
2.447440824411518112e-01
1.525902546909619351e-01
3.443608790448044465e-01
2.431034766594462604e-01
3.574694547108370202e-01
5.742173543348438880e-01
