1.561301540893626161e+01
5.000604503877374540e+00
4.709926607971276269e+00
3.857015942942310538e+00
3.349129491694539329e+00
2.764035239326067650e+00
1.853316584461047078e+00
2.639637752728409836e+00
1.709797941903446139e+00
1.142970010834390759e+00
2.040509399716869954e+00
1.434697517795136879e+00
1.889106285370798943e+00
1.772312036714535521e+00
1.141008048645759221e+00
1.406554379264451704e+00
1.315630196893049941e+00
1.253444979785606206e+00
1.318794928986621651e+00
1.178008499642702711e+00
1.260342405928024823e+00
1.033646145069610833e+00
1.149739276630357132e+00
9.398871749377792906e-01
1.206638027551902415e+00
1.176912341770849135e+00
1.020515431842917042e+00
1.091970178144061832e+00
1.165240555383838750e+00
8.998501474762381491e-01
1.182962251414126031e+00
1.001164683087758744e+00
1.186860618737611617e+00
1.126996187033734609e+00
1.118106898242014369e+00
1.084445687948832671e+00
1.197369755452670770e+00
1.199670776221013258e+00
1.144285347315803669e+00
1.190071345071888054e+00
