4.478681052305427102e+01
1.578230291698415888e+00
4.585289419570050207e+00
5.123934981670975830e+00
5.958092927562014252e-01
3.476936774851488554e+00
5.433040476596942447e+00
1.085006956650306220e+00
1.925001848651217262e+00
1.591627679990061717e+00
8.215521431904947436e-01
2.831857286910184346e+00
1.131385814533369727e+00
5.277167455102543814e-01
1.515959786865300307e+00
4.133669876237893726e-01
4.839312513627681001e-01
1.634890672597238526e+00
8.969686334746154177e-01
8.075480338008729220e-01
1.667917224985722369e+00
4.413822267729313187e-01
2.363480976219068386e-01
6.214371548176025328e-01
6.182863575762177488e-01
5.533608061384029941e-01
5.680126487822063641e-01
8.314968177834587415e-01
2.659563401372334601e-01
4.895959140085435757e-01
5.892812329007004468e-01
4.547583487275075886e-01
8.092674919210502971e-01
6.476169462798887499e-01
5.752513773946175135e-01
8.555443578192118981e-01
1.037759208335248040e+00
5.314794943424949736e-01
7.512092536684293886e-01
1.081071436814837750e+00
