2.034473917720169567e+01
1.337380848864623051e+00
2.764422125053441093e+00
2.999330534259413206e+00
2.822677450415280176e-01
2.530041326841215632e+00
1.497485631670458783e+00
1.200484150060562749e+00
2.813073178927307350e+00
1.533360598057669444e+00
1.165279560601162778e+00
7.122376252904802918e-01
7.141502906355127189e-01
1.083498571333198157e+00
1.005915556882841955e+00
4.822429100464887264e-01
9.462349373656852025e-01
2.088994577552568399e-01
1.092039743877683211e+00
1.021675787242632305e+00
6.701794582728186622e-01
9.525308278034805287e-01
2.868968877786235439e-01
7.133089558184945167e-01
3.088382424063267906e-01
4.484973601735189885e-01
6.106152605870509564e-01
5.546759701752305149e-01
1.673331526951649662e-01
2.958005914348517673e-01
4.094075629260001126e-01
2.632143832605896017e-01
3.037284012129625177e-01
1.736378688092406752e-01
2.565980992792162296e-01
4.486083931859810581e-01
1.219013739146612846e-01
4.730300533528491447e-01
4.355926391559424293e-01
2.621061631366822797e-01
