5.607657938195325897e+01
4.439763781299598477e+00
5.712978219202711649e+00
3.976382116571863357e+00
2.535268481569460164e+00
6.342319719684318180e+00
6.312473581359332897e+00
3.772835396289912158e+00
2.429506847014052173e+00
2.675506848904504409e+00
8.152481445002317528e+00
7.111888556497847347e+00
1.691719872072752651e+00
4.319188383985324897e+00
2.869124744588775755e+00
6.776878343779654479e+00
4.022338755718676495e+00
1.278430147235613434e+00
8.983680228485118047e-01
1.724639636114565278e+00
2.039230373514253625e+00
2.185860750966802879e+00
1.900812989604936387e+00
1.016796364633213434e+00
3.038042798932726996e+00
4.789975175675333374e-01
1.477446835987985541e+00
1.540500069829875196e+00
1.005659163079413831e+00
8.699823499054635256e-01
3.625856302194681025e-01
1.131533234313940151e+00
2.185466738061912384e+00
9.019543401276429728e-01
8.675598277061745689e-01
1.466288912596077409e+00
1.233752445796242325e+00
2.208726021902470915e+00
7.792884236821696620e-01
3.421078462682686783e-01
