4.018995019665019441e+01
3.090780906608351586e+01
2.026261335462825031e+01
1.192028480989706729e+01
1.304730298935602839e+01
1.852546897170924467e+01
1.963631673131725819e+01
1.699104407830487773e+01
1.133128345129109071e+01
8.106907516626494115e+00
9.972044029450122693e+00
1.363166545305004718e+01
1.420901394970952047e+01
1.149130149523585587e+01
8.094090231371902533e+00
6.151778936929913399e+00
7.398625592848351751e+00
1.054545301265063273e+01
1.168257752250193704e+01
1.185478113277649648e+01
1.009432686953637770e+01
8.223001113893371183e+00
8.241876491138336647e+00
1.092678038275828989e+01
1.184827941390135386e+01
1.095906507228790971e+01
9.401707580059246894e+00
6.909111383185878807e+00
6.881845049647321133e+00
8.124952853139905784e+00
9.414343315664984502e+00
9.810762906004095285e+00
7.981364406474326323e+00
6.341267047058488870e+00
6.534817164777950715e+00
7.252348737132147782e+00
7.893402026472022825e+00
7.099755010155667456e+00
4.780935832541592490e+00
2.366673024548915372e+00
