3.007811885547792663e+00
1.297688340270450602e-01
1.190984989233466462e-01
1.476907741589092993e-01
1.715259962257886101e-02
3.527416429908027118e-02
5.492993920415426695e-02
2.477441115571581490e-02
1.526765445089238969e-02
8.859643916415627096e-02
4.845559619527176065e-02
4.803164918483984053e-02
8.862903025304931515e-02
6.576243881905990962e-02
1.726620146928463384e-02
5.500079760731015760e-02
8.593682913662811784e-02
5.496407673610330391e-02
9.949596767862392555e-02
9.663241138854287982e-02
7.622675107411358564e-02
1.042441547144420944e-01
5.368735665662047185e-02
8.872743920936143613e-02
6.149681286111943063e-02
7.697993583472829277e-03
2.086564533996417697e-02
7.077675341462612291e-02
5.923491999020435994e-02
1.449710021008371597e-01
7.148187730553993979e-02
1.336669593021277136e-01
7.647191480808238073e-02
8.296965261512426193e-02
3.734504779309374967e-02
2.080940866823961094e-02
8.069335201693278448e-02
2.092129394081799348e-02
1.308473292543994582e-01
5.767074132613303483e-02
