1.369035471962653006e+01
4.962437447312111338e+00
3.138161498468539534e+00
4.341389637010490965e+00
3.713911233534032519e+00
2.289642737384122384e+00
3.479404404653671623e+00
8.914522222242025062e-01
1.835142161386518866e+00
3.826447422850923541e+00
1.927351917209392029e+00
2.868621975614620734e+00
1.614430981119940212e+00
1.123166807535968648e+00
2.401513945169635011e+00
3.241322288220086278e+00
2.024297861025459166e+00
2.176072354227167160e+00
1.597087117890226393e+00
1.403527484544152548e+00
2.009831435517686060e+00
1.678874170891960338e+00
1.972584278919991663e+00
1.980779825197136246e+00
1.522594827019604802e+00
1.742307573139155075e+00
2.045718088585301686e+00
2.029915291411832357e+00
2.429646706386747290e+00
1.918333102056799300e+00
2.090178111494544133e+00
1.762421802195410558e+00
1.908804823596644828e+00
1.619154781879690530e+00
1.609087565463815261e+00
1.182744077392803295e+00
1.488600798283451265e+00
2.125021383765761218e+00
1.283602333171327325e+00
2.033284158856103030e+00
