8.235663638157401323e+00
1.006484244995443644e+00
7.478674450381179728e-01
4.085720048870044030e-01
1.215045848452755095e+00
1.373078130049167900e+00
6.657894069959605643e-01
3.556580846655100769e-01
6.488981850501515103e-01
5.381772034281505357e-02
1.062183271212195024e+00
6.183541162640002753e-01
7.718181879383314570e-01
4.942472423711186114e-01
1.197558586599514752e-01
9.000747927824634953e-01
2.116919331719025188e-01
5.953031971961850743e-01
1.553371227787415376e-01
2.851368112628001605e-01
4.728496067556235416e-01
3.792206812435826579e-01
5.257468593279603919e-01
6.212019779777537831e-01
1.995018034370265106e-02
8.265588997123632931e-01
3.050193899586208790e-01
1.621518620518122289e-01
5.791150146499858264e-01
3.629178745524104799e-01
3.393097136618551390e-01
1.581832619693613884e-01
1.676424050030401180e-01
5.212957154081420130e-01
3.248329120033517370e-01
3.139879150394863649e-01
1.392356937898041325e-01
3.460311213339274383e-01
3.689588409005959413e-01
1.479913059376004696e-02
