1.885015270731174652e+01
6.344456870474016519e+00
5.130169206212363164e+00
1.259876848689749584e+00
7.213277275149565515e-01
2.977199370309263848e+00
1.705832390617797234e+00
5.299797457766252107e-01
1.644285101357908729e+00
2.886570268837886921e+00
1.162274041730964935e+00
2.187525890993714306e+00
1.087039750841657826e+00
1.683190097464417834e+00
2.387619165161555923e+00
2.528623564393624346e+00
2.150466155719074290e+00
1.773943082528394610e+00
1.247988073100697592e+00
6.246033325984957640e-01
3.324992267712678640e-01
8.132935066986782813e-01
4.750047744914224213e-01
2.199811455810209149e-01
4.585959339881393038e-01
6.163818167687874494e-01
7.802544550932740686e-01
3.834175427550665094e-01
5.341306273012600414e-01
4.835727099832742293e-01
2.996873949451119845e-01
3.395852783342959147e-01
7.789981390126695660e-01
7.759090668918506850e-01
4.352655128050748057e-01
1.519939528391860972e-01
2.903941986776378270e-01
2.328691253733232158e-01
8.766912288967471101e-02
4.473903689054242183e-01
