6.841973227168018923e+00
7.231337860913790161e-01
6.692656969262441580e-01
3.081394766879543834e-01
1.214894330708794712e+00
9.069491250212868838e-01
5.187728522626384731e-01
3.537265748219033390e-01
4.590279573397950535e-02
3.935438332817335350e-01
1.508043287277271716e-01
1.194436665508374629e-01
4.862328631248588606e-02
1.247083944369769687e-01
2.012073062984507527e-02
5.685821913833698921e-02
1.579470715231101607e-02
3.955624481431754824e-02
3.447580249626883142e-02
3.550384910459843113e-02
3.038874693134865565e-02
3.255150855142086019e-02
2.363299324276612809e-02
4.187613871492799206e-02
1.219469306279482440e-02
3.645143306424548230e-02
1.238353533328818284e-02
1.390957375081486834e-02
1.180724150423257540e-02
3.199435321215116090e-02
2.263389975147716421e-02
1.145320352395804223e-02
4.136296912665700376e-02
5.454647955169458079e-02
8.482618347903725722e-03
1.664038584901026893e-02
6.925413347539790404e-03
7.341618111319907561e-03
3.441423686976667617e-02
7.530408311292845387e-03
