2.523087212277297198e+01
3.338069346851292085e+00
3.866580020852201649e+00
1.482952025874809232e+00
2.126159192080606442e+00
1.689264175030335435e+00
1.167428519342028626e+00
7.528925369506996867e-01
3.618436444924953754e+00
2.326749239699267946e+00
2.487958254443229489e+00
7.853188134011811483e-01
2.827929538802741671e+00
2.537434659943619497e+00
4.959617004821921249e-01
1.268691132496484908e+00
7.684194215807845785e-01
1.594592200302357599e+00
8.143571591478512284e-01
1.020372082640827127e+00
9.910653346290644317e-01
1.627732367556057991e+00
5.334739960087779842e-01
1.917855508431791089e-01
6.509935123019565673e-01
2.058006106635693888e-01
1.821351498207794684e-01
7.577701872603819222e-01
5.623697328945624907e-01
7.088153755365589337e-01
1.013307226858719989e+00
8.061265659552937501e-01
2.964824302005339418e-01
5.336380919922447674e-01
3.923302876811289863e-01
2.573114478158142204e-01
5.103706496861495356e-01
9.813810243120586752e-02
2.769914784199077329e-01
1.512241377252686314e-01
