6.873395091422967340e+00
1.262495061871050872e+00
5.928991637409541937e-01
6.423142137106947480e-01
6.357676777788681122e-01
1.012094441555456470e+00
1.115423225821752240e+00
3.072515126954817322e-01
1.854165230447823998e-01
2.283836377452257427e-01
2.256628286766280134e-01
3.389560192305953179e-01
2.346119353081144998e-01
1.286308672736689307e-01
2.114884422975502887e-01
2.063299478254082830e-01
1.299489414746458626e-01
1.814752683135076039e-01
1.258730113100378079e-01
1.142656505387770888e-01
9.069280652285481581e-02
6.687959152611255842e-02
9.428548195003846888e-02
1.381844656678920258e-01
4.285789651760615881e-02
3.398226644696288046e-02
4.222554680947070843e-02
1.188422846070748551e-01
7.402911606222326024e-02
5.364512619827455780e-02
2.327753308920047989e-02
1.535991713966304746e-02
5.365717903015446155e-02
3.791768438230712357e-02
3.040215849901262493e-02
4.517821875439684276e-02
7.887369158331475338e-02
9.151251134538969378e-03
4.255944821821264906e-02
3.143442452121606584e-02
