3.040867846849197065e+01
8.964446308773039718e+00
1.982145874511654693e+00
4.169118277376777648e+00
1.573665316663148905e+00
3.150670477795123769e+00
2.485887386386923303e+00
3.116152082204698637e+00
7.527353075482688949e-01
2.615222639371745039e+00
2.108728823006221997e+00
1.559752687553225492e+00
2.187389580098989761e+00
2.236258099896023754e+00
7.641361864097532264e-01
2.816463027302284150e+00
1.772242524751972859e+00
1.168102855567475951e+00
1.228809401700580395e+00
6.069673345648278762e-01
1.237122038596863982e+00
4.231690000716039624e-01
2.612050724925843337e+00
1.417074829184010065e+00
1.693094789432300962e+00
9.093889725603351293e-01
1.795931655883228339e+00
1.512387069778456272e+00
5.062306864473474777e-01
1.245795305825325938e+00
6.899720141924802208e-01
9.340301549371998746e-01
2.413770841300733050e-01
1.775245584741130145e+00
1.299103181828226816e+00
6.021629584793100065e-01
1.388655883942292668e+00
5.688487179794270432e-01
6.580256472644762100e-01
1.950327209115489679e-01
