5.669902462561880441e+01
2.864638908186757593e+00
3.500150073704800135e+00
4.561178277037379658e+00
3.162994647825116079e+00
1.052959575949603277e+01
2.367708772362917102e+00
1.725057810638356282e+00
3.835417723859491090e+00
3.447986637225191497e+00
1.194435905230867867e+01
4.141650464752059335e+00
1.565336685547688012e+00
2.954617724136546997e+00
2.264295042262588709e+00
5.700179693044585605e+00
5.226844871949226423e+00
7.197578757251359427e-01
2.544197651005628114e+00
2.673250626028162102e+00
2.100465931051669788e+00
2.425532239192184303e+00
2.026979891184845339e+00
1.284383244516468903e+00
2.098121875415661197e+00
9.960069540360887430e-01
1.536336492948983778e+00
1.660107809468535311e+00
1.546264081425775538e+00
5.283389255488338820e-01
5.471488800238969580e-02
1.382459265531724935e+00
1.897991270346736536e+00
4.582413578126847686e-01
4.816403919613040374e-01
9.233678902876588657e-01
5.397180101691534393e-01
1.810954752878832563e+00
1.601675615697978561e+00
9.524613561174349874e-01
