3.045086100730239664e+00
1.439862354800537925e-01
6.120562270978575220e-02
7.654107237493301685e-02
2.755119524090559602e-01
2.766674816681151117e-01
2.372957146493547831e-01
2.934063297607634735e-01
1.192387512717376225e-01
1.025352235425807668e-01
8.784499478000920569e-02
1.729983411027152529e-01
1.408982960887366076e-01
1.352388004696798429e-01
1.068142870188065335e-01
5.178921107792797129e-02
4.286279245608456967e-02
6.096686497171727170e-02
8.220056591669007429e-02
1.402856713779825903e-01
1.090170486128677341e-01
8.478600365391734950e-02
7.068676309679131076e-02
1.637206739217163601e-02
4.641596771018311612e-02
1.186747278593715087e-02
7.565661031139986337e-02
1.261861338611819650e-01
1.042292825561099978e-01
5.115599478450567200e-02
4.767663160843105957e-02
3.430046164226636940e-02
7.407156521043536945e-02
4.507907658034938925e-02
4.083812001839836475e-02
7.752850820956423000e-03
2.094497434126665891e-02
3.245607235576557920e-02
2.800856937838954938e-02
3.457752409915539060e-02
