5.982822739319258787e+00
6.620642558731864025e-01
3.598384585515134598e-02
2.347857804863234532e-01
6.300689739120622912e-01
7.690724179773464897e-01
7.115121305477921654e-01
3.811526047867325739e-01
2.471318965086688468e-01
3.499833687272783656e-01
6.787982140700739020e-01
3.119625551461440160e-01
4.375644007294670068e-01
4.333670390033859676e-01
1.884407270622866226e-01
2.279064594718749892e-01
3.001160468150673166e-01
5.762829387697432360e-01
1.816340435511128726e-01
9.831588056062873227e-02
1.528032812271497287e-01
2.702150868524221261e-01
1.369632830618722763e-01
3.994209151448331885e-01
2.500344009944218682e-01
1.832005804280458228e-01
9.890132289700041823e-02
4.419508792622452997e-01
2.874924078517986925e-01
2.165536813750907896e-01
2.855737878286739306e-01
1.023949983347892945e-01
1.467668379656817679e-01
2.134216444024758241e-01
3.365269947830075714e-01
2.080411106849368308e-01
3.134558544167864169e-01
1.957169630749013844e-01
2.951799190779578752e-01
1.629484505007996187e-01
