6.379859120539983053e+00
2.811763945792410624e+00
2.292480478584575820e+00
1.745737922514326357e+00
1.317411648217167608e+00
7.169846740927924289e-01
5.365672228326625604e-01
4.378610875834800242e-01
1.079541391951373552e-01
6.109753505686053021e-01
6.797242766725795082e-01
1.009282390984499234e+00
1.121262352268650675e+00
1.222919216337178927e+00
1.158160428712474266e+00
1.067512948453866350e+00
8.776323052323605767e-01
6.681073824048151533e-01
5.317937526240511525e-01
4.394647237899529379e-01
3.416002396916522077e-01
3.783242736681214913e-01
4.662321267867760577e-01
5.467839106276963790e-01
7.688730898143255610e-01
7.586046890234208195e-01
7.421176753053162489e-01
7.610582796982388043e-01
5.582044459856803087e-01
6.181907568794343666e-01
4.624238210047791342e-01
5.288997801102023333e-01
4.433712129497179855e-01
4.723404163422391111e-01
3.867752083696716081e-01
3.448307027753376719e-01
3.272911706637399165e-01
4.081197602571743910e-01
4.222143964761652102e-01
4.476785173062974299e-01
