3.046948540466501143e+01
1.318240467664879034e+01
1.117851405653930996e+01
8.005972401935540717e+00
6.233953140570132057e+00
2.769810339188788717e+00
3.794197170324934643e+00
4.552078409412521509e+00
5.268002226484041373e+00
6.256787280423097286e+00
4.512927181560652201e+00
4.303637079169242874e+00
2.839400140181285170e+00
2.809557275695378831e+00
1.927579201751043581e+00
2.842608721862745380e+00
3.421435717026860335e+00
3.605272627517010164e+00
4.543470383721766481e+00
4.514050652580944956e+00
3.298091386068088493e+00
2.870613157446201047e+00
2.131246943148553896e+00
9.833644357778512646e-01
1.801606005123902010e+00
1.425115951264267933e+00
7.096531212582677384e-01
1.729260084822356935e+00
1.287626044697134819e+00
1.464966214222482188e+00
1.761515092098215218e+00
6.222111288670958418e-01
6.320252500576427623e-01
6.500502602326192481e-01
7.158348741564263262e-01
8.329054105437345701e-01
1.004117406060686335e+00
6.296369895904710967e-01
4.045763317951825977e-01
2.384805066524421091e-01
