2.003561126038144380e+01
7.151402832001187981e-01
2.735021950740436747e+00
1.245224410371691848e+00
2.270661690161186463e+00
9.691046295439097458e-01
3.749917039188768730e-01
1.492801623033254699e-01
7.132295734457630987e-01
4.510129984530667491e-01
2.880050662344850743e-01
1.614959862789061784e+00
9.649251563420536693e-01
6.625793524906752330e-01
8.222029708464321240e-01
7.093295422467483791e-01
7.258051646726405570e-01
5.504602476093354291e-01
1.572828166866244715e+00
5.001720650468778340e-01
7.115117262726687875e-01
7.093880415137590045e-01
3.933695988439595559e-01
8.778823516672938920e-01
8.590266257731785648e-01
9.217368133613091929e-01
6.319034160810901302e-01
9.484181494129554357e-01
4.488616684702677606e-01
1.633965785379986463e-02
5.013686874903486856e-01
2.298896263553097119e-01
8.014302230601337840e-01
5.030918415186690362e-01
3.767335825828317941e-01
1.139432631180738870e-01
5.812519682611435590e-01
3.100057799211821535e-02
4.063328507200936190e-01
8.955572288950203186e-02
