8.163319582904827953e+00
7.402478933157454755e-01
1.531241731113345272e+00
1.914374422206995829e+00
8.133936825126666381e-01
1.839431986391997453e+00
6.424859048546581741e-01
6.395293529567974700e-01
4.990824074625750950e-01
3.601705801456050460e-01
4.481702439732930809e-01
3.827931436934557397e-01
5.952378023031192067e-02
9.718248914436442010e-02
3.181894694433809456e-02
3.150537952856148349e-01
1.154495461181293398e-01
9.254808703368448686e-02
4.306457555997557363e-02
1.915207455054485364e-01
1.298998763472389850e-01
8.505530844501736631e-02
7.439513871049745208e-02
1.295407859519780436e-01
1.449648405867320633e-01
4.325639009855919426e-02
9.554920085946043418e-02
5.924836085730251362e-02
3.509323700663685708e-02
4.501274711506351306e-02
1.856777390186240342e-02
8.662738244844989111e-02
3.609611372572846255e-02
8.865535003728641783e-02
6.884630520097122230e-02
8.743808675336418867e-02
4.382011947294384840e-02
6.930014746246719592e-02
1.326203629220134017e-01
7.053644031751435395e-02
