8.858658932758469717e+00
8.614324829181072563e-01
1.766002340861099196e+00
1.047592698661993893e+00
6.220333324971489830e-01
4.008004816604406051e-02
3.331756843934411960e-01
4.693548513963456403e-01
7.183657001311268830e-01
5.572746062051847638e-01
2.405486051279444315e-01
3.178868740224017331e-01
8.380104935188990856e-02
3.359858024421533140e-01
4.624762732016471367e-01
4.514427592207435613e-01
2.509958888973617963e-01
3.602265617476573811e-01
3.295734343137439182e-01
3.715261725372954182e-01
3.091585709975758212e-01
3.232659769584153575e-01
5.806371313456978323e-01
2.450232735520433691e-01
3.122457984697704081e-01
4.471759594168998042e-01
7.872991113330814195e-02
4.218787309908220706e-01
1.279990557625872438e-01
1.512299282798886535e-01
2.413663239270793237e-01
1.041649211181096962e-01
1.841072655717366224e-01
8.419069011630057886e-02
1.002641581784091684e-01
1.399881117407233977e-01
2.294070747442681912e-01
1.404867392391087599e-01
1.575934485540090024e-01
2.497912582231616441e-02
