3.521608368027925451e+01
4.141323448093637283e-01
4.452137670397221525e-01
1.999104495916523838e+00
9.346515917124155193e-01
2.077035579726054682e+00
9.990842613902840563e-01
4.454873418934235940e-01
6.718158169687614700e-01
4.846067483855208691e-01
3.166348209294808647e-01
6.949865677980395340e+00
7.919795344778920443e-01
9.166552733001605002e-01
2.475911802485747160e+00
6.693991201124596113e-01
2.610241347304573356e+00
1.093047915399382619e+00
3.345065469732506624e-01
8.195479819316046077e-01
2.980712960362105757e-01
1.152053805802747632e+00
1.879203256664979893e+00
7.717281924561054662e-01
8.051459874064907929e-01
1.667906182812960880e+00
7.290969242351256208e-01
1.245839198149025773e+00
7.781870096240350865e-01
7.890008533843406724e-01
8.250721129537017529e-01
1.403893907394174745e-01
8.756693604853464930e-01
5.845700809914866625e-01
4.326640483773638302e-01
3.675957307736584245e-01
9.325481409424373203e-01
7.152153631613421547e-01
1.668147299998660738e-01
4.324311598090065378e-01
