7.514650241545655085e+00
8.832300110309603269e-01
9.786178217609384777e-01
9.194549543657437596e-01
2.569167584239490099e-01
4.694769082853126885e-01
2.994492791926045006e-01
5.720351081346960465e-01
5.303396164313705086e-01
3.826976928254928190e-01
4.920960776644160428e-01
6.080321584141226143e-01
2.916563202664121945e-01
9.994916221685534730e-02
2.805982428528782102e-01
2.588111874907128018e-01
5.083562983634263427e-02
2.222153476202035904e-01
2.246046978271717676e-01
3.175242512045385324e-01
3.146679671323792532e-02
2.828406493631747121e-01
1.900246760711503955e-03
2.270868391745496095e-01
2.004928471557320679e-01
1.102951674776325025e-01
1.799731007773577862e-01
8.022931166485941512e-02
4.390597906132368000e-02
1.441272804633375072e-02
1.073468541670490918e-02
1.205246084419371311e-01
4.341136713901056626e-02
6.938146286367180560e-02
7.923706067040137135e-02
1.961936909358059922e-02
2.028695732177284231e-02
4.013923258013686601e-02
6.395291468327689299e-02
5.175167420504302174e-02
