8.186152613248115273e+00
2.279410140322498002e+00
1.118623750330281830e+00
3.869689430278366316e-01
2.580419366388210789e-01
7.410730901182235320e-01
4.332105851740812863e-01
5.377837012554798068e-01
1.241476798130507347e-01
2.906206781026394737e-01
6.848232826674846008e-01
1.569636507129775482e-01
2.784772715516143915e-01
2.700258824071081198e-01
8.268985820117773500e-01
7.886744358218346074e-01
2.904898055104518373e-01
5.266814274302495935e-01
3.848038762596149298e-01
1.610028066847933315e-01
3.444666799139801117e-01
1.300381833584967617e-01
1.243524686021214021e-01
5.140707386596347073e-01
3.456212778860218715e-01
1.844565756000586254e-01
1.303366833200346464e-01
2.746880237436676309e-01
1.282054445767312756e-01
2.426112938082254922e-01
3.687452807017011502e-01
2.233376318837788366e-01
2.378732952821918933e-01
7.466862402812275701e-02
1.321801567452039750e-01
1.531928931170561392e-01
1.981459419897534380e-01
1.398361569274163829e-01
1.199932141754276038e-01
1.405195834557735057e-01
