1.474333559202973731e+01
7.948434484572783898e-01
3.217926016139634471e-01
1.602642706586983490e+00
9.640602537666462801e-01
6.803877619078215755e-01
1.062609246892465720e+00
3.397516075600301444e-01
3.422357835685772565e-01
7.643783004140206616e-01
1.161795743547542337e+00
1.944974790269530518e-01
5.248989436633642036e-01
8.308743902408350923e-01
9.185265810381818552e-01
1.168755540578711560e+00
9.543159563081773378e-01
2.853377708687489522e-01
8.286810591381424951e-01
4.332751059586910647e-01
4.276476529939234328e-01
3.717573463611925644e-01
3.237834122667601067e-01
4.784867863316369374e-01
5.082292800017433887e-01
1.919531906426124035e-01
1.124983705813810575e+00
2.567218541399283183e-01
4.320801705582535401e-01
2.077517324718481384e-01
9.071291244772219375e-01
5.028561805478317659e-01
8.279918410943049034e-02
3.736471035464918877e-01
2.119979478232796588e-01
1.654170735958450378e-01
5.193287275189006902e-02
2.630862750743957479e-01
3.605274690036437413e-01
1.161967877050726211e-01
