5.483739928939291985e+01
4.556037717375883922e+00
4.438973698619222752e+00
4.429766056680505493e+00
1.498415285676207409e+00
6.203739276483863918e+00
2.246064364109465306e+00
2.615931502621429594e+00
3.151211877956676233e+00
2.813742200193747323e+00
1.334784346095832852e+01
4.496829031424581125e+00
3.979472461182542165e-01
4.334734058680520086e+00
1.294148120799478718e+00
5.017985500769949425e+00
3.255377733250744754e+00
3.265279559155276345e+00
5.813744964409282012e-01
4.625255000685295492e-01
1.208846812489705824e+00
2.657646131244306265e+00
2.276519470928984656e+00
3.305168337068465689e+00
5.906440443840739185e-01
1.696087006204229475e+00
4.215806954436627230e-01
5.679495294395767724e-01
1.852934721652263139e+00
1.434951487126628900e+00
1.498823614908935120e+00
8.580357452064800716e-01
3.280526947322895959e-01
5.382961724963540862e-01
7.259782975856566845e-01
7.823569248793708075e-01
6.380779346268442564e-01
5.694166461772246501e-01
7.164605465010418506e-01
7.896639698668060925e-01
