1.608493575421769961e+01
2.664898278062754144e+00
1.190594896979847661e+00
6.455790786298830630e-01
1.523529680172360568e+00
6.681678385416076615e-01
3.030912502099632810e+00
1.460229729285794642e+00
7.417055647764486670e-01
1.069121589549241413e+00
1.115898260583459978e+00
1.019204007625329700e+00
1.023594354316979871e+00
1.177633979938494946e+00
5.957190452841150119e-01
7.551973593962532094e-01
7.118288561027100725e-01
9.226913373878726787e-01
6.888195941874001305e-01
5.898990532318215685e-01
5.894543901996158741e-01
7.616540122446507910e-01
4.983014436927292179e-01
6.122378890611936963e-01
4.239306206135811522e-02
2.830909978302088015e-01
3.180136294774389416e-01
4.315665362396929883e-01
3.788892680486755093e-01
1.520529854290143534e-01
9.667516641653040033e-02
3.356552462439011397e-01
2.123267573063843117e-01
1.770217857476238943e-01
1.026806573219204849e-01
2.776423117229454007e-01
1.259499181497341323e-02
9.063707412068952585e-02
1.835410560802730184e-01
4.503565081162506922e-02
