2.588132754413548042e+01
1.858721461040477196e+00
4.583448734040120875e+00
1.902454384950627686e+00
6.810318529192739279e-01
3.444081236726052264e+00
2.667420983076442820e+00
3.675954365843684180e+00
1.548510419722852305e+00
1.691505181125823265e+00
1.014863368452541215e+00
1.371600476602966800e+00
2.541853041843777028e+00
2.846666024562620745e-01
1.008299467068052513e+00
8.917470441089573319e-01
1.431323954684598221e-01
4.391187600836222171e-01
4.978722951505926142e-01
1.081528175645075196e+00
1.019747731277635294e+00
4.094889286018359997e-01
5.145961679043882242e-01
6.719498402147440208e-01
4.528408444704063451e-01
2.898838416249830408e-01
3.481749208208874680e-01
1.901198279916738176e-01
2.861054501555265750e-01
3.781277031683857315e-01
3.833210616030750528e-01
1.788075038164323727e-01
5.898927782837882772e-01
2.294789248699445894e-01
3.178398057108599017e-01
2.467155478751139053e-01
3.611384786405992808e-01
2.167518611663888650e-01
8.741351485582987690e-02
5.009271937946548903e-01
