4.049361428229440918e+01
6.573364317790534983e+00
2.639178427057210286e+00
3.187290933566143458e+00
7.002160274858121314e-01
3.505329489397895681e+00
2.274325892086072720e+00
2.044350711098837259e+00
1.240840657539373781e+00
9.170546580454599361e-01
1.905874791200929286e+00
1.213349236023437028e+00
5.403770016402316134e-01
1.757084697120319339e+00
2.271264138387288689e+00
1.091836850872970333e+00
9.353029358071540678e-01
7.541747718249635080e-01
1.036645293191852391e+00
7.262970277663693963e-01
1.066111593233908666e-01
4.277087598420890036e-01
1.547149977542064958e-01
5.889267435889469077e-02
4.473490026336157110e-01
1.323431511102582725e+00
6.158679313330039928e-01
1.005503940834173049e+00
9.429573914199878004e-01
3.828958418869540109e-02
4.522525475462399469e-01
5.242577049054768512e-01
1.768108806837260516e-01
6.864892221530803917e-01
2.287692284983082469e-01
7.171609527621869429e-01
1.157650857574359593e+00
1.121893893148717014e+00
6.437077884779061066e-01
3.234482043610992230e-01
