6.808779295917514673e+01
1.005281079356223906e+01
1.671355431204048614e+01
2.600547126034137513e+00
7.948918446145540884e+00
6.409188858264677435e+00
9.482381982154413080e+00
2.374335571933213540e+00
2.530563847276100287e+00
2.139077313893318788e+00
5.477805100342409084e+00
1.715481989898262949e+00
3.491892505891583287e+00
3.419550730820847928e+00
3.988000571891867185e+00
1.025811179864340561e+00
1.310415635169849047e+00
7.960010644105413036e-01
1.952820555917034850e+00
1.196768893006187717e+00
3.252637092027473198e+00
3.566517709027402283e+00
3.446745336540274707e+00
3.363906014335192207e+00
1.873649233544926629e+00
1.523497353913848773e+00
5.027756946630956847e-01
1.277029737840777779e+00
5.783797743927433510e-01
1.001878919476594687e+00
6.822300346197818222e-01
9.783209257821067206e-01
7.278457955370708221e-02
1.481654923070008678e+00
1.301576278594624991e+00
8.587326229650472653e-01
2.635000887348196930e+00
9.211682216888431585e-01
1.347996564787839135e+00
1.271226836512141301e+00
