8.417038205017401253e+01
1.219968652456668190e+00
1.408907601922829045e+00
1.261236143131499565e+00
1.140949281405070792e+00
1.410675314951292725e+00
3.467903403072038482e-01
1.361595225260431530e+00
3.341789113009163703e-01
6.103769615377435676e-01
5.511229808801498820e-01
9.281292513145102951e-01
6.937853236960138392e-02
5.543492937274907550e-01
7.247235677078666116e-01
7.281483809601277946e-01
3.306842521936878554e-01
5.244106575792604197e-01
1.933384775424449309e-01
6.185553599052543566e-02
3.679602938017758618e-01
2.423628236365642508e-01
6.180794692205326957e-01
2.805444488651051005e-01
3.691092781712978499e-01
8.847959825851695603e-01
8.127252863602916211e-01
4.150026305218888489e-01
5.416594818575499737e-01
2.929543787663538845e-01
8.668981828400745826e-02
6.068795208223196624e-01
7.059579415301474592e-01
7.828754490418129430e-01
5.225175552160273851e-01
2.883124713733747901e-01
6.556346838618501982e-01
7.796804262119814144e-01
5.416074754260612467e-01
3.682337057334576502e-01
