3.692612174305887862e+01
9.313651694172774498e+00
6.679350617021076353e+00
1.879042537351906628e+00
1.689637122471986386e+00
3.320379053505296163e+00
2.991986685239528043e+00
3.194418957723041963e+00
2.066014144543086850e+00
1.508552035072361130e+00
3.756264606262433414e+00
1.745820041413874701e-01
1.547574119502489687e+00
1.668233158679881978e+00
1.679480173681721367e-01
1.015318897132929887e+00
2.915819006848908157e-01
2.347411008186709225e+00
1.742075018784060125e+00
3.222344388251622060e+00
4.147140950776854740e-01
1.327447898891199740e+00
6.340883138702556598e-01
7.738014700638723431e-01
1.209438708270840435e+00
1.053943301439382418e+00
1.367213993155274032e+00
8.531883454972611913e-01
9.943599730945658077e-01
8.206254599508618908e-01
1.762870856478329640e-01
5.766202191176502678e-01
6.487247510469373868e-01
9.409200504014511024e-01
5.366567927450043296e-01
3.812529528521553801e-01
2.623125686598644646e-01
7.541136140446162983e-01
7.393121548145609179e-01
6.476862171401204238e-01
