7.195388526170059151e+01
1.916508648484796140e+01
1.425445665440505438e+00
1.339201278899633252e+01
1.956460756667372891e+01
1.376235600010213922e+01
8.282567048483368666e+00
1.388561989975542232e+01
1.707093452793342792e+01
7.063385811949673077e+00
1.108430559801266035e+01
1.646544686770371513e+01
1.064166792855598054e+01
1.072897029283221215e+01
1.485200592751556314e+01
7.051678852223561833e+00
9.978758222358298013e+00
1.236392649623227413e+01
1.099904373822657710e+01
1.162734579689425196e+01
9.891132833118417622e+00
9.827313655508977064e+00
1.028415373610945949e+01
9.336605013511009687e+00
1.237878162706649476e+01
9.421159757705069637e+00
6.208562407454030208e+00
1.707247404921118417e+01
1.515558354000778962e+01
7.653665424631140191e+00
6.135352994321840114e+00
1.204722209269401034e+01
1.005477919226862227e+01
8.783170096564836271e+00
1.085481547813615322e+01
1.465311028631898971e+01
1.026989906620863380e+01
3.053089488309630006e+00
9.921066439482652655e+00
1.184064537301689590e+01
