1.296947361338272060e+02
9.489851067109583482e+01
6.050411368951849767e+01
4.113749896712410248e+01
2.487580795888114338e+01
2.195764372046654600e+01
2.288387984807322439e+01
2.203377999130478671e+01
2.246209407500671418e+01
2.154397899081168788e+01
1.667407335761783571e+01
1.279013772776772306e+01
9.541326164844107893e+00
1.157091535690183015e+01
1.343366230793296623e+01
1.503970531893196672e+01
1.361722200095770319e+01
1.271565891827393635e+01
1.382797674409107103e+01
1.194129046657377380e+01
7.279187742862171184e+00
3.726056215901388580e+00
5.981399514590743927e+00
1.071720585815219096e+01
1.843835269880650429e+01
2.433588334271563269e+01
2.515678438771133685e+01
2.136334659203438946e+01
1.805881118629994830e+01
1.840263799871972239e+01
1.523027768031630913e+01
8.479871931118788453e+00
1.548889884825772612e+00
7.388078164022347849e+00
8.145007493346195560e+00
6.237348261820170769e+00
3.109807987762587711e+00
5.292840327660127464e+00
5.226367377266614156e+00
3.112604248206908508e+00
