8.111401524072230984e+01
4.105076140402756835e+01
3.057711221884840924e+01
1.877158488992444063e+01
1.598855823951338273e+01
6.178623085981499230e+00
8.469682083029994146e+00
1.440938388535280623e+01
1.815485399025463664e+01
1.997857235240885743e+01
2.123746767914778033e+01
1.507913076469862723e+01
1.143325093856818953e+01
1.017155279689238334e+01
5.765695689517307265e+00
7.030689801228649394e+00
7.572810904343491245e+00
9.068000534157647508e+00
1.612564587746680189e+01
1.500656478297393193e+01
1.284838752846407850e+01
9.664929728226889338e+00
6.550778548628094278e+00
5.851352627976583065e+00
1.842922570528131132e+00
2.764040944734266869e+00
6.675624151117801830e+00
6.246820114099150167e+00
1.149163938461148504e+01
1.183816435751677609e+01
1.026219418344762957e+01
1.028756175653550287e+01
9.114790996242810195e+00
1.085279745978496280e+01
8.602849180261269879e+00
5.419820578500247343e+00
7.963966415964963907e+00
7.321940663935297522e+00
8.147639076188285756e+00
7.125099611486423790e+00
