4.103564666964143726e+01
2.416417054058253022e-01
1.078668119223631094e-01
2.871526428112952112e-01
3.368701364399406262e-01
2.915213886489716466e-01
2.981127102753831637e-01
4.654632800275359528e-01
3.883407778945176525e-01
4.909514985417545718e-01
4.627481665369584385e-01
3.539464379535322558e-01
2.704677715877039090e-01
2.701256594875708905e-01
1.624407839353692318e-01
2.910461571215922638e-01
1.511759015940547790e-01
2.867040439110424832e-01
2.916301899324811875e-01
1.346683227811485417e-01
1.666839507133714982e-01
7.294182981893987394e-01
5.711733700694140436e-01
8.052656908339910213e-01
7.061463440498016997e-01
8.681018732624383727e-01
4.920309244869021659e-01
6.543069387329994990e-01
4.729392262496799337e-01
3.415716456008149327e-01
2.609780747255317501e-01
1.033170582604412552e-01
1.318285102471570824e-01
7.997062363495521797e-02
1.393144039951963453e-01
1.607675102707430137e-01
1.114799473172914529e-01
1.923205427904019493e-01
1.331343466950238030e-01
1.703991483610935997e-01
