1.251787719977741453e+01
2.331474632501394417e+00
2.387955087765206486e+00
1.231420840594922989e-01
6.766494153224741348e-01
1.181696316977722816e+00
1.038286376144468948e+00
1.538038374674874031e+00
9.974334633800724381e-01
5.218105892037675497e-01
1.165077107937446454e+00
4.324941378979872963e-01
7.709130786405230529e-01
1.061114865874461799e+00
1.443475725087359329e+00
4.377364665645056552e-01
1.423576483576119323e+00
9.204827033915692347e-01
4.953273811124435100e-01
6.897172054802561680e-01
8.565728978264492977e-01
4.797345498296264332e-01
5.598888999521237642e-01
8.861253362880937567e-01
1.517666584460027057e-01
6.337571027399401258e-01
4.222580712676409775e-01
1.523030259924883278e+00
1.602644407481379762e-01
9.643523093758559206e-01
4.950861033115911414e-01
6.646817200310040086e-01
7.491705476924164220e-01
1.033118481016094048e+00
1.689729598186586745e-01
5.926643134212301600e-01
3.962613252285327459e-01
8.764888691903617302e-01
4.582769194572809957e-01
1.016047944574110407e+00
