1.283833745424827839e+02
9.418304016132539402e+01
6.015821072515248602e+01
4.302206421185218943e+01
2.695172920908206038e+01
1.743208822884840714e+01
2.431631826626643900e+01
2.838290402096358278e+01
2.462798664646904356e+01
1.831366976278165026e+01
1.270160766974364641e+01
1.294274384669627231e+01
1.321670105008235652e+01
1.208302383966958082e+01
1.211286972253439842e+01
1.389380748168156110e+01
1.385297639170311434e+01
1.204890322349235099e+01
1.046462388320377457e+01
9.190466456022662101e+00
7.656781409304707076e+00
7.034588218831020257e+00
1.110484859536123992e+01
1.550855368568898740e+01
1.849677917401680460e+01
2.040864190273018508e+01
2.131259606573919640e+01
2.141773761288099109e+01
1.993779763157709084e+01
1.885895887156095085e+01
1.412936479217277963e+01
8.393460815580297663e+00
1.970933016262602866e+00
3.899106013158354589e+00
7.593867743839819440e+00
8.698357847006501942e+00
6.098919358634446120e+00
3.386057273922398192e+00
2.697488510248872373e+00
2.395590301911706632e+00
