1.635532058220428198e+01
3.234498567815460301e+00
1.622927286453937912e+00
2.392867903025426290e+00
2.904394966190633642e+00
2.900977843748309137e+00
8.714820178288632535e-01
1.544743815545334575e+00
2.146713948559011875e+00
2.995432105657930499e+00
1.792206245193968206e+00
7.255818676187111294e-01
1.243234202650246978e+00
1.854546419725731532e+00
2.552233024267102302e+00
1.863484462359930038e+00
1.069879946914477520e+00
1.985537782770971926e+00
2.114315431828918346e+00
1.999164068606466227e+00
1.544413658411203150e+00
6.519138669633691707e-01
1.751558485650069219e+00
1.162227214188822355e+00
2.151901956658484938e+00
1.234939434130890801e+00
1.070870080932788015e+00
2.346672218196433235e+00
1.178406844006934406e+00
7.295932146245983629e-01
6.854752763793836579e-01
1.099329011237431875e+00
1.242007715734006590e+00
1.846696284772032959e+00
1.887983486549439816e+00
7.557941692491372265e-01
1.870367607677014377e+00
1.711925799689883787e+00
1.218559861008147394e+00
1.079710667692455939e+00
