4.086715703011494583e+01
2.699761069166430882e-01
2.655643547627571932e-01
2.951605657557456186e-01
3.154514280012990501e-01
3.618550232020001922e-01
3.311674415995729537e-01
4.680242864771564926e-01
3.944541145566894946e-01
4.588185800671988335e-01
4.645480380504468099e-01
4.293614595788062260e-01
2.607865616446134460e-01
1.853033669659167326e-01
5.874121193121160933e-02
3.577350998820321148e-01
2.636857562309127267e-01
3.059364238015144788e-01
5.232236040271135563e-02
2.239110084687967739e-01
4.529917523865419904e-01
7.081896882211564659e-01
4.234827333902175805e-01
7.301396271743818556e-01
7.025629897327573259e-01
8.838325004873921475e-01
5.666568066549162452e-01
7.449109784643770382e-01
4.203212959192227371e-01
2.318297684165125938e-01
2.936626214901839060e-01
1.526185423918344219e-01
1.824218616510411839e-01
2.721409393098989798e-02
7.675845525664315439e-02
2.020479197667240379e-01
1.228470192839655611e-01
2.536149329026128885e-01
1.876444779695294052e-01
1.424069658283939055e-01
