1.595526359492897583e+01
3.809051330514579004e-01
9.275193992942664112e-01
7.885862043071434346e-01
1.578734776483855962e+00
2.677689997988026427e-01
8.189329061923372732e-01
1.725555612541499473e-01
1.211335187691777726e+00
7.190092929627593943e-01
7.750468241105707978e-01
3.990765167005616565e-01
1.014982906238369509e+00
2.790715904301239170e-01
6.638914483245207387e-01
5.569884379723847312e-01
2.032867737044977974e-01
1.415242029579651672e-01
1.142024001825040075e-01
5.619548682546544605e-01
2.317059664048473078e-01
3.978683336532222170e-01
4.692544669001550983e-01
5.491008069010222536e-01
3.080404338057955993e-01
2.629787489830080482e-01
1.345868492279684581e-01
4.446304916710008825e-01
1.214951947599425680e-01
2.981956299418942469e-01
3.913037667328661540e-01
2.027961750966781884e-01
2.600964901111550986e-01
2.332287454710025298e-01
3.989425000957557699e-01
2.396489234850071870e-01
3.071814398678199831e-01
1.978694334457675452e-01
2.489837140563607720e-01
2.603317042693818473e-01
