1.947697528687305635e+01
1.725729824012209035e-01
2.968109783019440062e+00
1.118691600486315441e+00
1.954369425129238058e+00
2.326452574663605777e+00
1.485508423886187535e+00
2.336701819059119334e+00
1.504334030110592524e+00
4.668830216246382947e-01
4.074290336659525669e-01
1.678521464732681823e+00
1.067666273837092339e+00
1.138342419904178060e+00
4.232033496072640233e-01
8.969578395382560299e-02
6.959335860850800470e-01
2.564571542280154604e-01
8.941093298444254822e-01
4.343300017912383737e-01
3.532116714008162184e-01
1.010329599262558276e-01
6.349429075181626247e-01
3.805123928694999491e-01
3.664686354435470195e-01
4.147941060213707343e-01
3.750040194603772581e-01
1.982131658426067866e-01
3.089012317080440106e-01
4.848757682719896378e-01
1.922260742919791876e-01
3.681624989805303283e-01
2.396460671314993851e-01
7.794960302583847644e-02
1.531860507648566683e-01
2.766497757773563326e-01
1.737113408497518441e-01
1.498203557757472604e-01
1.842788600552622558e-01
3.314967351530977158e-02
