9.316991406969073353e+00
6.314367353527844395e-01
3.613424180447090683e-01
7.134927196526589244e-01
9.494786741158453003e-01
5.004549161190098294e-01
9.120284639899643997e-01
5.603668803852577263e-01
6.729517035997167884e-01
3.789087443121042509e-01
6.334440321593212131e-01
6.888726141547997228e-01
6.239747147239498304e-01
5.033151360139610508e-01
1.091438460228712354e-01
3.785391532325652619e-01
2.397554967143105120e-01
3.236922061694622599e-01
1.106174723846977681e-01
3.625672880897369277e-01
1.293026276149967790e-01
2.523508395164753559e-01
1.710157187060775963e-01
2.316508112082570348e-01
1.728295652347060785e-01
2.088863599192115339e-01
1.075888288404146936e-01
1.427952729996007364e-01
1.742504527540952586e-01
2.528909399151466619e-01
2.585689714458642707e-01
2.825376125719226694e-01
2.383955435959287938e-01
3.373601397865378382e-01
2.873168622826683949e-01
4.128874875989640425e-01
3.570101273807711473e-01
4.515657148731602177e-01
3.939540145790379477e-01
4.289548755183036355e-01
