2.631042839750078599e+01
3.421057119134423452e+00
2.036597267408999379e+00
1.077823893124929544e+00
1.051389479359526202e+00
2.792351717725487070e+00
1.646811130065693574e+00
2.845631422372071562e+00
7.907343372040848140e-01
1.914908955239333244e+00
1.007979681008800643e+00
1.221235549019672018e+00
4.277739686983554335e-01
8.022776481668216775e-01
7.885037864969696164e-01
4.824633813687548289e-01
4.613581456462452768e-01
9.136095534569156351e-01
9.639464333018555875e-01
1.749927046971398448e-01
3.156292997285957136e-01
2.991215743950507711e-01
3.373099626386863448e-01
1.915915903658829966e-01
5.511399894589840143e-01
1.571326938582738586e-01
3.030149525057170834e-01
1.567501461782756511e-01
2.187513087738441053e-01
2.277383699120088811e-01
3.010797209142449526e-01
1.549455076452809499e-01
1.906563945989739051e-01
1.512375482479834388e-01
7.516981129721933552e-02
1.293928186709438766e-01
8.379957443514490789e-02
1.178266943361456209e-01
1.152166836763922064e-01
1.335171059261701099e-01
