1.552842907751461432e+01
3.067684351113180163e+00
4.343075538459537088e-01
1.385426744802346954e+00
7.139971055692706514e-02
1.267983868668131509e+00
7.870372829849865415e-01
1.112660899007617443e+00
4.612550855538538608e-01
8.587663580373705585e-01
1.085761009338972238e+00
1.280474751463831717e+00
8.533131919402930921e-01
4.074861772693301187e-01
2.403246917975350450e-01
8.037879807155310363e-01
4.459041517339152327e-01
4.995019393016724707e-01
5.647019799115233774e-01
4.101268299720545740e-01
6.662919144039546326e-01
3.847813654098398706e-01
2.018529622515711774e-01
2.662104106379366564e-01
2.005869654454702777e-01
3.320316622080689561e-01
3.720654665404595773e-01
3.041733478133857860e-01
3.337028170675465644e-01
1.274526794164340948e-01
1.049511322909983946e-01
3.044945541791179155e-01
3.034936763134670201e-01
2.506663127187014339e-01
1.066930365826427030e-01
9.536581170506876204e-02
1.982310687448824923e-02
1.015723442453313613e-01
1.260445993229148687e-01
1.908960796645224056e-01
