1.887071594181476542e+01
3.177168295037364754e+00
5.569767973308574760e-01
1.939206072407187564e+00
1.540121721908541463e+00
3.970120934668603940e-01
2.831081765464568134e-01
8.109278627750662327e-01
7.805661628286499898e-01
6.939354231074871260e-01
3.736363323706208273e-01
7.302278086263676027e-01
6.695306342034340608e-01
8.217603733081996209e-01
1.554057469090100174e-01
1.925295031014030711e-01
1.513827901357635286e-01
4.231634022343143675e-01
1.642451977397526297e-01
3.941750923234409454e-01
4.003515547860383439e-01
3.822071399571239092e-01
6.004990052030189096e-01
2.275567214303854946e-01
3.573760840523176330e-01
2.729591208198124397e-01
1.963580779079681371e-01
3.683522844889815517e-01
1.537245200184569893e-01
4.951591457051315176e-02
1.626166640076350811e-01
3.203229706181448533e-01
1.749076615054367956e-01
3.711953028140255184e-02
1.450093625129844632e-01
1.882137762778749446e-01
2.723359229881613941e-01
5.892870535781077890e-02
2.013116487099923524e-01
4.965463493085679747e-02
