2.266731106424487052e+01
2.690757503091505409e+00
1.024575917877980968e+00
1.117221071147270539e+00
1.438063703134935700e+00
8.753053511949200338e-01
1.343154600802933585e+00
1.021187002535791200e+00
1.702810934091211648e+00
8.483670134350097536e-01
5.795046020658525254e-01
9.623670341768196801e-01
9.535306474399137810e-01
7.182972021189079070e-01
3.925969559136979203e-01
8.624874241586439894e-01
1.561941950709181404e+00
5.117253588155612487e-01
9.067124371518321402e-01
4.201793366705025567e-01
8.386514366340186433e-01
6.571585548437206548e-01
6.737449431171476100e-01
7.883407202187868723e-01
3.626983049499558076e-01
7.177562311711663812e-01
5.572104353904359098e-01
3.361240805895402417e-01
5.920575040283767576e-01
5.006270338361960004e-01
3.577793955316866947e-01
5.405344832498221175e-01
3.013654153036587346e-01
3.471084955949025885e-01
4.281219692511076258e-01
1.199627911912090755e-01
7.243567070253184581e-02
2.325720067711073147e-01
9.691767843521657821e-02
3.248415387631412576e-01
