1.998456885292807783e+01
6.456407030729798269e-01
5.905959136759535433e-01
2.356709695479597855e+00
1.594957765141790551e+00
1.388478655769883385e+00
6.004918871359344879e-01
1.572583783975806782e+00
1.838216737048682159e+00
1.269261755840777495e+00
1.694682846575043422e+00
1.159188043387457734e+00
7.152994900182117755e-02
9.448390124799876943e-01
8.127730198443346987e-01
1.459898292662866470e-01
1.139531428502862820e+00
1.521683156311834262e+00
6.092601819279723774e-01
8.780925738701054195e-01
1.271630155665518958e+00
8.112810911783934209e-01
1.133039917109680328e+00
5.737960914620386932e-01
3.853929122622903880e-01
5.180213854896540404e-01
7.039031154742936280e-01
1.110241759510492837e-01
5.363084383592502391e-01
4.892274113195540508e-01
3.639236997109228655e-01
3.075088859342218206e-01
3.361944783165715100e-01
4.803255384227953506e-01
4.547391960806216327e-01
1.627696514795317628e-01
1.382929068535215245e-01
2.826784479915639969e-01
1.873072125835333890e-01
2.236256148905955629e-02
