1.996545691547922274e+01
4.402009832111246079e-01
1.281674125994460178e+00
4.887448013404116942e+00
1.007194917804211443e+00
5.894714190958930677e-01
9.831309156604510768e-01
1.890064810736705958e+00
3.458482600348958269e-01
5.360754205557628493e-01
3.436514501325337867e-01
2.532766074711486626e-01
1.418752234432764381e-01
6.952228414195339434e-01
5.186305583882778736e-01
5.127476943880538984e-01
1.786419150277261669e-01
3.008599899128328592e-01
1.663148833469794419e-01
3.757326451941455647e-01
4.488728054605654882e-02
2.178861589379125496e-01
2.873149019168572682e-01
7.286790840444196116e-02
1.521462143370400366e-01
1.032738368512796101e-01
2.232972007917709834e-01
9.581736947739356858e-02
1.646568325806536115e-01
7.237817681251515478e-02
8.308631078876227427e-02
3.653137523048834157e-02
6.144899507752876050e-02
8.585480302076910208e-02
4.522046588058502292e-02
1.014540634175995076e-01
8.585066696934683106e-02
3.066577254423533475e-02
2.576691543107290094e-02
3.319041219543412968e-02
