2.994632545390363987e+01
2.546965390962678821e+00
5.575956910134369338e+00
1.905301860500638433e+00
2.932803721636330518e+00
1.287232625230697369e+00
7.421587437916226104e-01
1.362514430907033391e+00
8.288611378121282236e-01
1.023529510959224176e+00
1.643854133822038266e+00
9.564065420819443109e-01
1.318727094370683028e+00
3.849131719056207435e-01
8.480358108192681543e-01
7.904138521904759962e-01
5.944097658683398233e-01
8.337192999389646531e-01
3.491716501003559459e-01
5.424838436285234211e-01
5.349279842529689605e-02
4.899359959828459288e-01
2.382908496135523468e-01
3.066712786653486011e-01
4.078184000619458627e-01
1.536991225072946166e-01
1.484726847511781134e-01
3.232800294157873733e-01
7.385751854318398091e-02
2.224326681978203157e-01
2.131363916170157802e-01
1.919178243399216610e-01
4.066743911160719538e-01
3.537577947236775211e-01
1.974183903683344454e-01
2.237719220637177098e-01
9.740336322666648394e-02
4.025361374732371045e-02
1.725550545355545836e-03
1.581714755597756206e-01
