8.708525339487579231e+00
1.816647268694070672e+00
1.125993460356405462e+00
5.818209155157095802e-01
3.718980187665926196e-01
7.450376244215781707e-01
1.347592501780259522e-01
4.117466207983219717e-01
3.873777868945755820e-01
3.680297567079006682e-01
2.785601268435426436e-01
2.713692012372853068e-01
5.597797791788947652e-01
3.744646539838378807e-01
5.298982849836612052e-01
6.922426321476180533e-01
5.846622255657164535e-01
5.940433838198222460e-01
1.976301999634617057e-01
1.626962479983135867e-01
2.986725993792433975e-01
2.756623424223928476e-01
2.765599091105375162e-01
4.592810234985317819e-01
6.277074076665722924e-01
3.095514713659335837e-01
3.106392676913649620e-01
2.819366263308457632e-01
4.598589116057633097e-01
1.510701121445776340e-01
2.988683714341108799e-01
4.113766450541479491e-01
1.992317538411769728e-01
2.803136223864234333e-01
1.291078733681069179e-01
4.190113326077599676e-01
2.018944556809307567e-01
2.574933809597813594e-01
3.063783331221107686e-01
1.298521886836366546e-01
