6.037215795749010283e+01
3.446936924609332920e+01
2.803723151713347761e+01
1.783423232013001325e+01
2.221258941274458820e+01
2.202042409124235434e+01
2.459718777702978798e+01
1.787849795540859787e+01
1.811415086369541072e+01
1.652460685268706087e+01
1.792411435683662191e+01
2.055857395214343697e+01
2.165222608510448055e+01
2.037958735393942789e+01
1.872380627317978252e+01
1.439405024218473628e+01
1.357630633044153079e+01
1.447883934770580794e+01
1.309343566303316031e+01
1.692780947940024205e+01
1.386504457448038252e+01
1.240365776993257896e+01
1.312628061890267972e+01
1.325153036302626752e+01
1.386425650323880454e+01
1.319512030503811673e+01
1.190736426445866769e+01
1.122490302613987900e+01
1.062892365160536734e+01
8.310309155074749654e+00
7.984093979893952309e+00
4.811944618801824447e+00
2.740524011063012910e+00
8.660416871293435293e+00
7.833721425049731124e+00
6.997601131574380240e+00
3.866115650324021935e+00
1.647420859276322203e+00
3.113805260131892627e+00
5.885221416583413578e+00
