1.518673872497691590e+01
1.916697439172496686e+00
1.562597213359717241e+00
1.493870923271242157e+00
5.322359614059649635e-01
6.192228269219453018e-01
7.105905776779126715e-01
1.426621519093192125e+00
8.314008509024068960e-01
1.170133360150153568e+00
5.208128503325626379e-01
1.573425621736256774e+00
1.365701523474551315e+00
5.959362504385120607e-01
1.151330321027206338e+00
1.139671727673949420e+00
1.622907472121296601e+00
1.101969681275075441e+00
9.693384752120688397e-01
4.883918303258419358e-01
9.949242544506600172e-01
1.621252986687107045e+00
1.062046368682516340e+00
6.157758543263679440e-01
5.214222819733862480e-01
7.517671195348025748e-01
4.454974582129555549e-01
1.807502556679023986e-01
1.362434897399774192e+00
1.191725459830734302e+00
8.609651847393083868e-01
1.104280069758502680e+00
8.971327277750378304e-01
4.815405146815703308e-01
5.263244094205047352e-01
5.374809696558947580e-01
4.846009209753585067e-01
6.041162177414424184e-01
8.598897080256259207e-01
5.971546250323899185e-01
