8.343735767225432198e+00
8.185115959713650247e-01
1.554721702939257266e+00
2.936025402506092230e-01
1.009054768919411149e+00
3.845278083759721133e-01
6.910304054053518774e-01
1.549555751384834867e-01
2.438725984088845333e-01
6.083285328098215761e-01
3.151728723046316460e-01
3.020277370943685868e-01
4.477335109933604507e-01
2.100153525292519918e-01
8.883195621246389728e-02
2.679158755235481193e-01
5.670541664439613383e-01
3.574803091354724072e-01
1.727379308449523421e-01
1.702295445976291233e-01
6.461793275570849593e-01
2.099364897312328559e-01
9.469946553958749624e-02
2.904945375011964703e-01
2.323559086548693808e-01
3.728669235500984835e-01
2.149012218628547632e-01
3.207555485379564031e-01
1.245286665020039346e-01
1.099786508390179218e-01
5.032599519767980145e-02
6.023459789435459122e-02
1.517478790143516332e-01
2.737196299291119392e-02
4.190812132356614983e-01
2.667559318341999330e-01
2.288660058543392772e-01
1.789441547687165568e-01
1.769177087940464188e-01
2.094210252706971698e-01
