4.168624600656307244e+00
6.786431990750946275e-02
3.550496431240571238e-01
2.470463749367855788e-01
1.946643983612362794e-01
5.672894506367282680e-02
1.945465180096208890e-01
6.567437501749817663e-02
1.661464914940183890e-01
1.189796969581978364e-01
2.427461108221382058e-01
1.795135734918974213e-01
2.256248724148981200e-01
1.505260058878931384e-01
3.370118511364876557e-02
1.395210486268212424e-01
2.134886378152518471e-01
2.368318093576739780e-01
3.764828706031282668e-02
2.042797864750385273e-01
1.600472108750833622e-01
1.107144163292695938e-01
1.332457234350777620e-01
7.888048987861978611e-02
1.547504875697038595e-01
8.766896744012099563e-02
4.820176598494377296e-02
1.443712478448824499e-01
1.673327509767236210e-01
2.608110731122352255e-01
7.131769232800062863e-02
1.262042117128960861e-01
1.272500406008358897e-01
4.866803295590748507e-02
1.034167916559131373e-01
4.512344182209675897e-02
3.243371618915389526e-02
1.073925414072433512e-02
6.463594189059099215e-02
4.899775304833895589e-02
