6.378100966901195434e+00
4.656297321388011556e-01
9.611192357950550935e-01
5.607525934838860637e-01
4.946555135883827226e-01
1.121167962518890802e-02
3.108034732000879430e-01
3.215366245612144569e-01
3.097309883799169716e-01
3.649271293893459056e-01
3.622239711562782460e-01
2.195119819659967775e-01
2.420114160641489709e-01
4.381080724894073630e-01
3.337613069206738503e-01
2.717495577686400154e-01
5.512173351152992451e-01
2.820460006394099883e-01
6.333247593752289184e-02
8.620180509522609724e-02
2.863760829862568857e-01
2.767248407892916595e-01
4.428175941563120693e-02
2.146595111372984199e-01
7.327078748894245985e-02
1.159364261800237411e-01
3.267655238695871267e-01
2.294055295624732871e-01
1.059576129646933457e-01
1.806835162495131208e-01
4.098285687181499326e-01
5.349146663544825098e-02
8.898930248183326008e-02
1.744682294497814923e-01
2.257865229993575307e-01
4.114103792386473168e-01
3.924202846869688788e-01
1.889681936469654877e-01
1.822047866090595603e-01
1.649455233460636050e-01
