8.660283992295421740e+01
1.950807942064550460e+01
2.495875111057243689e+00
6.158957570393640779e+00
2.767294441440148489e+01
2.389164329644755469e+01
3.014807685730981568e+00
4.671354728924709931e+00
1.672109906744792340e+01
2.186415952938088125e+01
4.700446125241359852e+00
2.967265086113583639e+00
1.519906792879393187e+01
2.231240729711964121e+01
1.183033691976272017e+01
6.787046092419344312e+00
1.232688559505032799e+01
1.790336921936144776e+01
1.816009591537919476e+01
8.767074526469510687e+00
1.721213185307764348e+01
1.909478564034175463e+01
1.741286750525451055e+01
6.702881287842155977e+00
1.402907121887297848e+01
1.999229486653301535e+01
1.639151518057571266e+01
1.037086473676955833e+01
9.939796837365712179e+00
1.554921717090671507e+01
1.793908316120640478e+01
1.324614354116624604e+01
7.999220727904806871e+00
1.294095049501241235e+01
1.782886259399888473e+01
1.276114042344080879e+01
5.300727966291487014e+00
1.572518053934784099e+01
1.941153501591403341e+01
1.496762455675779968e+01
