2.579168252386812910e+01
3.187197119286374392e+00
3.571215516766399478e+00
1.900290813792145261e+00
2.762366308132069292e+00
2.154363375345577314e+00
4.391473372801461217e+00
6.443878947254459977e-01
2.033725716610138790e+00
2.014736580091541995e+00
1.391655214492482084e+00
2.817785966834781775e+00
2.551977583885749468e-01
3.399147732525142018e+00
2.919263243949919318e+00
1.695937735036926686e+00
3.995128556297336542e-01
2.154860408150808038e+00
1.152727657106679793e+00
1.407200012748312856e+00
2.490320322343920978e+00
1.760131830596949554e+00
1.655388188634279611e+00
2.315667639352678719e+00
9.778535112904048754e-01
1.715623417300462750e+00
1.958322769207264447e+00
1.594232639842390276e+00
2.244468957356792860e+00
1.218233269160490462e+00
1.095048467375947077e+00
2.227488492444412493e+00
1.221035129559633559e+00
1.815441050076226803e+00
1.142985304640446342e+00
2.025831741731034974e+00
2.076944912087158812e+00
1.725990184515828307e+00
1.824827203555897448e+00
1.589720687405600907e+00
