5.051621248781391671e+01
1.729656053838079899e+01
9.843732461112647769e+00
3.354205133457092813e+00
1.526824173485787917e+01
9.419349045500730711e+00
4.898476365227461216e+00
4.995791729597979902e+00
8.355188416713124511e+00
6.077591302869318035e+00
5.687257224574223002e+00
3.337129728972612064e+00
3.946279165763169061e+00
6.504216185739473133e+00
4.611206001013178124e+00
5.151434178551081544e+00
1.209779818512156435e+00
3.922664743501575124e+00
1.203710724317120118e+00
3.745656155421667410e+00
2.112588552849051116e+00
5.076071308360824652e+00
5.225193374609097274e-01
4.063451243257527601e+00
4.327184196118251336e+00
5.826980763284391962e+00
5.342301319290296391e+00
1.871098011246984161e+00
5.293498056305460331e+00
4.302646608891121716e+00
5.830009351878028490e+00
1.824123574117736846e+00
2.386056343356356191e+00
5.283926117819818913e+00
8.076419381926385199e+00
2.810621711053892469e+00
1.309744118178122863e+00
6.072789059293555169e+00
8.098235191171109904e+00
5.535601821899179598e+00
