4.867403824779723465e+01
1.486759356718810920e+01
3.217874768847226008e+00
8.763248807484381731e-01
3.230913941646695875e+00
3.226329639700058927e+00
2.409359637942563026e+00
3.873200279954821301e+00
3.495337965439300643e+00
4.611914649873559924e+00
1.130594884766632724e+00
2.567748658019241681e+00
2.071173992339201853e+00
2.950835566515111363e+00
2.857963242767072476e+00
2.673584383591547375e+00
2.640937137666211409e+00
8.334375517621190887e-01
7.973090453612013961e-01
9.479684413328262060e-01
1.179666597689436047e+00
8.235856814405846382e-01
1.115886223819210432e+00
2.461186660053403585e+00
9.256911700436232238e-01
1.031130552932245426e+00
8.866741190460817323e-01
2.532709574714802625e-01
6.687215945121660621e-01
1.352180726792265197e+00
1.429153630206814407e+00
1.608861322763099899e+00
1.862174179629987991e+00
5.492856211813795797e-01
5.124062455835322050e-01
1.067093323348267786e+00
1.769747674325572007e+00
1.318801276306867276e+00
1.383900387695572887e+00
1.313366842393527634e+00
