2.058631894494237002e+01
2.212139879401193721e+00
1.405016973209022302e+00
9.615119518851651392e-01
1.628329264516404695e+00
3.087838315454605187e+00
1.576547134031090369e+00
1.441556047051258949e+00
7.515125448406175801e-01
4.716774392280925210e-01
4.606422960552780665e-01
5.443630310364409031e-01
3.793094500751149623e-01
9.188479803367767262e-01
5.321495595670338030e-01
1.056002666531560275e+00
3.218433797678493802e-01
1.099849313975401754e+00
2.919803916964220925e-01
4.280358701974865121e-01
4.284777524674054372e-01
1.520397015126098428e-01
7.435468211468344579e-01
1.033985576766464493e-01
6.158768429400734989e-01
3.953253653022013037e-01
1.473026477278446544e-01
1.707123341124429372e-01
3.149288989259299010e-01
2.004011729566365085e-01
3.889449777714660827e-01
1.986065703153870043e-01
1.773076812210122311e-01
1.895603863270554357e-01
8.980992124318344649e-02
1.136711129901423201e-01
2.332910235628963824e-01
1.336748795346556218e-01
2.497789435505060607e-01
2.246471107199366213e-01
