3.350919689862607243e+01
1.257760056609159882e+01
5.033417376080809191e+00
1.183055751764695129e+00
1.430831832644946733e+00
1.549340578779017763e+00
1.115849715666455078e+00
4.395726715226860648e+00
4.352127194090531503e+00
4.052739979378825907e+00
2.428953441391445089e+00
1.943375509646312116e+00
4.155416872323942634e-01
8.690939190902475797e-01
1.077853438678900044e+00
1.761934015040031998e+00
1.062110481637974280e+00
1.373712132272292941e+00
1.281598470225189024e+00
7.982189465046150012e-01
4.204037537859778295e-01
1.181089069333807418e+00
7.872827386068762534e-01
1.081289348607216372e+00
9.537846223047038441e-01
1.020238219236964339e+00
7.429733465650303348e-01
3.454022675306160362e-01
4.797421036197134780e-01
7.391415082369212630e-01
6.632942953557170451e-01
7.461147812261084145e-01
6.203390551334599934e-01
6.262969271873871646e-01
4.946142520152644328e-01
1.511686789053297286e-01
5.160759901827119966e-01
6.656267330667038351e-01
3.557010532471248654e-01
3.346738833753381548e-01
