1.644094141119011354e+01
4.946461944907674102e-01
2.439637695957007413e+00
4.441285983075731192e-01
1.950477048928184853e+00
1.003525084058288552e+00
2.693891097320990635e-01
8.620659285332141764e-01
8.234773891969479065e-01
5.922476295956859982e-01
3.931785596845200348e-01
1.013899108439533236e+00
4.210728446300298078e-01
4.441593612818393599e-01
5.426162522930583210e-01
7.097852926440304522e-01
5.723446641378354682e-01
1.595709083268944950e-01
3.074684513323766577e-01
3.999290185095763506e-01
2.075524022708068461e-01
4.465052053711871666e-02
6.284107329016191956e-01
3.245836121569672383e-01
2.911195884684571467e-01
2.447308342185894325e-01
1.528474806552122534e-01
1.587505390152129658e-01
8.494641648561183922e-02
6.841610837212329377e-02
3.609286610463676714e-01
2.893032058677299512e-01
5.202718162197694091e-02
1.056515380026996631e-01
3.206038650265021633e-02
2.362463397405958621e-01
3.974310240836239627e-01
3.238136952452169703e-01
6.372504748915486239e-02
4.197802376750389142e-01
