9.060402263582554383e+01
1.786886447829715863e+01
1.503374009772951503e+01
1.143174546308411088e+01
9.721245911687603325e+00
9.070609285387632781e+00
2.029132989114609131e+01
1.766658690361258266e+01
1.635390556198243672e+01
9.997988467652129785e+00
1.121744798459583947e+01
1.671739238538494732e+01
1.108271249937157954e+01
9.499605257468205721e+00
1.909253994929291309e+01
1.608540356975725061e+01
1.204995342386855661e+01
1.026468090076554773e+01
1.776267882888419791e+01
1.531724160026441695e+01
1.504552358207483032e+01
1.545815383112058328e+01
1.315502314867634048e+01
1.005907754183659186e+01
7.766081053362833941e+00
1.534668822563350687e+01
1.651262090392424753e+01
1.649651859787571695e+01
1.245386867643694195e+01
1.106835737537411468e+01
1.130250288357717636e+01
1.186797245935201417e+01
1.518694116289538343e+01
1.753062143753810531e+01
1.807326096333767396e+01
1.283418334849975473e+01
1.236436643173156469e+01
1.099644331052589585e+01
1.145024237765029973e+01
1.330777700405922381e+01
