1.120345028842574209e+01
1.983571852188406481e+00
1.316273837125096824e+00
4.273799866679485193e-01
5.062656692125182545e-01
1.064938792190333938e+00
4.353725770805247919e-01
8.140375332823738264e-01
6.165054335426916055e-01
4.223356420471437445e-01
4.524482555947433315e-01
2.172368679082319898e-01
5.969233598264432894e-01
6.270840495399330194e-01
4.276454076334835208e-01
4.123170329924802369e-01
1.637378111250253343e-01
3.709114962407638605e-01
3.490135320164594046e-01
3.314942046342696513e-01
3.523515157263171216e-01
2.810950299658753759e-01
2.505513688080813206e-01
2.148928776436078714e-01
2.131241111491944951e-01
2.448969908891083791e-01
3.194746582425932457e-01
3.372565417940895927e-01
2.157153085254248093e-01
2.518381457856811445e-01
1.264881665928140053e-01
6.783464985448248163e-02
2.269730943649711785e-01
3.326062939939694041e-01
1.334798949365614551e-01
1.789286789178875792e-01
3.607752998957835383e-02
9.765616354532770382e-02
9.498655334878876311e-02
2.536233567744730633e-01
