1.449046516158200575e+02
4.979469273465395140e+00
4.166103352888231193e+00
7.435558624267272876e+00
2.992665523070602074e+00
2.478919770726650640e+01
3.381907767871981996e+00
2.815471811923219381e+00
5.186406121114920609e+00
6.390474491281729286e+00
1.756223491016478633e+01
5.529273510294861360e+00
4.522076356542648945e+00
6.154005185677426937e+00
1.414500712606504340e+00
4.829061028443885739e+00
6.285110654242616057e+00
2.531006462395315459e+00
3.440192752387965847e+00
2.246656161314797284e+00
4.168311578955930408e+00
2.251782997958244437e+00
1.904906746778070037e+00
3.369559912272961810e+00
3.730807503356251331e+00
3.691434342529773094e+00
1.975939772798266159e+00
7.323481598734009612e-01
2.299239806854873613e+00
4.095095999944748044e+00
3.381325446800795276e-01
3.415413455801051601e+00
1.026687191602403848e+00
1.020672337389027406e+00
1.609982262218173199e+00
1.848889469673156372e+00
1.052119718196861342e+00
1.031694592952232759e+00
9.010817289980281863e-01
9.363617433702702275e-01
