2.972563627093816763e+01
2.291293205109731446e+00
2.261175511933577464e+00
3.012800236894346728e+00
3.502417753894146446e-01
1.448926961822950110e+00
7.954404723784674891e-01
9.908948162474826571e-01
1.390409509913412611e+00
1.405861017893917930e+00
1.758715398342309166e+00
1.344834040066732683e+00
1.938299654580255327e+00
5.995599938407253360e-01
6.265323530955009268e-01
1.393340606346770150e+00
8.860781459213088462e-01
1.827579142228935583e+00
1.435736493169252448e+00
1.232620822123754234e+00
8.803522270687672568e-01
4.693736073354338734e-01
2.006696774358730506e-01
7.243982464314001612e-01
4.893401841116760131e-01
7.219340317665409179e-01
4.193267970563180347e-01
7.014914678789863078e-01
6.570478943248926340e-01
6.204391371834767632e-01
4.124525626698760661e-01
1.091898264412674679e+00
5.670799408544465736e-01
6.416020234258262844e-01
4.291216476470322005e-01
4.005648525949149774e-01
6.111759951688013892e-01
2.112619186959706907e-01
5.127756210096320322e-01
5.116115477876194140e-01
