7.215666258115416554e+01
8.151904366720520656e+00
2.140943364309357388e+00
5.343175129377136123e+00
2.023676515948396926e+00
2.528400255796646068e+00
6.190923239130735389e+00
2.567674319560169227e+00
1.577404104332185586e+00
1.215228952344526103e+00
2.416058348149058510e+00
2.245856172405706619e-01
4.858400118024776226e+00
1.734028840563828888e+00
3.671978749144419574e+00
2.673792858859871835e+00
1.616589147156185291e+00
4.617317747072830159e+00
2.150640201624314685e+00
2.644663454483925591e+00
9.548127375416509688e-01
1.401306586647903751e+00
9.984341059825966314e-01
7.385670711957434964e-01
9.418138219932793431e-01
2.842387403088333375e+00
1.178998146297431715e+00
1.494400432422308356e+00
1.386183419715807386e+00
3.318862974790854015e+00
1.628378234047954676e+00
1.614628217876767913e+00
2.999154613865457453e+00
1.713556926460610752e+00
1.268860184672309765e+00
1.838903369418686484e+00
9.338138079216123932e-01
8.928611805893974518e-01
2.191033094168539197e+00
2.222683240189722742e+00
