4.246557881303139936e+01
1.845710376646870543e+00
9.025401190770470095e-01
5.468074895303305816e+00
1.447126946075006471e+00
3.884113606184717238e+00
7.507357685916444368e+00
1.164478603942087576e+00
2.810938397651175258e+00
2.818649388551430324e+00
9.623607922816089788e-01
2.722820547837667693e+00
2.393459636893352727e+00
2.083135539197265906e+00
3.346984425349084358e+00
1.880923313098593175e+00
2.810856334106406784e+00
2.201955902435588808e+00
2.012755229246838695e+00
2.558166181111813930e+00
1.545052652157260509e+00
1.677103201035686553e+00
1.502231493673162888e+00
1.441339996716088256e+00
1.668740501398782827e+00
1.069710060712105060e+00
7.372248399580444422e-01
1.128261671087036566e+00
1.256118999623904831e+00
6.809041394970591909e-01
6.184384662317519155e-01
1.204688491441802567e+00
8.015518228908968812e-01
1.851319884927073722e-01
5.208849922217800854e-01
2.841156251998379623e-01
5.548196517400434402e-01
6.605395004812132376e-01
2.126841317791620944e-01
2.687470161561527626e-01
