5.502347526632259189e+01
1.225611770914108334e+00
1.880799671057354683e+00
9.997073360179422608e-01
3.143906245161055768e+00
4.641824117231105440e+00
1.437232553375187516e+00
1.343568911048217851e+00
3.577301771708700784e+00
1.929969324558039157e+00
1.954232697106143446e+00
8.609564078304273727e-01
1.073791114093304966e+00
1.710815353386729853e+00
2.536259021654980295e+00
1.411714210479039888e+00
1.491358561285038409e+00
1.330482511948658741e+00
2.094237032535742671e+00
3.536550090183807060e-01
1.404808374907618784e+00
8.529151221988094944e-01
6.222206982925309049e-01
1.652981696959390789e-01
5.432050851558550830e-01
6.761177033431116090e-01
3.474603475440162237e-01
6.219243449746235664e-01
9.875612740989455629e-01
9.618369680123790844e-02
1.020512556923440339e+00
4.306702028599888044e-01
5.821330367485236801e-01
5.283858409073186602e-01
2.513104596349691189e-01
4.329444738354966682e-01
4.328972133718297921e-01
2.780419157758554083e-01
7.331927952455513653e-01
4.129526453192348678e-01
