2.622892489726942955e+01
1.078334231675543187e+01
1.095383325020700838e+01
9.379532686317942236e+00
6.349159661747863836e+00
5.596854470315011376e+00
2.638951648818594897e+00
3.818013124878295361e+00
2.598032565041857644e+00
2.944483345689220766e+00
3.925549903340533220e+00
3.317687644168552996e+00
3.959881112171204975e+00
4.185050718986241591e+00
1.848771393218661796e+00
4.523792415377982934e+00
2.495729633621924126e+00
2.009241816209023312e+00
4.327278439369649732e+00
2.206728997968246286e+00
2.367468346386559119e+00
1.574289658056975627e+00
2.446816659104560365e+00
4.896988009907272676e+00
4.610383661854421611e+00
6.182865399003976137e+00
5.488396960884000642e+00
4.760512852605862655e+00
5.010069097228980084e+00
3.533067297555637865e+00
4.452044548681569403e+00
2.452792121671578229e+00
1.258841993461378816e+00
1.472659359885400976e+00
2.294054451461193800e+00
3.511938229644643972e+00
2.300475007726254351e+00
3.728769049318214179e+00
3.302279850026035746e+00
3.114214773425712846e+00
