1.490776583781712539e+01
4.813776733002634423e+00
1.142905976937987456e+00
1.638062006364096934e+00
2.578677213459983353e+00
2.514142609214627733e+00
1.669996285113041656e+00
8.854048903700546536e-01
4.470274686768563877e-01
7.702692349609217004e-01
5.002410221022031145e-01
2.574492525621049910e-01
1.161764065012363067e+00
7.626503274828083656e-01
9.095659766130148594e-01
1.512501256094182400e+00
1.348297784618986306e+00
1.396029644168726103e+00
4.290792467778686836e-01
7.455583400371489367e-01
8.383742207184435857e-01
9.164363537266730919e-01
1.382521345443326277e+00
1.126950955064901727e+00
7.898131503430247946e-01
4.240848455223577007e-01
9.444859868112737145e-01
1.743876587574637815e+00
1.023882974635835330e+00
4.173466438695230263e-01
5.824624612454608608e-01
5.695141411909484530e-01
4.046563988978408855e-01
6.277818382367171823e-01
1.470048422741171978e-01
3.400087980188053471e-01
7.059635377513763244e-01
1.190990223018937311e+00
5.008919683219020813e-01
7.443062081306835998e-01
