1.378266954840051817e+01
2.209657889106126927e+00
1.899080771356479014e+00
8.719272629107710504e-01
7.752305927218374748e-01
6.709221286768233261e-01
7.575626789431931796e-01
7.075004723693943953e-01
3.607920216485518417e-01
1.517640210240122522e+00
5.714922949129456198e-01
1.281709825974157946e+00
8.908750731722385741e-01
4.382876415537269588e-01
1.583309916524124894e+00
6.311194439121157185e-01
6.164522731996312510e-01
1.448878938209572587e+00
3.099258052247232942e-01
5.854715428680089540e-01
1.162577496605984084e+00
7.751658988501402003e-01
5.412868390665083185e-01
1.027262601817919618e+00
4.987662779971481775e-01
6.354091329163715773e-01
1.240547888596002624e+00
5.980279011235889453e-01
1.616109772921825893e+00
4.696220812698369551e-01
6.417102215583538882e-01
7.959207004581071443e-01
5.610148486566998161e-01
7.501890896127137998e-01
6.653325938264901263e-01
1.052434495321459496e+00
5.718917142625127292e-01
1.172028987584383231e+00
8.182230926898860224e-01
3.089081251023782504e-01
