2.460349690072525064e+01
1.080892316363521566e+01
4.272279143748124675e+00
2.389789896487315435e+00
9.165212395905547593e-01
2.973332059883816214e+00
3.793386110230788866e+00
3.909513434117936281e+00
4.806026747418778555e+00
2.255418697560475749e+00
1.471179541031355065e+00
1.852716016966592161e+00
2.066180118430098744e+00
1.294833962418208806e+00
7.343879606087786449e-01
1.368780022256130602e+00
2.963582470022130710e+00
3.280191860870336207e+00
3.530909427454911320e+00
2.996234076494501686e+00
1.354506441263357619e+00
7.859755017910751151e-01
1.813872108931955163e+00
3.537922122451260254e+00
4.659431623029354874e+00
4.805833046446853274e+00
3.457639587208559462e+00
1.549683395660593543e+00
1.378171881849892033e+00
2.468403335015260769e+00
2.413200235723969911e+00
1.720775272989531812e+00
2.019807335810249960e+00
1.195349488142346761e+00
1.060039264399938563e+00
1.356280534172243479e+00
1.930377867527501623e+00
2.138195635912033321e+00
2.025222372697511819e+00
1.706947704864256288e+00
