3.955688465932158504e+00
1.365294884026821420e-01
3.328935819470587587e-01
7.673324189083248481e-02
1.101028616644324776e-01
3.538157555966013890e-01
1.141852980573532794e-01
1.031363629602723569e-01
1.916180799884280861e-01
4.898158526420488129e-02
1.291009848027767637e-01
2.098211141904844090e-01
9.596289545004696442e-02
1.138568463904262029e-01
8.131693815271216763e-02
9.174565419425154134e-02
5.148164423179494437e-02
1.797675957131773528e-01
9.744173530098904079e-02
1.188182637494132610e-01
1.576010312458192286e-01
1.128894717720963919e-01
3.644307822764661364e-02
9.733599392659164629e-02
6.002111204030410180e-02
1.137136755607189992e-01
1.503786948774856747e-01
2.509334951573583342e-02
2.430193766050420950e-02
1.295713488533739022e-01
1.617663866690439156e-01
1.351208450626734947e-01
2.353324476215278016e-01
9.116933015528456974e-02
8.981916958566532605e-02
1.180557882419214361e-01
1.062271944269956303e-01
2.236964249691343054e-01
2.003220446050477457e-02
1.291220558074541169e-01
