3.592028781282443362e+01
2.040370843524764499e+00
4.404219832679215685e+00
2.142806965457503487e+00
2.698861532824869069e+00
1.761525018789078079e+00
1.265581498009791028e+00
1.334373775867067291e+00
3.661293070985240039e+00
1.984380270499220611e+00
2.183753070802722185e+00
1.461013636102915347e+00
3.257735846549080438e+00
2.800046624861971090e+00
8.012581705487984429e-01
1.178992799577927908e+00
6.983567249883899652e-01
1.333764162325543623e+00
1.182010885641044728e+00
7.474913850135923576e-01
1.225209968357975354e+00
1.386815523145745965e+00
1.047285032217417200e+00
4.321391825845505297e-01
2.789203587867583600e-01
5.900108680914349923e-01
1.094339693652874174e-01
7.367232322616142914e-01
5.334594644799255381e-01
7.518941619699213152e-01
7.922561085106898382e-01
1.113970310430842048e+00
2.165066788289495836e-01
8.921435768659344845e-01
5.055521527713295882e-01
4.893079937505335208e-01
7.451022949145825747e-01
2.343124967615086984e-01
2.155176786033417557e-01
2.283641260439675524e-01
