3.718180752824925150e+01
2.278510151287407748e+00
2.577815468996911275e+00
2.843484266732308807e+00
2.796626746042836675e+00
2.631865767740845463e+00
1.883826855550231327e+00
1.641468390441756853e+00
3.781337778642820169e+00
2.261142101498245793e+00
2.118996464796707446e+00
1.810604896483766657e+00
3.167878789457085897e+00
2.644498304330250793e+00
7.778798367180136397e-01
1.168647245605781038e+00
9.008393323719853241e-01
1.498917368926214744e+00
1.185745757257268274e+00
4.654836032364980114e-01
1.144516423109751546e+00
1.642987738916230844e+00
1.112848707590116781e+00
3.395355959587794681e-01
2.304184975391434798e-01
5.582252407577799058e-01
7.839833183299721453e-02
6.315999934250532410e-01
3.801011614536350391e-01
7.866980414397484189e-01
8.507695841126891034e-01
1.204666770508542095e+00
2.470263376384425891e-01
8.987461314529419099e-01
4.686477356066666156e-01
4.697694246155037501e-01
7.478930112368863403e-01
2.875603037728332034e-01
1.326396504041439106e-01
3.522925033037541120e-01
