8.177101203222102654e+00
7.256223042725135075e-01
2.644901747847036577e-01
8.102297926805340778e-01
8.366242847846101505e-01
5.971659939889156776e-01
8.684321426093107865e-01
4.485642957173106571e-01
5.856610527242011033e-01
4.840555916734833319e-01
6.595248431681374202e-01
3.690446277459448754e-01
6.523257555849906186e-01
8.686695577555623993e-02
1.942044682931404476e-01
2.659742103510055466e-01
1.433931374610596388e-01
2.750036227284893831e-01
2.213018138466378293e-01
1.087673761934161293e-01
2.474407848701128676e-01
9.290125876041679942e-02
2.591031220516251676e-01
1.337415588513358733e-01
2.778726653103507638e-01
2.349831368264697073e-01
5.339263766066362077e-02
2.320787948496479403e-01
1.343016997210849939e-01
9.039435224065660301e-02
2.081849029944837226e-01
8.714398530096972850e-02
9.138911422007775509e-02
1.071726346520326945e-01
1.302386230767294539e-01
4.930474679840219504e-02
8.727435365249808230e-02
1.472752909326776050e-01
1.000444895423514557e-01
1.038948302159414527e-01
