8.262032519988732560e+00
2.090596510865564639e+00
1.740496950588072744e+00
4.809990198588792731e-01
1.335474963981459373e+00
2.581968135737101044e-01
1.624706432242678800e-01
6.881447137889611099e-02
3.002367158351715304e-01
5.954444143863547589e-01
2.986319005673952476e-01
3.779388007299362418e-01
7.411332017539042916e-01
4.754604247978388987e-01
6.188935178353761613e-01
4.388056453974453763e-01
3.907572262804595020e-01
4.497228035183106765e-01
2.034344859708516196e-01
3.226189605175311392e-01
7.572776813571713284e-02
1.759048580631922543e-01
2.080316048711281229e-01
1.862886995292905024e-01
2.373769213601752137e-01
1.708244480571000923e-01
1.533601345639505620e-01
2.653401403239603051e-01
2.773120401462162918e-02
1.041470882353167093e-01
1.246406838797738809e-01
3.109221985767249841e-01
1.334756476662317393e-01
2.938951654786714496e-01
1.663165312297580078e-01
1.719751078176885717e-01
9.699581043140555192e-02
1.499362777391045343e-01
9.958080633416106775e-02
6.411272828562039616e-02
