7.154025153767663348e+00
5.289584756529495113e-01
2.550458630221710266e-01
4.477984862151521139e-01
9.516278745653165005e-01
4.504027683198227328e-01
5.655062450208877545e-01
2.432816096385686244e-01
4.197452432116632326e-01
3.690599590232622740e-01
1.935030163756368826e-01
4.097833441791537967e-01
3.599320504191386716e-01
2.288104722546418501e-01
1.472268849817108816e-01
2.531957491666230187e-01
2.279742597419668337e-01
2.091090169483131866e-01
1.849627001782679081e-01
1.644140636653460275e-01
1.889604815883711986e-01
2.107735272251075875e-01
3.185389043577937368e-02
6.498266136344581223e-02
7.093305850298092796e-02
8.338467906454627432e-02
3.448961390871657651e-02
2.167593105855071534e-01
1.219003057175386401e-01
8.513300739721557653e-02
9.362182098516579065e-02
8.789166093225882215e-02
6.734277972556394765e-02
2.769555831893156725e-02
3.811431772195584405e-02
3.786582879486342229e-02
9.745809635928656678e-02
7.375150028096950916e-02
4.710641522993437580e-02
3.290098683306385413e-02
