1.288763137200466247e+01
1.723439824238538698e+00
3.814040582923730605e-01
1.005982852965936702e+00
7.959424611844599928e-01
9.341730430402347407e-01
4.122716866469223196e-01
2.099431798822104511e-01
4.461675231285702758e-01
1.120042716045735132e+00
1.909246429221286845e-01
3.640796355512060933e-01
6.933348708446787079e-01
1.905415973523250373e-01
4.500133394144801846e-01
5.152682265461442368e-01
1.669293110992767226e-01
5.070398597975445121e-01
6.055140348551613094e-01
1.963269284373700685e-01
2.265631335095964760e-01
2.702541865789452324e-01
2.006667087775789449e-01
3.540701311568365539e-01
2.715294451036514567e-01
1.144800497237046660e-01
2.128441682909945898e-01
8.964212397886464623e-02
2.992516279490904374e-01
2.047825540187543925e-01
1.130508208061484221e-01
1.752337978813221508e-01
3.581625702996954486e-01
1.461328220904165864e-01
9.914665858816235078e-02
9.177345994442399901e-02
4.691161740067548158e-02
1.426046071756616462e-01
5.886644334803196876e-02
9.981354786125813672e-02
