2.414631455153421769e+01
1.144350202890124457e+00
4.140441034131163711e-01
5.512386346491885192e+00
6.647891231453142424e-01
1.581792256324546564e+00
3.054834313686047409e+00
1.117251520483123706e+00
1.150027680700114630e+00
2.121190015474665902e+00
1.635663964353151201e+00
5.029563654162456654e-01
8.053880912321649266e-01
1.238693220995456645e+00
1.180175595578777603e+00
8.924507266660536287e-01
6.861362009806819540e-01
5.215772354561305502e-01
2.638111714607038194e-01
4.455144997805775553e-01
4.496638727492993648e-01
1.077855388238434742e+00
2.407880279259500267e-01
2.173374993223239349e-01
8.165319579387202431e-01
2.786981301446468939e-01
7.688275169058641501e-01
8.216689814056384877e-01
2.291835477247998742e-01
7.801494785218994199e-01
9.474010109169007654e-01
3.996957213012414245e-01
3.504919086870640910e-01
8.532487860133152191e-01
2.212501078161930590e-01
3.156998305940993954e-01
7.943862817350481054e-01
1.587701947392291535e-01
2.923764766747951049e-01
5.881642896488105121e-01
