1.751367504870390945e+01
1.382794310722737174e+00
1.466625434837847353e+00
1.345690457651052219e+00
1.062325098624621322e+00
2.159485957300880887e+00
3.013693049542348845e+00
1.773775405697711971e+00
1.381214138235249411e+00
1.538212247715953662e+00
1.732753064345590399e+00
1.830756397187788709e+00
7.254421604934326862e-01
9.141598207505647888e-01
3.878341263910297099e-01
1.723971261701069679e-01
4.169441494705137807e-01
4.361212097752942274e-01
6.375972351192589205e-01
6.074838720333137765e-01
6.685656615993470497e-01
1.018195051098046006e-01
3.189904442381700789e-01
3.338059017859908995e-01
8.029985291369859390e-02
1.752055820597273328e-01
3.986850456559690725e-01
1.788755859926139946e-01
4.349318264432409653e-01
1.041966953264672202e-01
1.963225778296363855e-01
1.481589233805509498e-01
3.676901227406949579e-01
4.700542641174827035e-02
1.762069154456602782e-01
1.446956779645338920e-01
6.321869204638232154e-02
1.382699969047866961e-01
1.318307955084783434e-01
1.300216357872738815e-01
