1.924991248772928287e+01
3.795849517511252103e+00
2.705211118093619138e+00
2.065400131374794501e+00
1.234496465448235325e+00
3.230597122813521516e+00
6.824258123270434684e-01
7.660176128604515577e-01
1.064503639720654871e+00
1.390284336134406606e+00
1.816457491698507676e+00
7.049476257426930959e-01
1.171527364075321209e+00
1.305213658236057617e+00
9.227120064509148900e-01
4.583543632954500402e-01
8.698143154344702976e-01
3.491543484370541184e-01
1.394200363639597207e+00
1.602415617848840679e+00
8.023875555392633308e-01
1.029384676322741221e+00
1.029361328102162298e+00
9.259174022330766141e-01
8.689526342356300725e-01
3.164762973534236412e-01
4.347907730821481409e-01
1.083957398175366516e+00
5.947727125209660848e-01
8.643904373241227956e-01
1.126706526155903942e+00
9.986928894978017723e-01
8.440495942509996796e-01
5.459989567598241278e-01
4.781692927098482038e-01
5.510633672817323303e-01
5.013352841484646216e-01
6.672062066040324035e-01
6.746524486818302746e-01
7.398051843672194261e-01
