2.158100553420008083e+01
3.547523122145902263e+00
2.233868470874429413e+00
2.325157484587473178e+00
8.037108286644004673e-01
1.145482512429031541e+00
2.206840364438385382e+00
1.897091131531833286e+00
1.248739892240773308e+00
3.698264938424717374e-01
1.139164703191968275e+00
9.382212066652698690e-01
6.229173778141855466e-01
1.833996219618846402e+00
1.863921572756636613e-01
6.302514837717781981e-01
1.507518577812289040e+00
1.538529636750345375e-01
1.394409128129423081e+00
1.085145102997304295e-01
3.492677083049644526e-01
8.737092526785382729e-01
2.079278627783812117e-01
2.144735049276539629e-01
4.631191597283729200e-01
6.814795637615708168e-01
2.149453336107015888e-01
2.749829902764100997e-01
1.953818931097115186e-01
4.514290567898815443e-01
6.258280814480566834e-01
2.680479736769906807e-01
1.490333451064538850e-01
2.410900689263031915e-01
1.655268495114698146e-01
1.664510908059446403e-01
2.263512971513790273e-01
9.893193524658056015e-02
4.734564764740608056e-01
2.951773817594298133e-01
