1.461738944337388091e+01
9.733073371348404113e-01
3.369658244429332594e+00
2.292941346966490102e+00
1.562161111283226766e+00
2.115620409062659579e+00
1.241023569093814505e+00
1.799156217594680029e+00
9.462424840936404236e-01
1.019218733174226621e+00
1.923074481281380033e+00
1.533876736773908345e+00
3.513993381723505283e-01
2.384384967021967228e+00
1.488477404803942861e+00
1.750454219130547218e-01
1.226424593504486626e+00
7.406213687848628435e-01
5.866255712686772039e-01
2.582257244678137775e-01
3.149456530760694206e-01
3.213659340271066700e-01
5.199648133132354078e-01
2.747059622153433800e-01
3.817946004273151117e-01
4.628935192738177773e-01
4.910956691903615168e-01
7.908017229276782523e-01
3.743307267335995170e-01
9.885846342531302566e-01
1.025265000170637819e+00
7.461174972385723470e-01
1.135870477694327141e+00
6.627330690567985183e-01
1.007656821614996590e+00
1.055035093622024078e+00
1.174930947719492691e+00
1.087562106094017711e+00
1.049021353460075190e+00
1.057870369539883004e+00
