7.898250623488478617e+00
3.474735804185150601e-01
1.318677520466483843e-01
4.074794208483816238e-01
6.680255996263185780e-01
3.243618642642410177e-01
1.113065868696508226e-01
2.208629351080112768e-01
9.394031334370878117e-01
8.798959758349314542e-02
1.785306855161650497e-01
1.370148017718712807e-01
1.941959841658214281e-01
2.311863589981137668e-01
2.584768251250841864e-01
3.616311978889324985e-02
2.118116847673085501e-01
1.421932973786071697e-01
3.128007727607778343e-01
1.688884611352732823e-01
1.756575841704603735e-01
1.789882519937900374e-01
4.386922878590397007e-02
1.680114587988929542e-01
9.070668533229951647e-02
4.071078258681150308e-02
4.712704380408520161e-02
7.825240717775262811e-02
8.190677837123670757e-02
1.167789317534674715e-01
6.249210980113661940e-02
1.317869460647048963e-01
8.351107034395034712e-02
1.009316338797845714e-01
1.566183734914104175e-01
1.223702337275444085e-01
6.859406359694304733e-02
3.364743114182730532e-02
6.575292862215770251e-02
1.020835465517176965e-01
