2.119141241118869345e+01
4.400061493779391597e+00
2.055653043922687662e+00
2.203281910070628236e+00
8.980221229922742410e-01
1.230056064353935330e+00
8.537807299980461062e-01
9.384672000989163765e-01
1.364620937189405581e+00
7.270273125886583809e-01
8.387993447111680156e-01
1.732440892186288550e-01
5.841267831846409520e-01
6.544856866580542332e-02
6.454278734511830207e-01
4.977414676922143344e-01
4.954306629228715786e-01
4.513831929747799676e-01
3.998798864661058383e-01
1.903460363811908251e-01
1.816338289214100843e-01
4.204669851802960712e-01
7.566864168687184589e-02
3.065955224498395082e-01
8.007210290705142619e-02
1.458766718532511775e-01
1.375314834354705307e-01
5.815116833692110521e-02
2.401018661319090086e-01
7.672880972746885797e-02
1.513255026348956089e-01
4.679801225349607130e-02
1.697127399014440319e-01
6.835419265614817164e-02
2.722815647673586248e-02
1.060768022902629365e-01
7.356747014930090089e-02
1.028133500237101566e-01
3.051699147216362443e-02
4.565524943894666565e-02
