4.257813699200231383e+01
1.312748069606447743e+01
7.173854711692325914e+00
3.920710648786426944e+00
4.264149868457596249e+00
6.442619055622732738e+00
4.133008073719241615e+00
5.347771456238000098e+00
1.549236799534673859e+00
4.032689982526377115e+00
4.283460624404282768e+00
2.742574149530362604e+00
1.911161881440929688e+00
2.650371209972146147e+00
2.815556555698645269e+00
4.205496183583184999e-01
1.738499049737864510e+00
1.765764539906717889e+00
2.455448799880590283e+00
2.855218458749156252e+00
1.250558488062601059e+00
1.668657382083259089e+00
1.130248498483841235e+00
1.960436368726875767e+00
4.908548190977702341e-01
6.748881280066938437e-01
1.308085770195401176e+00
1.059466300390155657e+00
7.643874801678762765e-01
9.392689750253421233e-01
3.274750796853471702e-01
2.670470960026296581e-01
1.035093833046196066e+00
1.320920316267135242e+00
9.414223258238696435e-01
5.406727289558659333e-01
3.672745577724241539e-02
9.833675249338474922e-01
8.232451744036600738e-01
7.746886857398705972e-01
