7.793051522066209102e+00
9.354374492301602562e-01
7.837869061430522422e-01
7.433769720567782180e-01
4.953352433123093257e-01
7.490378087704867571e-01
6.060708469423417011e-01
1.327938072367282341e-01
7.882363991496220690e-01
7.013876090299844268e-01
4.388988778223509857e-01
2.278238527244813849e-01
5.979104349542939678e-01
3.585464887211823881e-01
3.664147565812918006e-01
2.409683488051296285e-01
7.440333225716991850e-01
3.656074350630871828e-01
5.719892502041762361e-01
5.514070363842265010e-01
2.092358208783333118e-01
2.414001626887304075e-01
1.683464715298408909e-01
4.851878559341603059e-01
2.814555812675872959e-01
1.125117553209411814e-01
2.388197933087476965e-01
3.285441411084276120e-01
4.078359352649659764e-01
3.578601126333443849e-01
2.320900082011666532e-01
1.262117613287416784e-01
3.003124817407679670e-01
2.973298893957954797e-02
2.696570693539244168e-01
3.949441226617541600e-01
9.048092002002387779e-02
1.395051713050345643e-01
2.506315094719975822e-01
1.519962704702960687e-01
