2.380136861849227614e+01
7.077763078089971849e+00
1.786950070107670374e+00
2.438100752420588879e+00
1.358963360281314481e+00
3.295780339002761239e-01
4.245728078653406845e-01
7.853795040113853432e-01
1.577233025482284168e+00
1.394174506738785402e+00
4.929252375546407938e-01
1.312744606286082139e+00
1.736507016671506420e+00
3.199926951471702696e-01
1.215557936556049157e+00
1.076544068028567391e+00
1.384420267577127550e+00
2.505542973026690934e-01
2.740587978343875797e-01
1.098800610963915902e+00
4.837342001144135373e-01
7.218939804613702105e-01
9.193472749793493159e-01
1.040154687627245833e+00
7.476163417421856083e-01
7.595650864088311360e-01
9.432834633472856334e-01
1.379113153974532047e+00
1.101402708850779621e+00
9.138251309407360301e-01
7.521572720005214041e-01
3.176622859059111681e-01
1.820797340224725447e-01
6.969462664383412331e-01
2.023729045344552224e-01
4.192067552673579001e-01
3.825172917491664881e-01
4.184635218930407019e-01
4.982660209999034695e-01
5.001161223518171273e-01
