4.922301736066564182e+00
1.318315121460044814e+00
8.145177332083429755e-01
5.402066895597236185e-01
5.572396197697752074e-01
3.996639989536704962e-01
4.227652170875865201e-01
6.114601241893988792e-01
4.815278034520638073e-01
2.337581211863091757e-01
4.109492151825652195e-01
3.167835694532505353e-01
2.122146674942092248e-01
4.815824041546442474e-02
1.127729481809156414e-01
1.744169298143863900e-01
2.519124045464254391e-01
2.013781215434634064e-01
1.465302644114974406e-01
1.920967349947221292e-01
1.695984649197551375e-01
2.179445758840267700e-01
2.255412846915335057e-01
2.152270832367578490e-01
1.480724121613944122e-01
1.044493626672413078e-01
1.479503154109335916e-01
1.351953855174478081e-01
1.503475015018054528e-01
1.452625479666075636e-01
1.158914111057244289e-01
1.002227658732004062e-01
9.821673544871059591e-02
9.824689628423695364e-02
1.348867975961026144e-01
2.057755443332887624e-01
2.120595147663618951e-01
2.194968546753072458e-01
1.538078372616434597e-01
8.575274391399546892e-02
