3.386456479931074881e+01
5.462053714449737640e+00
3.267471233702264666e+00
1.104089480331027939e+00
1.676348164430151222e+00
1.422761543021171082e+00
1.613322318608292782e+00
4.116059647001332755e-01
2.305064282328774805e+00
8.949044485935933047e-01
2.028959237646790648e+00
7.235284194420579240e-01
7.596505890374471992e-01
3.779895600220108953e-01
4.867412000182437248e-01
1.162368714271284631e+00
5.712154728714863294e-01
9.725353956519875442e-01
4.294362114313492462e-01
3.804422957676770189e-01
7.089400153192028098e-01
4.565593210561298410e-01
6.528756556434314184e-01
1.843527291738254470e-01
1.962507498564989572e-01
5.065415451925229379e-02
5.292969397801743359e-01
5.160455040521553238e-01
1.868891323246288094e-01
2.813243052838209080e-01
3.458342520866992120e-01
5.959657596907663724e-01
2.365156991307938439e-01
3.794544667847940533e-01
1.761767657574410118e-01
4.680695518863938198e-01
6.234427173061692917e-01
9.621888801720791806e-02
3.384373117449166468e-01
7.060196783810509524e-01
