6.280938325294522784e+00
4.358385711450488698e-01
2.058573220427189210e-01
1.348071710299940107e-01
2.390035878625651200e-01
1.706326055180461820e-01
4.461383837973686428e-01
2.732202204528526024e-01
3.427523379972435835e-01
2.029260004654822869e-01
1.609248932111923824e-01
1.298333011849816809e-01
5.655171061344387018e-02
1.637622412668406635e-01
4.775580852748560062e-02
1.574541612572178950e-01
1.236860681151001617e-01
1.706038281671914958e-01
1.628401505352344292e-01
9.594693801737003147e-02
1.357388595401569920e-01
1.588718696051948653e-01
1.608304623366882957e-01
1.087532189967898716e-01
2.723502358358069753e-01
1.000308028691445222e-01
1.341996591128382377e-01
1.326052670696937219e-01
2.475097918082017068e-01
1.404954500368520987e-01
1.977879131516513678e-01
1.353543524026803169e-01
1.933268075796876206e-01
1.498646160475815836e-01
9.937021511877838775e-02
1.039153724195193140e-01
1.125688849419706206e-01
1.151790339299453569e-01
8.473139821262612448e-02
6.994218963714446402e-02
