2.078507063552349621e+01
2.743924972538813289e+00
3.130157283006332669e+00
1.370644554127895098e+00
8.585326853617257781e-01
2.271488370006400803e+00
4.250382231066688887e-01
1.254307831603288959e+00
2.404409439980993213e+00
1.652317456423057607e+00
7.889853862574702781e-01
8.377389559085686166e-01
6.516827808012926049e-01
6.419796360459686380e-01
4.541083136814735854e-01
1.258726813591473315e+00
1.037581428648101545e+00
1.247276045866573535e-01
5.169383327305292486e-01
7.059851734493111097e-01
4.637331950442510342e-01
2.946644873564603917e-01
2.802886955606290753e-01
4.617829179977562259e-01
2.563377746195416029e-01
2.284816362418209679e-01
1.106649991550502921e-01
1.931467110099860107e-01
1.967342123804856346e-01
1.038504191648080693e-01
1.543332889178716527e-01
6.210714199879809744e-02
2.935376663075785486e-01
1.167300799766319841e-01
9.457992830170147691e-02
1.593590597638944173e-01
1.968418887036396669e-01
1.223354928921089602e-01
6.050689463776771915e-02
2.594332290365665428e-02
