7.511832034496283228e+00
5.818288993169380419e-01
5.641481858386054871e-01
4.289775798992568334e-01
1.265900598068327110e+00
8.445730027030678988e-02
3.513711443421102532e-01
2.808005913854487723e-01
2.672316045871216406e-01
7.062202368415536335e-02
5.509533761961484810e-01
2.554209332063447913e-01
4.453736342303578066e-01
1.161640815913013713e-01
4.481354477674170389e-01
1.257153796991143380e-01
6.464145984688005053e-02
2.108594570824599002e-01
4.166761233786100971e-01
3.642314397179901575e-01
2.177407276107311551e-01
2.739155820712877443e-01
1.702181977753584319e-01
1.831383938541864265e-01
7.964087335933349443e-02
5.857771687038413472e-02
1.206751185448081271e-01
1.274402611738544022e-01
1.723003474523456258e-01
9.645816318479870366e-02
6.329352212386431253e-02
1.168153849429438979e-01
9.533678336695411426e-02
6.144067161042379016e-02
1.283780061462051203e-01
3.720393556604147806e-02
5.460124582864570725e-02
1.125025878590208417e-01
1.369122226188786151e-01
7.061026093819357252e-02
