1.246715315007014055e+02
5.422296720640265022e+00
1.392131988346767990e+00
5.099342982065020458e+00
4.530197134253870495e+00
8.720106584052732757e+00
4.564873390470578940e+00
3.957855660025236588e+00
8.206555347471244488e+00
7.985889483343307838e+00
2.974215251091873125e+00
1.745736618839752952e+00
3.262396190128096229e+00
4.388595584147244821e+00
1.780700356071818202e+00
2.188062017459631026e+00
2.159451387292719460e+00
3.720217167963105087e+00
7.913646265886683517e-01
3.464695389223908517e+00
2.897366017656759052e+00
1.291770766149004102e+00
1.928197476100823371e+00
7.581470538816492688e-01
2.661346471441222050e+00
1.535427245603713020e+00
2.369113382253130506e+00
3.844690997783034581e-01
5.616963201845149856e-01
9.746969492130240775e-01
5.085857086337153277e-01
7.328478437503072040e-01
8.435028549694262301e-01
2.230529790629443898e+00
3.434447104860208211e-01
1.252919762065735076e+00
1.452646078715721378e+00
4.986247765551689026e-01
1.313891203013273667e+00
1.339407836538472285e+00
