1.268596779576331812e+02
1.606999334420344594e+00
3.122218046589939178e+00
3.597730117802816263e+00
4.196450239584368802e+00
3.255906992154514512e+00
2.630810978237877684e+00
2.201899139670132843e+00
1.461258742610381578e+00
3.020545251772090989e+00
1.406463146346150328e+00
3.800206014092827544e+00
3.501511387933330610e+00
1.056703957388939852e+00
6.208765627025613076e-01
1.700556659877491938e+00
1.379263313981569095e+00
1.299005512592144695e+00
8.216526239267650800e-01
1.146071504698817689e+00
1.899547030060907415e+00
1.483309204715981711e+00
1.756592962949182546e+00
9.739970601839146314e-01
7.293939402322385801e-01
9.477116642509191280e-01
6.868737283328169019e-01
6.992261857739618947e-01
3.246678506685561905e-01
7.729937315103082573e-01
2.296613406844213168e-01
2.136462862204408231e-01
8.067240236314148216e-01
3.346054410024203452e-01
6.113050532637572809e-01
3.371496328157828071e-01
4.814046609515310604e-01
5.040433506528060326e-01
3.314825744164134336e-01
1.621381534008413672e-01
