5.204706244488122024e+01
4.776670039639955512e+00
2.280905570187536924e+00
2.472310053843751465e+00
9.034862549136987164e-01
6.957864176042777293e-01
3.594945837453835669e+00
2.260256638808813889e+00
8.529802094361021991e-01
9.648156176557742825e-01
1.264020788578928967e+00
3.935749298316982836e-01
4.461240371184650444e-01
2.524941984320291377e-01
1.304843013970754528e+00
5.737526417368519205e-01
5.533812046965739251e-01
5.889160081597355489e-01
6.120480616989635303e-01
3.179970659288541834e-01
3.870818406731867389e-01
2.284481915459688484e-01
3.419849999330296098e-01
6.302112942771428417e-01
4.395832202877053563e-02
2.014091340332774260e-01
1.643708781100970684e-01
1.937207969837370369e-01
3.920491242992217296e-01
1.947483549462945829e-01
1.397883603880398229e-01
1.366996067074713606e-01
1.611396464135160522e-01
1.687587333482443996e-01
4.532738238432384298e-02
1.096792650656313872e-01
1.559132071527411234e-01
9.797527356645864549e-02
7.996219322284660314e-02
8.826908058089549813e-02
