6.672263577794542755e+01
5.198250040509520886e+00
2.043871544532204876e+00
1.760676725436132184e+00
4.026624162171827948e+00
1.459391512788684064e+00
1.394457802428701321e+00
3.728092191363948427e+00
1.844373952208446354e+00
1.048378443183143771e+00
2.529178746123626365e+00
1.001883767926392332e+00
4.073393801381359758e-01
3.766069731369461326e-01
1.447168296530947584e+00
1.691770932639118818e+00
2.451097099089687426e+00
7.125053778144055938e-01
7.199229025904947399e-01
6.197379345989497690e-01
6.754315409782547519e-01
9.397593405141977385e-01
2.124358157528334345e-01
9.372719116680547913e-01
7.814118370793682322e-01
1.008932132530453663e+00
2.429268196376236366e-01
4.202553343776133099e-01
4.474975703717519182e-01
1.045357783208444857e+00
4.658041692668543066e-01
3.898986919019360453e-01
6.423423620230697129e-01
5.061656915574800353e-01
4.264621993318485349e-01
7.402871605639640418e-01
7.178038770152819215e-01
4.768938072265182515e-01
3.320231089832705318e-01
6.898200345158295166e-01
