4.729794228244540477e+01
3.254450618630687853e+00
4.071500324147154792e+00
2.091503137146201396e+00
1.593776214593898288e+00
1.898158362784920117e+00
6.646924624699004358e-01
1.687801439992026475e+00
1.576200207299146339e+00
7.340763851885153679e-01
2.153160357859613683e+00
2.352841289616622422e+00
2.589368323222684509e+00
5.966716729080105974e-01
5.153193412414579511e-01
8.717017256126834424e-01
5.973432837415104668e-01
9.898334585567692967e-01
3.223735597026297084e-01
1.142692628195667304e+00
8.575373047420676853e-01
7.344615436228540961e-01
1.098845214418379346e+00
9.996685007197138040e-01
6.915403340084317341e-01
7.508287893639082888e-01
3.936153771221312381e-01
7.116948928555053566e-01
6.194346679973614656e-01
1.810817377025021602e-01
4.526193622763779456e-01
4.764173605936595779e-01
2.944647168631264744e-01
4.536854702101233427e-01
3.559484772791266516e-01
1.259967747024361151e-01
1.351591392826527183e-01
2.451801600924927160e-01
3.794661082920304795e-01
4.661807911543128929e-02
