2.800494151792432618e+01
2.771645616732631545e+00
1.854182844857316770e+00
1.485876074170136008e+00
4.003601188905774322e-01
6.539504687557344820e-01
7.118473522596612257e-01
4.281698977322314081e-01
1.493247050978664392e+00
9.751799839672817827e-01
2.554895965128594071e-01
3.873528735756358032e-01
1.125132577278007862e+00
2.581127530888856492e-01
5.148254961222641368e-01
5.088401992456981215e-01
1.365499760271363383e-01
1.528793339874759960e-01
3.642940057095111483e-01
3.065480183252316526e-01
2.232776170365468327e-01
4.059000206306500047e-01
1.799286285104524652e-01
3.814307827799570116e-01
3.399116884162398655e-01
2.220529667177379707e-01
3.343982004377455408e-01
4.287033545630599685e-01
2.245387163247754003e-01
1.343985129442682447e-01
1.173552625204739575e-01
1.488560397218582076e-01
1.688428705405838892e-01
2.342368217627266713e-01
2.204887125321063762e-02
4.185226553208269695e-02
2.656795999714985368e-01
6.997893136757377119e-02
1.444414654232076267e-01
1.674300424263951426e-01
