1.521258799640817188e+02
1.151256366685529464e+01
3.138761296141694412e+00
9.926029173995244648e+00
9.323392726578239476e+00
3.686626632326490682e+00
5.449762042632094072e+00
3.596962120145685837e+00
3.712603993013171344e+00
4.448970469235077552e+00
5.898475154071872950e+00
1.864869793812110599e+00
1.637969569720404195e+00
5.786987731343317343e+00
5.994992255314492979e+00
2.866826533775876040e+00
2.252665761795134447e+00
3.164728063262651325e+00
4.664381606831822680e+00
3.981296806287465628e+00
2.351125750420206550e+00
3.700939651143366760e+00
1.105454217966297392e+00
2.939178326933919116e+00
6.732159724245018184e-02
3.103770920678985412e+00
1.151486958944397010e+00
1.113583690165877771e+00
3.666860825507435528e+00
1.387036237195709898e+00
2.426942816911784817e+00
1.719027910694346462e+00
2.565744783642267102e+00
2.161009106530961787e+00
6.282360966574256356e-01
1.234881486921491467e+00
1.401967236264388683e+00
1.092020690311377606e+00
7.198011048607780848e-01
5.029658623324227973e-01
