1.713776957280984732e+02
6.809432706740452090e+00
9.307322818381919660e+00
3.660465051385777713e+00
3.132683229677176939e+00
2.886741767136810743e+00
8.485417880249800149e+00
3.645979746870231075e+00
2.964614944617975034e+00
4.107330425759982084e+00
8.731475903363262958e+00
3.493096578101017036e-01
6.152378653039328071e+00
4.662854356112185350e+00
1.876079927961526783e+00
3.369067601006570545e+00
4.517706698934109255e+00
1.364400304137239450e+00
2.543118988688974458e+00
3.773157195220798954e+00
2.209930250726944934e+00
1.564228459744829269e+00
2.196720053760206071e+00
2.168159228889006584e+00
2.116200472050843828e+00
2.741373464394449844e-01
1.729207791543200035e+00
3.768122812189242388e-01
2.861001457372405188e-01
4.945329845989404061e-01
1.243941386390072124e+00
1.936313700084245859e+00
1.532962459287991797e+00
2.731896316209754261e+00
9.193324485112376321e-01
1.202772731095984149e+00
3.381123772524201598e-01
1.781339481494526478e+00
1.632406603646489707e+00
9.429094517051239688e-01
