2.522303636547319741e+02
4.141520442948380065e+00
5.555008610947248293e+00
8.972342351323030485e+00
3.786581402644509708e+00
5.873699781260729225e+00
1.833155213219380242e+00
3.356514631804181636e+00
2.240631918007379042e+00
3.110547519148962881e+00
8.062322868090273431e+00
5.417736370909164156e-01
2.618351549044451332e+00
2.418175182999211525e+00
1.811695243809812839e+00
8.815036764847603568e-01
3.856915237776679106e+00
2.553287411427237696e+00
3.175099145340174900e+00
2.351346156925965936e+00
1.261164306601426199e+00
1.330738214394988628e+00
2.863554987916725469e+00
2.055068253251992161e+00
2.200694664350616225e+00
2.238000727296195702e+00
3.367313292268284464e+00
1.988652896983958085e+00
2.192254449546104489e+00
3.099131054097148397e+00
3.983284355457030745e-01
3.225767520917468545e+00
7.021228054590462619e-01
1.721270287190766135e+00
1.500408684458504949e+00
1.215565412502463305e+00
2.083188371486499157e+00
9.261237262803745374e-01
2.273840873357963588e+00
2.002868606053816780e+00
