6.943947552574974225e+01
5.958692193671208948e+00
1.667518990779944810e+00
1.846686793580383457e+00
4.411796367332488367e-01
3.006993494276206658e+00
3.202472340612606772e+00
2.083036781641671720e+00
8.174785818772450918e-01
8.068839998786903056e-01
1.574999247614661479e+00
8.376085188429376327e-01
1.614948818099523065e-01
4.514766776973443418e-01
1.246080554002651386e+00
5.354825207359353856e-01
7.648616972855861729e-01
7.484711661091971724e-01
5.111662984703035928e-01
1.479703567384521024e-01
5.921801584255564910e-01
2.795987866651874487e-01
3.694654882668856333e-01
5.797774445594272574e-01
1.892909980353976174e-01
1.399794695749281004e-01
2.028528460577090908e-01
1.295535791200062015e-01
3.705651656357596413e-01
2.558019770982706276e-01
2.449141861132797249e-01
2.349905045740333376e-01
1.828241991745155892e-01
1.573699482345656542e-01
5.787090603541827916e-02
1.131611689891658806e-01
1.848404061550850686e-01
1.299822980219453028e-01
2.031365965552868746e-01
1.262339785254186775e-01
