4.767394200687425609e+02
1.785923798691899878e+00
4.133852633372292473e+00
9.974216470180580885e+00
7.249027852639159164e+00
3.151644973650025250e+01
9.509660375817238886e+00
5.206316945806532814e+00
5.963164464539530307e+00
9.651324164676585937e+00
2.326283947375999617e+01
8.787617179981117133e+00
8.560409723400534077e+00
1.862834396871024722e+01
6.898637454711698425e+00
1.971801438357907799e+01
4.737920286191452668e+00
2.896606035962280057e+00
1.188045497410594109e+01
4.498910105809951432e+00
7.725684159414365482e+00
3.789218161704770438e+00
6.469628456248995185e+00
9.135237566263198161e+00
7.114414906833800067e+00
4.846244145925194147e+00
4.894322662023689041e+00
3.243822037763443689e+00
2.169011563205542004e+00
3.139817588704850060e+00
2.907240523711795976e+00
3.197229849791780154e+00
1.979180291559554883e+00
6.141670176592488595e+00
2.458874382900971156e+00
1.814059385978365357e+00
1.841682905200290987e+00
6.045515451291684217e-01
2.188706461416850324e+00
2.709133130018766877e+00
