4.113807683672182236e+01
1.404399470757740964e+00
3.444734804111206916e+00
2.042920546903428836e+00
6.843582874878565425e-01
3.740731133735688996e+00
6.610337826782047843e-01
7.272633756084158074e-01
2.021933907746838344e+00
4.024110079766782810e-01
1.615001138691590343e+00
8.454670958876000508e-01
1.433612473210002181e+00
1.730099764654362993e+00
1.614507390514086538e+00
1.416846599479868463e+00
1.683620796316596113e+00
1.281748345661365196e+00
1.118150914385988015e+00
3.726156619353828137e-01
1.041529278456264640e+00
6.240159961658520160e-01
1.088103403955089421e+00
1.433996923752109298e+00
2.104667153891682130e+00
4.283310705403172158e-01
1.528433394287519453e+00
9.431793447037645217e-01
1.844657056426028674e-01
1.230501053716983817e+00
1.282914120806559088e+00
1.169805295043908622e+00
8.903779070464051815e-02
8.906261416931632313e-01
1.192019508377100356e+00
3.834111741801385365e-01
3.893365439130292427e-01
1.171199918175523047e+00
9.971055238462113168e-01
1.659736963750236605e+00
