5.320030193532956275e+01
9.969276122346544255e-01
4.100056818548106108e+00
1.127583898194121081e+00
1.017275457715958620e+00
3.670321223918250109e+00
1.527072040970558486e+00
2.158103509755734173e+00
2.624517087554770089e+00
1.244291350856181921e+00
5.829551082998826184e-01
2.494439289132910353e+00
6.953875277177203884e-01
1.283667024883914598e+00
1.868789847595897058e+00
1.849617640692706955e+00
1.207798763417674559e+00
3.796152813301232332e-01
5.911774235970603808e-01
8.957745580427942667e-01
7.003947900925608927e-01
3.648849173839904814e-01
7.646859102872188840e-01
3.980734482272108576e-01
1.690921615166709746e-01
3.711039461907553738e-01
2.855620103662691589e-01
5.659447045104591956e-01
3.459052992235947532e-01
1.086996987160468719e-01
1.503714632345769520e-01
5.483010022702779207e-02
4.041269474225411273e-01
6.311698388381975500e-02
2.194334155947641196e-01
1.035920158137863950e-01
2.928022670001569905e-01
4.139684118888405789e-02
9.595867957581398489e-02
2.372860665227179422e-01
