1.613390183711239843e+02
4.095145593152935248e+00
2.914628470028836738e+00
4.209404564037956931e+00
2.172822734660177613e+00
1.669652618157917212e+00
3.226513654616386173e+00
3.660828047897782600e+00
2.092694929731814923e+00
9.524225965598529520e-01
4.563709076973966883e-01
1.190741720112830970e+00
2.485149935963036683e+00
7.072919977177172246e-01
1.413665905155158997e+00
9.143458439485744327e-01
8.992281213799978579e-01
1.084485101120727490e+00
1.011030791593854561e+00
1.447693726251555901e+00
1.184837388684590653e+00
1.354480629414419379e+00
7.533674901637552601e-01
1.237022267457543290e+00
9.291965323351215611e-01
1.737772425651968877e+00
6.352101404732458656e-01
5.098774877445291231e-01
1.532817532369299185e+00
1.341081757425978578e-02
1.133547339522104069e+00
1.584438352290380436e+00
5.244666584897956785e-01
1.070023073756968479e+00
5.822533919741857966e-01
8.487489098928964193e-01
1.170732723517692309e+00
5.299302807510896107e-01
3.336083761010943949e-01
6.562543103813059941e-01
