1.844289193054826228e+02
1.761687123166310487e+00
1.041402957656809791e+00
7.263642366363042058e+00
3.151399731941484816e+00
1.405563662925873647e+00
4.293997482977253810e+00
2.917876380832640670e+00
2.185271219114024888e+00
2.096915737444541961e+00
1.552326266139192779e+00
2.058440647651317068e+00
1.721299739609664092e+00
1.301528934746467803e+00
1.587293138448941043e+00
1.069111826254061537e+00
1.535362879873477970e+00
2.106657772888107960e+00
2.112903589585722663e+00
1.197578661157773228e+00
1.255046900441165736e+00
1.346447977167820165e+00
5.119626519010753718e-01
9.450501458119490994e-02
8.632342125710475988e-01
8.562013500813635547e-01
4.610654877769453097e-02
3.217596384627894324e-01
1.021973416283633584e+00
8.231091571372070037e-01
8.257189931883780476e-01
1.330432440799415694e+00
1.007097438068855988e+00
8.012486415630725167e-01
9.669547917962937333e-01
8.985260387415138217e-01
5.839179386356303514e-01
3.154001304867508071e-01
1.178999301907290409e+00
1.278119145165867443e-01
