1.555166503599515408e+02
4.741476512143746186e-02
4.004784059921973061e+00
8.455979817175176549e+00
3.578777143393191640e+00
5.396601882318028842e+00
2.284197541838355328e+00
4.426318892400402660e+00
1.738256151121069459e+00
3.239072847977616298e+00
5.728081744221523053e+00
1.887423959777741356e+00
2.593022909550691146e+00
2.787303476214769038e+00
8.489325137271241939e-01
1.192723331825424893e+00
3.759714128967049707e+00
3.021951034452567075e+00
2.609005052180338957e+00
2.069162863650765516e+00
1.919278063218586849e+00
2.036634248859551799e-01
2.704479911928816982e+00
1.261631271383224506e+00
2.425721224283643007e+00
1.986026604552641350e+00
2.983564219823387820e+00
3.821568289323156176e-01
1.781244973810197862e+00
2.682539504955527843e+00
1.370857601143200766e+00
2.538035485603256980e+00
9.849914855242615230e-01
1.700017005798389436e+00
1.259522644882398845e+00
1.018273662717771533e+00
1.848854198480873956e+00
5.604854185785018705e-01
1.705309103378059854e+00
1.380531301146535217e+00
