5.748340779621408103e+01
3.693201047533452464e+00
5.868791792414265629e+00
2.849236089519511683e+00
3.511415974218937919e+00
3.084306006485010521e+00
1.713670312542280527e+00
1.513717138813594376e+00
2.624643022010225035e+00
1.625582710872788716e+00
1.708937070216332454e+00
2.888987470442951899e+00
1.451016889444583846e+00
2.034538285688664239e+00
1.606577913821810366e+00
1.981853949542456306e+00
9.213412216196958937e-01
3.225734646763463997e-01
1.325973570241189892e+00
6.830159024050804772e-01
1.329452048783967832e+00
5.909545424074386100e-01
3.842898964450465749e-01
3.833239444151917419e-01
4.606453814722360485e-01
1.951207256440367077e-01
6.792357482998767626e-01
2.916803227365669660e-01
6.139722227615572736e-01
2.987992767351771994e-01
4.030952540476900881e-01
4.555946143986749908e-01
9.239693863597342460e-01
1.152780453877072508e-01
2.745380634509148043e-01
9.474229438934618219e-01
1.465623557278040168e-01
6.368544466348088351e-01
3.114035006936974326e-01
5.850467211011339125e-02
