1.083588509374271069e+02
5.897061509082939246e+00
4.064180257008488617e+00
1.922539569111197499e+00
2.885654586960099355e+00
6.077631132298661143e+00
3.539256399991216107e+00
1.852337907374991932e+00
2.188766709221690476e+00
1.093945631667098795e+00
2.054876544949679484e+01
3.801343502464980428e+00
6.683665107747214229e-01
1.203928347461112658e+00
1.424322625959896227e+00
1.212626141969828542e+00
2.004652140731412846e+00
2.411102779633419679e+00
1.151973089990183663e+00
1.318391223557470626e+00
3.007257093103576473e+00
2.403103578910605886e+00
2.405310370351654292e+00
1.497414820698423243e+00
1.264929353418195124e+00
1.026076161932276687e+00
9.846036810636265013e-01
2.185052710958849786e+00
6.397164815049930509e-01
8.776394817621233635e-01
1.098377731966569959e+00
7.419005006436627525e-01
1.876673908549495229e+00
1.016869602021771790e+00
1.008450027093316326e+00
8.405582820404399191e-01
9.879294113932256538e-01
7.999363220136195274e-01
1.293210121660324674e+00
1.096701826255265688e+00
