1.448993040898243407e+02
4.520935313908834630e+00
1.557887144615835773e+00
2.073361394759485776e+00
3.265124212993406605e+00
1.523575921862251992e+00
3.321533580199566682e+00
2.227363116115498531e+00
5.832580074725744801e+00
1.833292187251316818e+00
2.261277317864997194e+00
3.794449729282049155e+00
5.856721383419406735e+00
1.956460854489929346e+00
3.064720064024824886e+00
2.021511402627854448e+00
2.954068482332083967e+00
5.380598694228217127e+00
2.249229644501381298e+00
1.813100051080865915e+00
2.701608470303873411e+00
1.033280017947376450e+00
2.427216853543858743e-01
5.432933218195384883e-01
1.098255268311520760e+00
3.362886350818623526e+00
1.947647226451734381e+00
2.400167878125533782e+00
1.149264505641165446e+00
4.036736547282685272e+00
1.735752448554640726e+00
1.761387231869339098e+00
2.337575650192510235e+00
2.021239711369526848e+00
1.139172085635272946e+00
2.028992228816081322e+00
7.052513382226028860e-01
7.042823149746849642e-01
2.591905551140966768e+00
2.947135759924759846e+00
