2.784184436812216745e+02
1.203049880798736426e+00
2.887997493660615866e+00
1.003551595461763668e+01
2.876530913192623551e+00
4.279070613189599470e+01
5.686064443283617820e+00
4.767988878452926294e+00
4.489669855615922245e+00
5.538934321653551152e+00
1.737370879628414144e+01
1.137225825962139858e+01
5.946662992045095741e+00
9.001452068159712994e+00
4.300064429178699577e+00
1.269163501623733126e+01
2.027166296454373295e+00
3.760149991288200155e+00
4.678295219068841604e+00
1.281894181559299906e+00
1.920582811932607159e+00
4.114039696435217164e-01
5.433179743694384278e+00
5.715248752665340604e+00
3.968140082729814555e+00
2.828963369902967262e+00
2.018075787805067023e+00
3.125171892779572858e+00
3.773331675007908448e+00
2.132233914614747761e+00
2.114286449088591979e+00
3.747951582583893604e+00
1.868865792981219576e+00
3.657480456747281394e+00
2.737501398688835241e+00
1.720444068232998003e+00
1.343644945219883535e+00
5.814922110638061081e-01
2.765518643775880747e+00
2.291944820100551450e+00
