1.277396275775044217e+02
3.780569038588059705e+00
5.963383065758545598e+00
1.196528144989170883e+01
4.396096481481985840e+00
3.757508021510846508e+00
2.448537335081245825e+00
1.460872524265342198e+00
3.904155993558921178e+00
1.506995572852442677e+00
4.058436669990439505e-01
7.505169848394540599e-01
2.737061769937433553e+00
9.987428388981435257e-01
3.156026914436961484e+00
1.341307827846921263e+00
3.707750147544918384e+00
2.530936908620298631e+00
1.863750835693056329e+00
2.146549828855086606e+00
9.744488040550836061e-01
1.641041025779578000e+00
1.391996161083068229e+00
1.849824237630125212e-01
1.779815357461015823e+00
5.138061214927133191e-01
3.185206249944352863e-01
1.108898097255304416e+00
7.178004880568644719e-01
3.376732477536848465e-01
1.008104090260288466e+00
4.362574484272114250e-01
2.265694604715389748e-01
8.261151575684676507e-01
4.179821902228852415e-01
2.575857989625812139e-01
3.444099390891637302e-01
2.531370809001929345e-01
4.793481069551339679e-01
6.506238012356923006e-01
