1.293880569569396073e+02
4.085007400695506163e+00
3.956565279618643682e+00
9.719654689176689288e+00
3.359933481800980282e+00
4.908670750863285193e+00
1.075662325606910885e+00
1.232088479186637775e+00
4.922384900442537514e+00
1.555924516504179289e+00
1.518111894933845685e+00
1.363880230898624202e+00
3.248313994488072787e+00
2.188408976688523300e+00
1.561538924912684756e+00
2.019867467104308645e+00
2.444962556209424154e+00
1.282037258445110517e+00
2.056415036257182472e+00
2.091764121219112038e+00
1.507407836033724413e+00
1.153815913117420600e+00
1.219584938844489708e+00
2.659868010008755168e-01
1.544450095484023011e+00
1.001595301264198046e+00
2.590266827414494655e-01
1.429394450472016409e+00
7.345558420798745658e-01
8.027672182612829443e-01
1.127501906107704066e+00
4.499702091452079111e-01
2.941708945248601714e-01
9.184080536934451366e-01
1.510267758872710919e-01
4.219064845517432327e-01
3.012898205419640152e-01
2.878194272590557379e-01
4.501461927364741600e-01
7.678574350237870050e-01
