1.734489357610634954e+02
3.903726301013059619e+00
3.000897281221452495e+00
8.521396098775243289e+00
9.501142899408247189e+00
4.462195204090585676e+00
1.351114391603420550e+01
3.030285943979967644e+00
1.791299038181310754e+00
8.660335884700659292e+00
5.562890239529097336e+00
4.748794108272746506e+00
7.139190004132498935e+00
1.975853786914878896e+00
3.966857711505340500e+00
2.913711973080386208e+00
1.892610713230534092e+00
2.244208648158664943e+00
1.788879170736439539e+00
1.901151773001898526e+00
2.331273325689793730e+00
1.802536308858148972e+00
1.160520998012828819e+00
2.045638301297746597e+00
9.206720402854632335e-01
7.837507072236028494e-01
1.197119708185618858e+00
7.275123865738837292e-01
1.507025458102414062e+00
1.966382641711878820e+00
2.566040292247559584e+00
2.714474461211502820e+00
2.973899855915059565e+00
6.025643172925665425e-01
8.052601489374522359e-01
2.945582460990161078e+00
1.269289419944457542e+00
2.757039889346757366e-01
1.464540935574123903e+00
4.455838961673712628e-01
