1.739046546511877693e+02
4.518137315170020152e+00
5.717541537594579282e+00
9.348534420501396269e+00
4.585801476816382838e+00
2.818429203623280976e+00
5.034961455298446076e+00
5.404524285763426583e+00
9.467324381149994750e+00
6.407768392722731576e+00
7.443346843878504870e+00
6.860272550810287973e-01
3.112606703035886380e+00
2.244935133920701542e+00
3.677142228976097993e+00
2.535830308452542425e+00
2.754212430997031724e+00
2.524373460293620752e+00
3.116305202568942168e+00
7.891328266699803029e-01
1.581766346518428179e+00
1.774675263263477243e+00
2.221655034713031718e+00
1.230610957008649864e+00
1.441718102936671242e+00
1.285810655851434614e+00
1.960511950033002160e+00
1.210566053638118644e+00
1.095200386038384543e+00
8.452230209118826165e-01
1.296475699443139895e+00
1.240818899170909262e+00
1.739117942749561552e+00
4.043441922546419098e-01
1.293949375442681848e+00
3.395078538592187223e-01
6.749255670280130959e-01
1.708010228532733876e+00
1.471747811356538982e+00
9.892055315132679549e-01
