1.694340753496003416e+01
6.216227988293278051e-01
1.994120357922488207e+00
2.602515114296565901e+00
2.393048187270720106e+00
8.675032707820293787e-01
1.257972173331039167e+00
8.587941697153599341e-01
1.447511295323249181e+00
1.317605713206245754e+00
1.551220570430037027e+00
1.246086722722770102e+00
1.249690183513999742e+00
7.313894988418293552e-01
1.024409509193366263e+00
1.275208492516203718e+00
1.083616866042420357e+00
1.586133231304789337e+00
1.020624368549278627e+00
1.099065377267443688e+00
8.209761361853639139e-01
6.776400994891480511e-01
4.259945559899485090e-01
8.484094319440806942e-01
4.144569039374349506e-01
7.146779338475069965e-01
5.717979098856903475e-01
4.386786447953006651e-01
3.713928412411410251e-01
6.449843125099875563e-01
1.838217322977621360e-01
9.296814593503244240e-01
6.353844967074382399e-01
6.150695058169475260e-01
4.930049661033321096e-01
3.666292583140159378e-01
4.620685265033903089e-01
1.105921852861433963e-01
6.631969571652857054e-01
3.404737829101478486e-01
