1.162117348832675745e+01
1.211789705100767112e+00
2.087114688136168628e+00
5.879031660935232217e-01
1.194981960713745073e+00
1.392997001822124048e+00
1.251915250038273975e+00
3.028472076048761147e-02
1.782243526073416240e-01
2.898363058879827037e-01
3.375536266258444829e-01
3.443492384504459602e-01
9.404022057032537241e-01
4.756546706130497792e-01
3.417178005197751833e-01
1.069206682398594760e-01
7.526558805631561322e-01
4.782250297573135689e-01
8.108947523305444216e-01
2.352200544471534649e-01
3.059086430696251191e-01
1.469205012244903519e-01
3.955895425307470181e-01
2.934205154285328132e-01
2.592682349131159580e-01
6.445693545217651144e-01
3.432012477249221094e-01
2.266203856751082824e-01
4.630550417821298614e-01
7.476278342606042238e-02
2.845455992079404806e-01
1.263693960470688438e-01
6.750260134116975452e-02
3.154971347197462750e-01
4.690264947174078713e-01
5.970624114290500328e-01
2.907917894223437383e-01
5.630124338178450483e-01
2.257672003343317579e-01
1.757509244774278778e-01
