2.239522733681561917e+01
6.076073747472494624e+00
2.543850234268314470e+00
3.719815770072640859e+00
9.967492313156114392e-01
1.036292429167937401e+00
1.173469962495649721e+00
1.636126126694170901e+00
2.235999182510440164e+00
7.802196002111040363e-01
1.997709713666129483e+00
9.427588175254776326e-01
9.555958769283230403e-01
1.251454186945321290e+00
5.493086029132071557e-01
6.791226768865239460e-01
1.066832526282753602e+00
2.851975807176388433e-01
1.206123070440394685e+00
6.158955737589394408e-01
6.505399810252734394e-01
4.126248981895741519e-01
8.316958865366771425e-01
8.306411803316173792e-01
4.961626397537600708e-01
8.382166489470854742e-01
9.476296538255247759e-01
8.399646733183131486e-01
5.653866103688823808e-01
5.797623827624793780e-01
7.142554716057593067e-01
5.318459277360150228e-01
2.238792820697609043e-01
2.343277060118820199e-01
2.991201197056134187e-01
4.153698450416723476e-01
5.174241692222836253e-01
2.981685292278352661e-01
5.550371813709936708e-01
4.977365904411918396e-01
