1.099033648785415949e+02
1.461393348238603984e+01
5.145236301840289350e+00
1.404273701245119099e+01
7.295001442658867852e+00
5.712547571501877641e+00
3.804909300222703905e+00
5.152892564781240026e+00
5.390025809195038597e+00
6.358172828593576575e+00
6.308477558735400947e+00
6.791460084054794955e+00
7.680635055199418915e+00
7.883471275780460807e+00
8.834255117580758210e+00
6.009116839740125116e+00
7.946845764468651652e+00
3.202472289986637577e+00
3.598503262814524373e+00
2.223492306314580613e+00
1.537501261257649299e+00
4.897942752544458322e+00
4.394825683401275995e+00
8.181823229854437329e+00
8.049720515394266585e+00
6.654166682291327461e+00
6.092197220230482380e+00
5.705061373981587636e+00
5.339034183351140328e+00
4.821582361697307917e+00
5.860244339170580297e+00
4.590673156456297477e+00
5.720164931718634271e+00
5.274148233814323738e+00
4.473132881521001636e+00
5.507022517297317066e+00
5.206467754853753682e+00
6.098904656839040150e+00
4.320806785034612574e+00
4.607417018302545131e+00
