7.448826893767716228e+01
2.274850915891148073e+00
2.446889104491562217e-01
6.161451664209962154e+00
9.238206922202827354e-01
1.242023211218244327e+00
1.509001952292577386e-01
8.948356726650825710e-01
1.342455091670612388e+00
9.862961418248153977e-01
8.371727206327144177e-01
4.106841589887722854e+00
2.565245045951232594e+00
1.118722829208818492e+00
2.090894387795690257e+00
7.964148436742974901e-01
1.448202664990421606e+00
1.135823039529686884e+00
4.428469997847112732e-02
1.498559364951112638e+00
2.899671734981732474e-01
5.488997052390753861e-01
2.387850878664127929e+00
9.689256215568000652e-01
1.434025843474555639e+00
1.240360600344289743e+00
2.727861979663838699e-01
2.816976911864096378e-01
9.293050712932988677e-01
8.092450785531853930e-01
7.409334045512179223e-01
1.102104175049980928e+00
3.896067942033982212e-01
2.160777232445867946e-01
4.465756555908623748e-01
1.601768412150640086e-01
7.776163274739537057e-01
4.363623674965181332e-01
3.845696784343141106e-01
6.312476087496272648e-01
