6.791302966638157557e+01
1.556169264387510243e+00
3.024374963124927707e+00
6.277310430785767892e+00
1.027385256291048821e+00
8.472102875192960569e-01
1.448464602283483726e+00
1.599837713657252358e+00
2.353967575245230925e+00
2.310107158849923792e+00
9.523174213613311290e-01
2.088065575446677702e+00
1.773293916437584050e+00
1.666332509553068775e+00
1.447225743672089449e+00
1.748133837074746344e+00
4.633425671722308237e-01
1.932219055610836955e+00
1.605876995935823892e+00
1.417800267237219414e+00
2.178801619690519664e-01
1.115490449944149809e+00
1.020141691112569582e+00
4.626346663791401914e-01
8.355772223173871804e-01
6.139478314016900695e-01
7.906296466846421955e-01
1.355132023310168465e+00
3.692663519170402697e-01
2.945372495298404503e-01
4.909281244606409356e-01
6.889610470953627663e-01
4.171696411943207616e-01
5.884834987861332634e-01
4.580230992844163129e-01
1.816159128789824329e-01
1.395094279428014949e-01
3.896470208604445040e-01
3.120393479599947728e-01
1.942343142581676452e-01
