6.734319772176112906e+01
5.377625148571384628e+00
2.708103405066758285e+00
1.875482279683896802e+00
1.661694934653934919e+00
2.786001673402867418e+00
4.844463288271397827e-01
1.547757357078428875e+00
3.336312326767643555e+00
5.239927125532981567e-01
6.700523141120786619e-01
8.345292991753845424e-01
2.284527417180956643e+00
1.232680398374053077e+00
6.952248479605354081e-01
1.768910654288386120e+00
6.490945321247432176e-01
2.371732592549262275e+00
2.617904548884826821e-01
7.424233494023877444e-01
3.685696116454391658e-01
1.109707212723875847e+00
6.272734079668756957e-01
8.160365158339134561e-01
6.584347377491291953e-01
6.365614908278507400e-01
1.004961857786961898e+00
7.518957628029322438e-01
5.752070754509832629e-01
3.097724502114254305e-02
1.464456314719842986e-02
2.533320041910260834e-01
6.737116037175244765e-01
3.637281891975511772e-01
3.975225222184610718e-01
3.551145789168662081e-01
1.130722837692968025e-01
2.389445646212750574e-01
4.450207588069549636e-01
2.873607832607428803e-01
