4.904364963492784568e+01
2.800134481940778741e+00
5.432406569547842068e+00
1.250442996779814187e-01
3.522536541134417831e+00
2.032709063912284453e+00
1.388906923674587679e+00
2.439255689897096513e+00
1.010908102315550172e+00
3.159239308730577012e+00
1.790028384147274609e+00
1.356452006965817025e+00
2.155142572391585354e+00
1.641009745898707628e+00
4.569069178247954222e-01
2.359189872842959002e+00
4.419831579891081996e-01
3.019724973502709187e+00
8.120345456329536304e-01
2.694501262202528391e+00
5.083919084267166655e-01
1.086096852542476787e+00
9.822537823157795334e-01
1.540994947548779415e+00
1.372376698111663407e+00
1.873183332911464438e+00
1.606202746683050187e+00
3.269082325278469536e+00
5.983273683791191511e-01
3.176492352758335524e+00
1.860873090861098200e+00
9.973087700433899139e-01
1.220424398500746355e+00
6.237726529592033664e-01
1.826654992932636334e+00
7.753990806364119415e-01
2.064682400774949578e+00
1.497183935722737225e+00
1.820148831597895089e+00
2.899316686927658093e+00
