8.134423127613742110e+01
1.420145298183036076e+01
1.278815853837429906e+01
1.238404064538622684e+01
1.113211472976647443e+01
1.388220069393172373e+01
1.367405709898455157e+01
1.263946478932741080e+01
1.074707331019269319e+01
1.099573689585575664e+01
9.224195078240098766e+00
9.445290474846162354e+00
1.014660476260645261e+01
9.099724295062904034e+00
8.532020793614284671e+00
1.104819117429681619e+01
1.226463158442378898e+01
1.168234114750147157e+01
1.112953298953838832e+01
1.010888336897400386e+01
9.841475091467698277e+00
1.048313314167397969e+01
1.164761124736496356e+01
1.212050362886165722e+01
1.107752954807128809e+01
9.586067681522331796e+00
9.238401509102002862e+00
1.027675756505037441e+01
9.619077671727165324e+00
9.291479846609098203e+00
9.653751575171590105e+00
9.384817216007446561e+00
1.179598538567539912e+01
1.098936925560303024e+01
1.091185806716015883e+01
1.148534339402327831e+01
1.085189733536232914e+01
1.125601456195244765e+01
1.230554836185440593e+01
1.326623672403705356e+01
