1.799261202285012473e+01
2.348150724623370600e+00
1.780426777584461551e+00
8.078312785830431553e-01
1.360973403333496590e+00
1.362281818466236416e+00
7.542248216897923241e-01
2.063571747217260555e+00
6.870053606002063384e-01
2.385736311566615697e+00
5.201175904246931880e-01
8.506931307358975847e-01
7.459607106514740682e-01
1.299443258591863604e+00
1.535946289204966231e+00
1.783467370016826203e+00
2.439371003105837321e+00
4.577169958790296977e-01
8.966793370666190643e-01
1.382879574343915285e+00
8.658217247052965027e-01
1.061558297396874018e+00
7.879346781008249589e-01
1.256132374946560049e+00
1.058185620051214526e+00
4.283520632122239657e-01
1.822652090960566573e+00
1.734693115333284963e+00
3.982818126966277128e-01
9.445974646677284259e-01
1.909485308003012305e+00
1.973966229393692151e+00
1.028848348926152623e+00
1.309900086988125878e+00
6.962343406103638221e-01
1.481990681754238093e+00
6.573632628976623371e-01
1.184529268123509116e+00
7.482896087342597591e-01
2.161958171077376534e+00
