4.750535516469859942e+01
2.069383413988996878e+01
1.540873694381817316e+01
1.769763212593920088e+01
1.791790459823210213e+01
1.520040838053889409e+01
1.350817256978967507e+01
1.274006434353365691e+01
1.005375217775759289e+01
9.878265275492545072e+00
1.125560049768331616e+01
7.590023124184050118e+00
7.808373104713643542e+00
8.466701398872931605e+00
9.953685747769640102e+00
8.879349632925366720e+00
6.456466012266812271e+00
1.158835616168738447e+01
1.158238085080186153e+01
7.735553821354148596e+00
7.167672971847065533e+00
7.499420729692805487e+00
7.802143944409558607e+00
4.981752185870151450e+00
6.279701651981394406e+00
7.820388892286288751e+00
6.155206599663027411e+00
9.140784279073290719e+00
9.005547834252940476e+00
9.365892964147709776e+00
1.132759137024888929e+01
1.472771684127444303e+01
1.457827606400952014e+01
1.090571617298704332e+01
1.324651618225506233e+01
1.450932838630474109e+01
1.444388625767701484e+01
1.282793353401596725e+01
1.348889224965124889e+01
1.445434160410678892e+01
