1.192163608871011249e+01
7.920072466912304598e-01
1.551926454529155786e+00
8.789890412759153726e-01
5.982663782053242452e-01
1.434548859248059749e+00
1.445410909984308878e+00
1.376474645193237478e+00
1.859325800260350769e+00
9.803320392323940924e-01
1.764068210538800585e-01
6.129943989208076482e-01
7.551501978592628506e-01
1.348510033289738175e+00
1.435714139785565280e+00
1.397878149156339678e+00
1.423362264183223536e+00
3.205130040782946943e-01
2.752859166367874200e-01
8.024951896785446070e-01
1.054986008400009334e+00
1.283852993513412200e+00
1.030061150688412752e+00
7.432506484407533920e-01
1.114565717827939562e+00
2.651972231471179664e-01
3.821053857916797414e-01
6.524397338802018220e-01
1.791487360193151579e+00
1.010289677499598637e+00
1.047379064982786545e+00
6.944731989065741073e-01
7.438833257749393191e-01
7.091206713672765227e-01
4.055003753462516625e-01
1.203485352196136615e+00
1.150422592213960149e+00
9.456646308104919019e-01
6.639430665044210311e-01
8.315551261261978633e-01
