3.236737767131150179e+01
1.908308064481293975e+00
7.998177005603925416e+00
3.448670817765735475e+00
3.474345208155370734e+00
7.214272958313828754e-01
6.455060893747753825e-01
6.972738354041086994e-01
2.326491350619719345e+00
5.812194882715001482e-02
2.818307009704124511e+00
2.431337378095132618e+00
2.532440025980035259e+00
3.227996079413350206e+00
3.111958583187861116e+00
2.755624437635638468e+00
2.413128785262560250e+00
2.747897546864972007e+00
1.890055881210688238e+00
3.105534508617147527e+00
2.763480533961428787e+00
2.072448379325151357e+00
2.104133537103892504e+00
1.190764082572502769e+00
1.928526916784704115e+00
1.525210453404830968e+00
2.169263743484815876e+00
2.613100521422217604e+00
2.343850050059788526e+00
2.232814354317591565e+00
2.594487479545437569e+00
1.903081909219607404e+00
3.098000164179406379e+00
2.785540362833138772e+00
2.500937479853367229e+00
1.081804644874469368e+00
2.707241640027703511e+00
9.813709475322047737e-01
2.641427343397471539e+00
1.069041519075143443e+00
