2.972784359767325668e+01
6.406732645298709450e+00
2.388083562058968656e+00
2.045915398052997602e+00
8.446640984573013933e-01
2.243940576057644520e+00
1.549330003372127562e+00
7.701858313896238206e-01
2.241467674241834018e+00
1.094109290359853492e+00
2.182624036904825982e+00
4.982135613320012091e+00
2.419972381488385782e+00
2.430551547478891461e+00
1.645500106620022773e+00
9.781318050870462244e-01
1.156935719563755738e+00
2.786885985078620731e+00
2.828327597264442161e+00
2.615510687220500508e+00
3.837146135672545588e-01
7.059080711486513948e-01
2.475446422325886964e+00
1.864161780311106797e+00
2.514840705989260350e+00
2.147621346734139181e+00
2.490734830921861764e+00
1.680021511490561448e+00
6.751738785801375542e-01
1.058870021883791201e+00
2.430202720919156789e+00
1.168433992157073664e+00
1.069584230955116677e+00
6.677165640912268163e-01
1.764382797412646697e+00
1.690524024106106582e+00
1.345402022936835085e+00
1.713506786412058780e+00
1.566554868466237371e+00
2.709857885522456433e-01
