2.393328148048900772e+01
7.202927769104289446e+00
7.171727990732271962e+00
5.328536632271557494e+00
5.661569212309811583e+00
4.993238074699327456e+00
3.647497843573256571e+00
3.344023913356708899e+00
2.381679520431034813e+00
2.446729086744866333e+00
2.782009817855890521e+00
1.797000683276820165e+00
1.995521904662336032e+00
1.801965035613570798e+00
2.137473481613602289e+00
2.239585145683002043e+00
2.365591310707065631e+00
1.384153422163486358e+00
1.768808753017551139e+00
2.196219703802722023e+00
2.633737011398297856e+00
1.911476644409552561e+00
1.527176755169535438e+00
1.472511088449951488e+00
1.928832737345447246e+00
1.374151889858615805e+00
1.974005240196190947e+00
1.908868922717502636e+00
2.273746795559594691e+00
1.860185251988935029e+00
1.483692356470380780e+00
1.635150927511542784e+00
1.796046145215397516e+00
1.527215404130026322e+00
9.523568727180682369e-01
1.300191170951892294e+00
1.425115248465341100e+00
7.326045877581428556e-01
1.240952934631699867e+00
5.143767339692884022e-01
