7.964014218639047726e+01
1.484170440772004440e+01
1.682787348755674373e+01
1.610896033809842720e+01
9.542761473662508820e+00
7.336996927386383760e+00
4.751069939680354182e+00
4.223215168670506614e+00
2.016165847333229344e+00
1.679280511146258759e+00
4.591646834319910830e+00
4.465452906456797599e+00
3.578911332037963522e+00
2.334797848666630316e+00
1.753085858952097453e+00
3.319633108514766562e+00
1.339909183360744382e+00
3.248011925624094687e+00
2.307897303865751759e+00
1.608946460605341411e+00
7.341418566163147030e-01
2.234948345742299392e+00
2.679376296952459824e-01
2.259099483693946642e+00
2.083343990026413017e+00
1.947768940957835593e+00
1.544621668168340012e+00
1.576363585353650842e+00
1.108686921340675369e+00
2.905135625137902355e+00
2.220779301224266256e+00
4.879303964896819501e-01
7.079280169060871986e-01
1.920572013883677043e+00
7.618967999155770165e-01
2.519242509073178926e+00
1.551356206446638630e+00
1.274925360899753501e+00
1.201600285127370604e+00
2.628867085558291627e+00
