2.840067260183196751e+01
2.886440144440959532e+00
9.314246314919042424e-01
3.937474650940060439e-01
2.228205786269608080e+00
1.722334922960841785e+00
3.252507862424206753e+00
1.652419356687460317e+00
2.521627595305428571e+00
6.241859805683759310e-01
1.109747032973756431e+00
8.476378254633283316e-01
1.056855748704296660e+00
6.709534238729694122e-01
5.414429467651781236e-01
8.337351318774900433e-01
3.954765361347502006e-01
1.404720005102806368e-01
8.058147626980144418e-02
5.285610353145601126e-01
5.890080963719270812e-01
5.354239256580936024e-01
6.358664309921358004e-02
4.188912349719014494e-01
4.810052740033661234e-01
2.961532480334181372e-01
5.031699758694782032e-01
6.500657749014194797e-01
1.305273201073809120e-01
5.007522261283992027e-01
4.532427357473303720e-01
3.317143023025173609e-02
1.939776260163577071e-01
3.629198510652651422e-01
1.872670549665750861e-01
3.179564505968610066e-01
1.501953458155706467e-01
1.643233471760960351e-01
1.990543974159858231e-01
6.242423996542969394e-02
