1.391798306970283150e+01
7.537539087200623156e-01
4.122480992865421578e-01
7.681179597351350807e-01
8.644219664476562315e-01
9.698941980015037823e-01
9.258495198613351240e-01
1.055011490674323094e+00
4.340162033149006504e-01
2.397025051645882976e-01
1.168179995144041028e+00
2.820491171374984174e-01
6.603154972626270602e-01
8.084709271829979560e-01
9.967853194063898137e-01
3.492322294291019813e-01
4.960545260377362542e-01
4.143415744749560647e-01
5.209827379727866026e-01
7.201075718469300835e-01
5.040995648151573860e-01
1.073932418696114666e-01
5.154684923804776497e-01
5.235201087150638255e-01
4.228336674356837355e-01
8.455968498707353564e-01
5.584530906248857951e-01
4.578853926000722718e-01
6.800554278176526024e-01
7.808514373538522069e-01
2.847457327103243285e-01
5.229754601142022619e-01
7.350346904396705128e-01
6.521746109174787476e-01
5.231541570501859750e-01
5.794672019861003553e-01
6.768210139008382642e-01
5.372756238946064800e-01
8.702523095374423701e-01
8.312598048288633024e-01
