9.844992480211595876e+01
4.267191670974720807e+01
1.901163176455464665e+01
1.789674326188631781e+01
7.860684433586548003e+00
1.076032100705253036e+01
9.525236456710331368e+00
2.017757076646732273e+01
2.102402886552629369e+01
1.483765290470287290e+01
1.217375522702403323e+01
9.746662360895550492e+00
8.729881261077602872e+00
8.144876989133450707e+00
1.395529796405275391e+01
1.910138053460569552e+01
1.678219198810926471e+01
9.758003319653834495e+00
6.198230357360379195e+00
1.674226598675415012e+00
6.578519372377557239e+00
1.229770675400503421e+01
1.354014831731075752e+01
1.697492467993043874e+01
1.670524067571724558e+01
1.355317207385816580e+01
1.252213401206546095e+01
8.239035364389167171e+00
2.572649010816256521e+00
5.794252833486389420e+00
1.203194759966042682e+01
1.379889008771377412e+01
1.223004778823539063e+01
1.327470182099584406e+01
1.266763973215500449e+01
9.372337231469158425e+00
8.517447092429936362e+00
4.652531082110618499e+00
1.012960973895319405e+01
1.245334192174810362e+01
