1.785500947312877713e+02
6.745317174892169021e+01
3.576700067398284943e+01
2.449578514271612306e+01
4.324961714492207676e+01
4.013765564528216601e+01
1.169833160820162732e+01
9.197839970152010380e+00
1.225605556331652934e+01
2.965720589965369314e+01
1.509600651777424751e+01
6.052233289438898822e+00
1.908921646654300019e+01
3.766752303736808472e+01
4.382565771899698603e+01
3.006345860822375116e+01
3.080574246837264596e+01
2.703089890497889058e+01
3.186985790700062182e+01
3.273006762840851280e+01
2.896720343786362051e+01
1.684109011299441150e+01
1.054859529469812962e+01
1.979259531217315882e+01
2.039554803538652905e+01
9.976306289734068855e+00
1.495611742945171940e+01
3.559115124347319892e+01
4.172533863858652836e+01
3.529914741455715443e+01
2.745826022210409434e+01
2.980622420024449681e+01
4.335389889578498668e+01
3.969477449858923279e+01
3.026803504579889292e+01
2.109557827165927790e+01
1.686323250660087325e+01
2.502025591899896995e+01
2.360893695362540967e+01
2.160721927952285526e+01
