1.318844201581243070e+01
8.531045305133826417e-01
1.210095627757737491e+00
8.708793439086436328e-01
7.558351892469762356e-01
7.726005128970399038e-01
4.986581653844419093e-01
9.271503081614700381e-01
5.409848093640861055e-01
6.253550094227614542e-01
5.441677542142105972e-01
7.521621190050041816e-01
4.638315032296920215e-01
6.595764157722460164e-01
7.550355590085894297e-01
3.198660918479315773e-01
4.813785737619978300e-01
7.559127948672199615e-01
3.993643488793167107e-01
6.182612372650987398e-01
7.017791541074510642e-01
5.897631951943819173e-01
7.134607828152220721e-01
6.685354223473550794e-01
6.341014728588005855e-01
7.123043557467968467e-01
6.270165809657783917e-01
6.158773055097740423e-01
5.356370995898357412e-01
6.475398748417990902e-01
5.728240374624884446e-01
4.906302230305712997e-01
5.748050491805397622e-01
5.070844925546715842e-01
4.594026837710686872e-01
5.506103065210993242e-01
4.437355324133326340e-01
4.185474305637629788e-01
4.852381848065009384e-01
5.063006771215899926e-01
