5.632655942185902376e+01
2.740362822847720992e+01
7.939488941632207641e+00
1.682503500480861902e+01
2.549550862230428905e+01
1.875756453326984996e+01
1.266800359898605244e+01
1.573445488119013724e+01
1.780733835387986375e+01
1.294004438456683381e+01
1.405799507813336824e+01
1.728864240737464186e+01
1.488171618792105733e+01
1.382236200507262147e+01
1.328320656420258850e+01
1.333705960600151741e+01
1.596726715840754274e+01
1.710475703804803871e+01
9.284220712877084836e+00
5.392785649534514114e+00
1.502682176568847439e+01
1.847323017404205103e+01
1.408780502311778271e+01
3.122805469762922836e+00
1.035110859206934464e+01
1.594007492437563833e+01
1.047064331356623690e+01
2.178110141344272943e+00
1.008891260155360925e+01
1.127212400994008057e+01
8.184372834110360984e+00
3.652071448400874942e+00
9.237356623585364801e+00
1.066098013920047549e+01
4.540359142127400105e+00
2.357656663729441604e+00
8.295348438805518754e+00
7.609693117786871852e+00
5.356734069184902580e+00
3.264665082967186382e+00
