3.085436232974028314e+01
7.507400257424744261e+00
1.641410081871984561e+00
1.570582609538530683e+00
5.554526063912375022e-01
2.301506479287307894e+00
8.341613847903532886e-01
5.226956455125342238e-01
1.100163910217087704e+00
1.333103329003241910e+00
8.063734392179151556e-01
2.852523338736499547e-01
3.970329147588518293e-01
1.522893909971014537e-01
8.745619759791151138e-01
8.192422675370421015e-01
4.049054469099254150e-01
6.400965205645738898e-01
2.589336485025959256e-01
3.934119576859668177e-01
7.099397273393959207e-01
4.964209228636535243e-01
4.008162294267250680e-01
9.608818050772465202e-01
5.408120182456070957e-01
2.258382239125226176e-01
9.074567926772729720e-01
8.417267429049879457e-01
1.649688998075083957e-01
4.644426253285446893e-01
4.171500953358589503e-01
6.175474489852376125e-01
9.467963488115436199e-01
1.239978163665234279e+00
1.324541753804122646e+00
3.070126088559275712e-01
8.560755231213508232e-01
6.207496325091391709e-01
3.545987298281574884e-01
7.824782545736987949e-01
