4.397780550904467844e+01
3.660508920026940061e+00
1.693997510670598894e+00
4.450070151973572585e+00
2.483476695971923220e+00
1.203345588693004009e+00
1.396336917800799604e+00
2.607019627020458863e+00
3.153922517063676434e+00
1.129331038779859409e+00
2.977759243987489590e+00
2.618531300948723217e+00
9.035466356053464265e-01
3.845245679045523612e-01
7.096161154568824125e-01
1.797725015358103473e+00
6.189075760274374005e-01
6.266812620661319500e-01
1.702551935615743472e+00
3.923064315100971422e-01
8.936563397885511906e-01
3.346915706917685807e-01
1.234508420118813232e+00
7.220738874150938180e-01
1.708695128759529336e+00
8.546124591754286071e-01
2.306185032811279290e-01
4.840293769461526119e-01
1.162731327223402555e+00
6.992992800815251986e-01
9.880668059810930881e-01
3.944615588802342643e-01
2.391324796725272095e-01
1.366436976132878733e+00
1.121425614426749595e+00
1.171129998402656580e-01
4.858387290335306474e-01
4.879624632132678608e-01
5.298633339453120428e-01
1.015117218677248800e+00
