1.039069993161361793e+01
5.351123198902132394e-01
7.334507532020198006e-01
1.631637751780709578e-01
9.985503526501788851e-01
6.805352947433096489e-01
9.462876824846230273e-01
2.758533455492110376e-01
4.696653262997608769e-01
2.974154194444648680e-01
1.709571129634430975e-01
3.779632396046258558e-01
3.533918247069117169e-01
3.440677119336885692e-01
1.173238383528513035e-01
4.843870528858549851e-01
3.278866907789992902e-01
2.524672385180850576e-01
1.529151276339142107e-01
7.922515691091081003e-02
1.657684102826196271e-01
2.704701167242168913e-01
3.332846102321757736e-02
1.237888583640813639e-01
8.927040497393311236e-02
1.467416436605588348e-01
6.118294101533351854e-03
1.842161561729708241e-01
1.746284513076653278e-01
1.026052815264597851e-01
1.668513513759384281e-01
7.538923779045531015e-02
1.063639589631260873e-01
6.185101507504197488e-02
7.904903715013175680e-02
2.817932495544817756e-02
9.674931670584034638e-02
8.109104729882492257e-02
5.692131883810198217e-02
6.448186668466192838e-03
