2.681816003982777374e+01
3.679495002333803999e+00
6.733701461490744222e+00
2.067879889195989584e-01
2.108732205865817555e+00
2.111275820976151074e+00
4.084676447477953443e-01
3.075136623023792204e+00
1.162129650825457494e+00
2.721694685899343824e+00
1.897622740683298392e+00
1.963114981993593577e+00
1.935241010669596751e+00
7.763525928016005162e-01
9.144554938274893630e-01
2.552497482471030921e+00
9.607739624751895358e-01
2.363836727323876286e+00
5.453606256317149459e-01
2.437052842202983793e+00
9.039828470147941164e-02
1.079876282468190896e+00
1.172422198350345557e+00
1.389859676185740911e+00
8.115540614691439947e-01
2.453311578902954704e+00
1.070948872792897744e+00
3.104843578582452857e+00
3.061004782646766786e-01
3.024809850888146023e+00
9.848770134261454201e-01
7.534811322385993604e-01
1.759915337109544176e+00
6.185133208796581572e-01
1.678924124227307191e+00
2.979822067813478470e-01
1.531936077556232512e+00
5.739462158544411663e-01
2.161300203039138612e+00
3.527641352574541145e+00
