5.266727938588068270e+01
7.785069544464414903e+00
5.716817364393930845e+00
2.871331946545851999e+00
3.196147328373705743e-01
4.806092148045048695e+00
4.700562125627296695e+00
2.679678186247863358e+00
1.683476750182775650e+00
1.786603306519852330e+00
8.567065720048812061e-01
2.597130727011092599e+00
2.084326802737291207e+00
1.681819203689689068e+00
2.168324168890362280e+00
8.349649728468377941e-01
1.313894887398911360e+00
7.142501366924283723e-02
1.200150309605998000e+00
1.412988289687622911e+00
1.947410762252819394e+00
6.773099445875739866e-01
7.287975994393991463e-01
7.173090716325248861e-01
8.536927381391158365e-01
1.095345632821692172e+00
1.549797552224799757e+00
6.308041105036904517e-01
1.081635683490791422e+00
1.232338516999716527e+00
5.530918331497286511e-01
1.072211551158619991e-01
1.183366892151715977e+00
4.455677006014824859e-01
5.772075401079861390e-01
8.455165109440788695e-01
4.899341240524329733e-01
3.363891750194605290e-01
3.676650851075173865e-01
1.018961758373539972e-01
