6.819886975589008671e+01
4.110573914309249233e+00
2.765389609923440073e+00
3.057605309621912237e+00
7.298301183996400709e-01
2.304631826115233761e-01
3.585183080653819854e+00
2.393189773788001684e+00
8.070977054230628056e-01
7.335485087526455450e-01
1.264772008890751920e+00
4.228535303184107752e-01
2.501628046416480844e-01
6.884641842281784552e-01
9.136313618642913914e-01
3.322773008282909335e-01
3.194165150294500655e-01
3.641901268573885520e-01
4.271624895103455777e-01
5.234897835205211125e-01
3.287905479075172721e-01
4.303348354520362684e-01
1.742904639897712993e-01
3.944496033924673184e-01
2.583894407101826607e-01
1.877413294977077485e-01
3.498289000114478409e-01
9.514597260734186657e-02
1.414974253768886692e-01
2.936298940693377046e-01
7.813190951318532695e-02
1.479032897988818152e-01
3.585787257724690896e-02
9.903298432446434874e-02
6.691257995330981978e-02
1.224183835459644598e-01
2.279038420032515333e-01
6.616707164229887472e-02
1.543190767803388486e-01
1.489764418431684945e-01
