2.353022676659792012e+02
4.445149870754764088e+00
6.322832797466407584e+00
3.486275467592093946e+00
5.149718127876062645e+00
1.232219998518331749e+01
5.325027362895474070e+00
9.665111743869431393e+00
6.217662060738692098e+00
6.509194819369473528e+00
4.332953489419091753e+00
9.502764831887103858e-01
5.768549288724614144e+00
5.266795810751751183e+00
1.332819165133151795e+00
1.818462091867844466e+00
3.013922230686937098e+00
3.733027748829915282e+00
9.966217421667994403e-01
4.649618963953510153e+00
2.536252615239232622e+00
1.463902498172982902e+00
2.217276611470483161e+00
2.578977702621122692e+00
1.163691698525475049e+00
1.626107924638280577e+00
2.648871225881399116e+00
4.912122655126316406e-01
4.205056344228835230e-01
1.707984335223260208e+00
1.135366006340850387e+00
2.853210779721467305e-01
9.360975178937196439e-01
1.981391698577809724e+00
6.478917544877785817e-01
8.726901098372306098e-01
1.091395888602064934e+00
5.149298028569999630e-01
1.303118980031673368e+00
5.998192044265688860e-01
