1.464752010081449214e+02
1.228418054060643527e+01
1.376598441344953017e+01
1.079739060139373485e+01
1.163136935538173056e+01
6.369215155066976664e+00
1.167164472781497686e+01
6.086417019202509771e+00
5.164811370446505734e+00
3.393122307919809622e+00
3.368845725223397203e+00
3.538786773304977373e+00
2.713168657155755170e+00
3.011267961625599288e+00
3.702409703865554569e+00
3.500093235807934633e+00
2.415532206239650037e+00
2.472898695021146676e+00
3.120356626873891592e+00
2.923201027968062693e+00
3.020093223095504431e+00
2.710000801302748119e+00
2.388332057591862956e+00
4.115491191022291773e+00
3.840589344333331212e+00
3.085001964635654126e+00
2.848270316165402161e+00
3.993580196305752672e+00
3.066139267725426887e+00
2.574718758574463529e+00
1.691190671744846163e+00
1.558779715347038408e+00
3.103020549036105802e+00
1.725574822777013573e+00
3.956885637853264637e+00
1.773833982243574914e+00
4.252541600671078115e+00
2.297819473609503227e+00
3.278818631569717201e+00
1.149959556969610164e+00
