1.651043743891904683e+02
4.306266920487879624e+00
1.263117880940318294e+01
4.549535502639016293e+00
3.075639866601044492e+00
5.063268598774724794e+00
1.233658659916490041e+00
9.019400131904451001e+00
8.091020712785136126e+00
1.903595443587760450e+00
1.714475939931599635e+00
3.283130202726133540e+00
1.659691142872695258e+00
3.349095767442811677e+00
3.667708842680776460e+00
2.632796886247958046e+00
3.324682207820367719e+00
3.478630052326840527e+00
1.400925931049417983e+00
2.115139205861686911e+00
2.290265955504661388e+00
1.961714785314132348e+00
1.036391012026832925e+00
1.419166774952574706e+00
2.556793831298617814e+00
6.099798511310542404e-01
1.444777766798862828e+00
1.853723556412507412e+00
1.110689707893898870e+00
1.041161299976116394e+00
5.707295328844746996e-01
1.295377079600609660e+00
2.282630165183977822e-01
1.014537107195526255e+00
7.263883127170520648e-01
3.026346746522092790e-01
6.594579818994902309e-01
2.846730174811511471e-01
4.634067104518235225e-01
1.967899450749553969e-01
