2.582048310098829802e+02
1.746641056761129107e+01
2.650906862473286552e+01
1.624851047967658957e+01
2.379151993019391753e+01
2.469721237580231232e+01
3.022558639314740248e+01
4.057636728498821554e+01
1.435895904455487582e+01
1.920027289332705323e+01
1.668061614280149030e+01
2.438492593020993127e+01
1.498627292873625905e+01
1.520931663003716139e+01
1.247831512021181588e+01
2.841661851820471085e+01
2.861745245203581423e+00
2.393612624890166529e+01
5.777270402543947192e+00
8.617098378733784259e+00
2.106683388988079031e+01
3.457370804879189574e+00
2.253511652377484253e+01
1.924867219058788592e+01
2.254365363607389483e+01
5.745157272253236691e+00
2.454367984233169508e+01
6.777547667609190363e+00
5.403294262189726638e+00
9.852164161009488552e+00
1.627456868973543536e+01
1.869903503430373348e+01
1.824634319946265393e+01
1.027451218837913771e+01
1.820057303501990731e+01
9.643264009169971729e+00
1.006810345361485304e+01
1.626136706206406757e+01
9.890404429632438266e+00
1.178565076524433763e+01
