9.372701532428274618e+01
5.941974490585391067e+00
2.517031767226673988e+00
2.094590932091975777e+00
5.448552777240110778e+00
2.169906907305590327e+00
3.904848911117391186e+00
2.530018965818094046e+00
7.881431459447576504e-01
4.568897322325979893e-01
7.369826012013882544e-01
8.580034240401369638e-01
6.813608549748820797e-01
4.593375081588959574e-01
4.350597019143737643e-01
4.687714439053955462e-01
2.684101470129630629e-01
4.411030495277730723e-01
7.363286223474329040e-01
3.360162291826307435e-01
2.150603788662065752e-01
2.567349150058996776e-01
5.227967071202294091e-02
2.126414550273346415e-01
4.681728094866769441e-01
4.040710622048163808e-02
2.973434528453825290e-02
3.561741048651341779e-01
1.780787296522806096e-01
2.325045827376388541e-01
7.952933322391325666e-02
2.388328845780825771e-01
7.320804909352832124e-02
7.487308234445218258e-02
4.399213477137131623e-02
1.007365810176793636e-01
2.062649207586768896e-01
1.136483816646784162e-01
9.815908249061015833e-02
1.388402829151222651e-01
