1.067300560753749323e+02
6.788210425048924357e+00
1.044886984944401576e+01
4.812645206852532276e+00
4.475345110543517357e+00
4.863527586399261082e+00
2.267759825930541595e+00
2.977975029918174421e+00
5.462912541086122786e+00
1.192633485883663802e+00
2.619567569870296708e+00
3.091387774831189983e+00
1.936771037774944082e+00
1.619792776988361771e+00
2.226800703112412183e+00
1.220663864435480361e+00
3.111909126260342884e+00
4.175353987209702300e-01
2.187951009600471952e+00
1.910477647447573091e+00
8.672519409415314628e-01
7.701711155935491160e-01
9.769392083782684200e-01
5.642521397195097155e-01
1.173829457302631329e+00
9.297514799823208831e-01
1.252952832361067026e+00
6.255222192440546003e-01
1.223118743524810981e+00
1.546020051896925152e+00
5.445453958472274980e-01
9.082411060312187701e-01
8.726303524808916023e-01
3.800648853320200415e-01
5.540420918561773655e-01
5.606897348802686309e-01
9.185410439427850182e-01
1.110209357122666107e+00
8.850608871435967639e-01
9.950486803920157719e-01
