3.167962613125116604e+02
6.262142003507856991e+00
4.501500971331014789e+00
4.303897667454121390e+00
8.075292685768076240e+00
2.485440529967871015e+01
3.594549638017777493e+00
5.484244717708879335e+00
7.573711495142429584e+00
7.273410862537764032e+00
1.937799952678866333e+01
9.062516916462202587e+00
5.891960126456230462e+00
1.061902841771225070e+01
6.757312689347498846e-01
7.829612334895598380e+00
1.107519782962339328e+01
1.130730554960664413e+01
2.512334918212287160e+00
8.376418356953397648e+00
5.383351045021031567e+00
2.711914933681858209e+00
2.530818311456184855e+00
3.918335295772175542e+00
3.008575134261634254e+00
8.263117011106821508e+00
7.189034073119407786e+00
1.767360982572410144e+00
3.519625423349403981e+00
2.643355800688134583e+00
1.509935922972997391e+00
4.055940378823642334e+00
2.247435971573905622e+00
4.748148960839524868e+00
5.359349203487797197e+00
4.312023818620327020e+00
4.920249478820655220e+00
2.442749532617501718e+00
3.792836891648057041e+00
3.211664122197976923e+00
