1.382262926293059024e+02
3.616670961816580654e+00
3.742830062221599974e+00
3.902164477479107774e+00
4.139162347979879364e+00
2.120864045810860432e+01
5.654816341022374182e+00
3.539547806000048258e+00
1.149950783609725580e+00
2.778423037788432914e+00
7.240308765439698924e+00
7.810535940438277258e+00
4.237768153484683609e+00
4.630823837960792666e+00
5.306191137991320694e+00
2.002688375691160871e+00
3.172177392274153185e+00
3.858314749662489440e+00
6.594635323849332487e+00
4.869221091285859337e+00
1.522988687853263468e+00
3.467450141519164752e+00
2.572434983322035684e+00
2.302809517896035274e+00
2.811631641340702981e+00
3.920684717200477176e-01
2.801538472338627628e+00
1.025479194360909840e+00
2.457667157019315152e+00
6.377777897291373455e-01
2.385162786805647972e+00
1.594743397018755005e+00
2.358272302500630691e+00
2.429094156933022663e+00
2.531803969752247419e+00
1.573171286293657767e+00
2.013766170342802031e+00
6.716170793771685243e-01
5.551006542607301864e-01
1.812672819309354422e+00
