2.374875325028337514e+01
2.328505077981197768e+00
3.579421311686850071e+00
7.643185276316505350e-01
1.392600224330570402e+00
7.195386126257473647e-01
9.149752285699082055e-01
1.498168857598552117e+00
1.029885654991130828e+00
2.386895381586084053e+00
5.818624178745864794e-01
8.120681909916609431e-01
1.678822423406233666e+00
1.357269764572421433e+00
2.983098220651926091e+00
2.075748144415383578e+00
2.632090800674514952e+00
7.992880780943288910e-01
7.138160310418681931e-01
1.315656535317289100e+00
9.683907806876267399e-01
3.419986399059635196e-01
2.037429416943840610e-01
1.254803981954906389e+00
1.082393352755428140e+00
7.660140040323478727e-01
1.656060435953091936e+00
1.347425001250771803e+00
9.514381695201263867e-01
1.344721190824774926e+00
1.972374510740110276e+00
2.736584544668019259e+00
9.763706759724825046e-01
2.231049716003553840e+00
8.794602798072985728e-01
2.179122536454837888e+00
6.600505123411926078e-01
1.128384034055066376e+00
9.246367607508194641e-01
1.413350338403659201e+00
