3.780284031596646344e+01
2.818363281727734648e+00
1.855039762076867493e+00
1.850164790175578666e+00
5.708204228349690323e-01
9.547229271589211530e-01
2.105462015460665803e+00
7.303549296304815419e-01
8.415767632445447788e-01
2.124560632374087543e+00
1.824644062535978328e+00
1.340602233608992444e+00
1.003027326009859443e+00
1.023728562745361614e+00
1.437326113218684753e+00
9.863437863296581343e-01
3.296156989914674207e-01
5.788172581796336980e-01
2.567488861273676815e-01
1.093413265795732725e+00
1.354579431023957392e+00
9.286937681340504680e-01
1.155820460947833084e+00
7.201192065787063168e-01
3.071513455727180042e-01
5.409075415284362309e-01
4.508940951689500154e-01
6.761293882318423210e-01
2.491797166439725930e-01
4.755479993856490672e-01
6.226877664514988142e-01
8.337379531406996502e-01
5.917875866622884784e-01
3.206080505835859906e-01
7.282514825144763559e-01
5.433155139347100038e-01
3.030485358913327931e-01
4.973164389277992536e-01
7.749572245411608939e-01
2.288482244493021123e-01
