4.194747756634181002e+01
1.216092175218161486e+01
7.279144249053572047e+00
2.788898947340990198e+00
5.188738056271234633e+00
1.700269772191487672e+00
4.590965413344693324e+00
5.498270817723975412e+00
8.297916792250326523e+00
4.930664129540478946e+00
5.041380695296212799e+00
5.102227730870096956e+00
2.446199288957819018e+00
1.796093767682784836e+00
1.984920237604832272e+00
3.810318152272166969e+00
8.056352977010918792e+00
7.514915061258041540e+00
6.501683237607421617e+00
4.989574258180349275e+00
3.211101065534679222e+00
2.124873672834717286e+00
2.359923346468634442e+00
3.783959991543638601e+00
6.705199141138509233e+00
4.843004189060985176e+00
5.045753900471269482e+00
4.714613354558809810e+00
3.727012357994223812e+00
4.157371136357987496e+00
4.223486311049855502e+00
2.036843739821954546e+00
3.810885383229860146e+00
5.217898175748789669e+00
3.855855711696670074e+00
4.380102143672719883e+00
5.579741149109440634e+00
3.196358895347092055e+00
2.459170822189251204e+00
4.879825591317568545e+00
