4.505471626069912361e+01
2.786829426269948673e+00
2.570500361989303428e+00
4.938026443499005325e+00
2.770679221025630579e+00
1.468350294198364159e+00
7.572868555201752727e-01
2.858851212903341654e+00
3.186691115773171212e+00
1.618096644996614542e+00
2.625355469805965125e+00
2.455715361074772840e+00
9.709567028090214658e-01
7.266990420590180300e-01
3.802127521311220448e-01
2.062819197977432406e+00
6.427369047622544240e-01
4.403239354088162583e-01
1.546530491853893352e+00
4.529782696960476529e-01
6.902013051358100171e-01
6.831390789225103566e-01
9.682839284717883466e-01
6.539686602876774169e-01
1.644046519299928288e+00
7.089355403089626639e-01
5.589615371082623518e-02
4.548510399930771886e-01
1.180706262962804676e+00
1.052781322111142615e+00
1.017591553069282062e+00
6.509093703719310842e-01
1.573816743918271532e-01
1.028578653146088762e+00
1.193970305087843187e+00
3.119905483948628988e-01
3.543987654670914811e-01
7.563525302217981583e-01
4.388708343744239793e-01
7.844966793851747555e-01
