3.403720800526909951e+00
5.032913523601048045e-01
1.717895274580142073e-01
2.929339077521176393e-01
7.085001861224522468e-01
2.419095563575503205e-01
3.502336140332537040e-01
2.193265421833059670e-01
3.621348943550342092e-01
1.797203658081476252e-01
1.432940681707557395e-01
6.594603602075373161e-02
1.686837754656315413e-01
9.232568114244814328e-02
4.654483346513200309e-02
3.690197787827141362e-01
2.675811575733720304e-01
4.369239983944629008e-02
5.924972623467521932e-02
2.727792006487053111e-01
4.665240442399956611e-01
3.091340096953781313e-01
2.265681771044276427e-01
3.281116975724307494e-01
1.748416892968213121e-01
1.203660565168145347e-01
1.363043056569668565e-01
1.305076055921222944e-01
4.525732146435559183e-02
1.565540714971322966e-01
4.633693271378312023e-02
1.642425438338062649e-01
8.294761850050837160e-02
4.552316847621384194e-02
1.730453747095462846e-01
2.252720197556360437e-01
6.022616724861992732e-02
5.754885742538535381e-02
4.912702760123902751e-02
1.491357155848419547e-01
