8.484328409485875966e+00
4.308417727378752171e-01
2.970815548207679790e-01
8.028665691496383872e-01
6.746974185801269952e-01
8.864818481247094262e-01
2.861680364429675660e-01
1.315229902787716787e-01
6.617065132505079994e-01
8.673585214534149657e-01
7.661481484297846256e-01
7.157290875067227887e-02
2.562500062998618322e-01
1.111660008907650460e-01
6.116518705896283742e-02
1.313664314009231338e-01
1.139564727843741659e-01
1.047820792222327602e-01
2.735005957837094992e-01
1.759057239482647028e-01
1.662062360775308223e-01
1.761091346494522702e-02
5.527411691211012862e-02
3.789810797457953545e-02
2.861566479702318602e-02
4.022159783783326586e-02
5.005767077821055011e-02
1.487318986035080816e-02
4.081728198637538108e-02
8.666414969585481409e-02
3.224509231835231277e-02
9.197020892791875346e-02
1.072321253654182210e-01
5.274204872571960911e-02
5.297118868209376580e-02
5.873046549150138379e-02
5.797051834977798301e-02
6.491656509996164559e-02
5.031595101296647277e-02
5.453521732603782562e-02
