3.576430349504143891e+01
5.367880035795272065e+00
2.079210213346207148e+00
3.208037421923710664e+00
3.424470476333992597e+00
5.053545319350472020e+00
3.072214058270588577e+00
5.917048014431300906e-01
1.059256902754151408e+00
3.569144178838048020e+00
1.998731962345207336e+00
2.675895632235769650e+00
1.291947232809364188e+00
6.173832876440239481e-01
6.531181452882881544e-01
7.067208608785244817e-01
1.322534183735297519e+00
7.948574986052778790e-01
1.965425910009287902e+00
1.067428303571150483e+00
4.738629932478229390e-01
9.229043973636577025e-01
8.732045689093043128e-01
9.842504522605677320e-01
4.671972208053107867e-01
3.293570912909872250e-01
4.062334192015947254e-01
2.273255536818555855e-01
2.685756022128146236e-01
7.029560530132821228e-01
4.576132386582839051e-01
2.015026131214846250e-01
7.799876305504126472e-01
9.641047669175061008e-02
3.645257686255506946e-01
5.559528193631968485e-02
4.529452848557304900e-01
4.290484100503272891e-01
5.249133151458296176e-01
2.113958507582005264e-01
