5.563269653841146578e+00
6.028018306899561862e-01
3.066629308008827492e-01
6.089393426489295713e-01
5.221426977988080642e-01
6.106805991441328629e-01
2.431974101543803168e-01
1.615038877156998731e-01
2.957673483930783193e-02
1.698054107414746772e-01
3.691878427685343911e-01
1.834882944653933312e-01
2.758701777871237493e-01
1.318150064737547977e-01
1.617869454058200873e-01
3.104677309207318214e-01
9.999569666030649895e-02
2.479558098881346762e-01
2.061879299342344041e-01
2.302723570106180173e-01
1.613191856102670074e-01
7.630156597703331711e-02
1.558625428684632386e-01
1.303118215878730779e-01
3.392444603823915883e-02
1.440670750027945868e-01
8.746621493144537962e-02
3.359356716061502879e-01
2.225836920884232406e-01
2.824274072215419151e-01
1.722390045770833544e-01
1.034464278550857874e-01
1.288175728474495740e-01
3.098151399176189424e-01
1.124718679234756602e-01
3.853809282161089755e-01
1.755934591677936751e-01
9.508978102063464499e-02
8.116214387342934877e-02
1.150222380656233667e-01
