1.206978665593193796e+02
3.555561201537599803e-01
4.606861414337833693e+00
8.187824703513886249e+00
5.650004156845976233e+00
4.692133058733709561e+00
2.726505146819563130e+00
5.325481238663031469e+00
1.029512943845802608e+00
3.155720017084661655e-01
2.398547815290023255e+00
1.727631202692776036e+00
1.499528331320320707e+00
2.631373678078763767e+00
1.185269811479648272e+00
1.090312377479314643e+00
9.767435706202943768e-01
1.542493782692104576e+00
3.081130055565790560e+00
8.742315917806266212e-02
8.264365285719165177e-01
1.685843753404486778e-01
2.431199525180596233e+00
6.616787385230438190e-01
1.213418443761602239e+00
9.569980685983602298e-01
1.126223270174702140e+00
2.562758650498377366e-01
4.551278187364878325e-01
2.731766005582474399e-01
4.546142190524175564e-01
2.704218810421353258e-01
4.354374940631646762e-01
4.827516866243540816e-01
7.783128209447210955e-01
1.330126597168510560e-01
3.266787452554004156e-01
3.411224407827364580e-01
3.470271355039830086e-01
1.258045490136740496e-01
