1.223064995993180588e+02
2.195665667284043998e+00
3.074864777493561796e+00
3.342380085820114477e+00
6.076907357493833928e+00
3.640091304692583574e+00
2.187186904958852374e+00
2.209583783507162558e+00
1.590713996118927831e+00
3.384094260308228908e+00
7.149083959728331772e-01
3.560223721239536232e+00
3.980553478170675952e+00
1.575452350048016426e+00
6.640602180977912550e-01
2.493333223788651409e+00
1.128908888750596029e+00
1.040134515714950414e+00
1.010436933286363415e+00
1.794655861449109713e+00
1.702577953792715260e+00
1.409366663405354547e+00
1.581985728542385727e+00
6.625790634381475419e-01
1.178380846252407022e+00
1.082802501239618964e+00
5.963529496898279936e-01
6.062471181048755264e-01
5.492799062659129428e-01
6.662864173664613254e-01
1.582391594042011074e-01
2.085859002796425776e-01
5.980700285098111690e-01
3.447432063782997491e-01
7.660936949925920558e-01
3.728223482266745381e-01
2.716794770472570342e-01
6.584825666197878791e-01
4.060173830754635338e-01
3.313981315266733563e-01
