2.244659380780980200e+02
1.454646759505276350e+02
9.001182777043874239e+01
6.242255726416491513e+01
3.809592128936471056e+01
3.558900167463488629e+01
3.760177671875416650e+01
3.724553797432928093e+01
3.739637931534483073e+01
3.013548483845834269e+01
2.525580344151199697e+01
2.652482907175022575e+01
2.378464475178531146e+01
2.417275716496923366e+01
1.861468343907910139e+01
1.502626069825971022e+01
1.083882016962000527e+01
1.207451352579792037e+01
1.016636417502458478e+01
8.300847430203740274e+00
1.029272143749509638e+01
1.530476689884527630e+01
1.853286029380296540e+01
2.180421487483972953e+01
3.186801164448780099e+01
3.922279347020731421e+01
4.190990652469240985e+01
3.764446437356938446e+01
3.431727997205754832e+01
3.619369682301127966e+01
2.819419222950077142e+01
1.624339186356683484e+01
1.576191107129366387e+01
2.306980220340211929e+01
2.600966804466603222e+01
2.317132649250527265e+01
1.501239699007554229e+01
1.495018404952409696e+01
1.592547842511581813e+01
1.351494169726655237e+01
