1.648563201431769443e+01
1.957502377242189340e+00
1.528246935677948226e+00
1.393749696070001542e+00
2.479269007600982011e+00
7.850516311390633994e-01
8.303380196547323067e-01
1.246249151187210247e+00
1.121161958002970360e+00
4.430383323457656175e-01
3.399469839519727588e-01
3.299579435297043672e-01
1.011343294724543762e+00
1.483551265581793954e+00
9.742008959549001146e-01
8.637983158319084698e-01
5.614631918996249027e-01
4.333199179407364321e-01
5.261212060584525840e-01
9.488895721387646809e-01
1.713636679770777382e+00
1.101316389788723926e+00
6.745118159376271016e-01
2.481919540623359621e-01
2.180124270635983574e-01
7.325206330346609729e-01
3.816471841962443268e-01
8.965084515261249054e-01
3.949018930459673449e-01
6.375885515038279827e-01
2.715534854664418130e-01
4.611595592791826181e-01
2.695017467976367209e-01
8.811534985024225275e-01
8.611304396583551179e-01
2.142322351157827098e-01
3.771933577143784522e-01
1.604953926276037890e-01
2.630276998258837540e-01
8.064305084539293844e-01
