1.293700198966701578e+02
2.985191790583939575e+00
3.617644833474342736e+00
5.249545684885930541e+00
1.436318769389715699e+00
4.243814405803104428e+00
1.947195369904187956e+00
2.875822896386187377e+00
9.253874975690338234e-01
2.110808557654921369e+00
2.046952130285414739e+01
3.302640611118799807e+00
2.324340357454557804e+00
2.660340846879739818e+00
3.527091603561997690e+00
1.980376159745326881e+00
4.227268494520677322e+00
2.953758494608771934e-01
2.938292559972554230e+00
3.265556714432344076e+00
1.571107724139897188e+00
1.447029940255156077e+00
2.168777997841583538e+00
9.795267947456034463e-01
1.537381277056719675e+00
9.464118934463302546e-01
1.640266938049599554e+00
1.385957744144317383e+00
2.364376727837788905e-01
7.532049376030187648e-01
9.660692346102798256e-01
8.925986384575530508e-01
7.252846492751457985e-01
1.213939724815630505e+00
3.772958472074943170e-01
4.100333867164124846e-01
1.219210297370802110e+00
2.259652532489270227e-01
1.158408288478687709e+00
7.311185985401733589e-01
