1.291055275996273508e+02
5.472679513400771967e+00
3.848552830471506869e+00
4.973763143247676766e+00
2.537127976432331344e+00
3.477605163039096503e+00
3.722765315037346756e+00
1.449164324630510370e+00
2.913532575274490277e+00
4.609610223520951289e-01
8.656078607075263776e+00
3.696637211959167502e+00
3.912661298119672892e+00
2.038850856439185844e+00
3.757435023902701232e+00
4.397774061223084230e-01
5.786128668091966354e+00
2.822621261997664721e+00
2.139632369977639392e+00
3.448569207058194586e+00
3.998717474545648631e+00
2.889673834366332184e+00
2.890351298627075405e+00
1.134675591292848562e+00
5.938169509546866731e-01
1.208626719073860656e+00
1.939173386218936423e-01
2.035285024272876608e+00
8.077374759279357663e-01
1.240700319714053840e-01
6.275457782293331066e-01
1.053652972072095739e+00
2.523366974215077274e+00
4.733463095330985304e-01
4.256336819591232112e-01
9.084996895096538738e-01
1.549515968954279899e+00
1.003857465550079597e+00
3.012404930814195358e-01
1.100829287053234573e+00
