1.195651309741233774e+02
1.441821933920264254e+00
4.636655240562378211e+00
3.394692096457695651e+00
1.968430070315190017e+00
2.626033231609371743e+00
1.604292205050212861e+00
6.596008591590452053e-01
3.914698732302423601e+00
4.908399241332105589e+00
4.948376242039296713e+00
7.597578056986082906e+00
1.687102918007386654e+00
3.268020162105093274e+00
5.141419414397870868e-01
1.201608923149329655e+00
1.252709607702089167e+00
4.036743951064659441e+00
1.004141103037315519e+00
2.123591064595693467e+00
8.127236364313309425e-01
4.223180121194744174e+00
1.341304785465444072e+00
1.050770584683150544e+00
1.737552394665303312e+00
1.363128410523621881e+00
1.160854822183779556e+00
5.162557372938717526e-01
6.211097804784450060e-01
1.584649954977933817e+00
3.913125881675005857e-01
2.658536503587728417e-01
3.884713509511364404e-01
7.365724344528964407e-01
4.784935194202923903e-01
7.791968935624640213e-01
1.086725814211400687e+00
9.492537639262916827e-01
6.291277556072522037e-01
4.602112114499056217e-01
