4.120447560243337648e+01
8.779282073196094105e-01
3.736001659841894362e-01
1.400391905796851688e+00
1.493787292610183171e+00
2.257426333144422870e+00
1.002641034072454973e+00
1.051797784556305793e+00
6.475179375193597098e-01
1.483467229868136172e+00
5.334376675452506822e-01
1.326878443157304410e+00
1.225390848621749212e-01
1.360948517942828007e+00
4.844010982427638390e-01
6.663606470751135546e-01
5.251553161156675975e-02
1.345798425822889666e+00
3.355320995245805737e-01
6.164444832369413430e-01
6.404492566646876606e-01
6.925704112882502539e-01
8.856925294580872965e-01
2.812830076439760130e-01
2.285094202083237311e-02
4.608780308875128351e-01
2.951055971322563143e-01
3.990561441171433521e-01
5.219246150517993232e-01
3.511300550630017669e-01
2.922202915758591590e-01
1.399574552648035486e-01
8.031508891607090639e-02
3.226530978028389063e-01
1.954519204013301370e-01
3.914796112235550268e-02
2.663153877039443063e-01
8.377918795255026585e-02
1.786530533634430318e-01
2.268783297970442259e-01
