3.747901990835378427e+01
1.768567132060312463e+00
1.501894153459365500e+00
6.371536167063371892e-01
3.138145458149630862e+00
3.128380396497655536e+00
2.658477028735468206e+00
1.394267493400095148e+00
5.931530390311466894e-01
8.228766650215764145e-01
8.539293026547690735e-01
3.697181628689149013e-01
1.288221664375829856e-01
1.218820378502917023e+00
5.742988201396164172e-01
8.644352273290361044e-01
3.711157056323634573e-01
1.562623245153853535e+00
2.887872748930411793e-01
7.222544033080391390e-01
2.441964104053346574e-01
3.203926412117799050e-01
9.627209726587140359e-01
2.427040409735309046e-01
3.545297586594838846e-01
3.426158543095460529e-01
1.884392336234932130e-01
2.794597435550417730e-01
9.577987098484656847e-02
1.293201778999123752e-01
3.889482562227695173e-01
2.944264442449956443e-01
1.148614346162354916e-01
2.880299245874052283e-01
1.964469059783623961e-01
2.033333615754264606e-02
2.365459171135299854e-01
1.480112815074584864e-01
3.264412491332021049e-01
2.239610238337194914e-01
