5.426100948027833226e+01
2.294535019240280249e+00
7.391547641258426893e+00
3.684384002858917651e+00
1.994113773905958453e+00
4.012553466428313342e+00
1.438200807088233946e+00
3.444760197194587814e+00
2.042888930547322790e+00
1.487648466015951465e+00
2.430176297302538924e+00
1.644491461199819371e+00
1.172171054894192377e+00
2.696471071812005516e+00
3.388006955039546964e-01
1.970096804296214144e+00
6.361866560631005418e-01
2.255460439073461831e+00
4.902034221133182434e-01
2.335371980234770994e+00
6.615587305485642888e-01
1.897410523699204044e+00
1.020717973333869155e+00
1.012782172828447402e+00
1.305124229381254386e+00
1.657672921623636553e+00
1.478411626435094384e+00
1.055900286200554650e+00
1.682719461554561091e+00
9.734312427326822226e-01
1.248971372319460427e+00
8.723663146641690291e-01
1.361684506099669623e+00
1.516869086754341067e+00
7.574331723789171633e-01
1.309779845654079233e+00
1.136964062672596532e+00
1.242690967228712529e+00
1.051539908386042610e+00
1.335996546793609241e+00
