9.736657519155365037e+01
1.604346525367943421e+00
5.021023701467826506e+00
3.366704893979596935e+00
5.378402326859659688e+00
1.728114956879843289e+00
3.778914214937516558e+00
3.954056227325946082e+00
7.083179374248448568e+00
6.201678616267715327e+00
6.207720063524803322e+00
5.035703340195144539e-01
2.830498262670226417e+00
1.873541021056051470e+00
1.998053613724096289e+00
3.792105884332960475e+00
1.578580209253802602e+00
7.692216655916351842e-01
2.152913451154164548e+00
7.538963427925834404e-01
1.916314900764337636e+00
1.200443007940528606e+00
1.607480321558250491e+00
9.791371802179369421e-01
8.915577488865913391e-01
1.607038172320448099e+00
1.039640755360272006e+00
5.094188025376441553e-01
2.225674189327078445e-01
1.488091760463454039e+00
1.454940586218425036e+00
6.204990856420528056e-01
7.946091762133886682e-01
9.263812748330139124e-01
9.584751806521980555e-01
4.418593782332195796e-01
8.569355176551142206e-01
6.899410961206152715e-01
5.867757275621083846e-01
4.850048033325325969e-01
