4.522429380240380681e+01
4.335579565161534532e+00
2.947034569605389454e+00
4.337134115953478641e+00
1.697629233663875192e+00
2.726300528470237960e+00
2.749516536589811100e+00
2.260811056987563905e+00
2.161700549704187679e+00
6.748058791764574016e-01
1.773296702945746040e+00
1.548800941643518669e+00
8.249569440248867291e-01
1.710459528398946993e+00
3.121165527555918473e+00
2.410927824157035548e+00
2.497511179754230870e+00
1.940229477952588599e+00
1.372677650354501733e+00
3.484637458316938385e+00
1.840043834894373287e+00
2.104749249061125482e+00
3.561494147592774162e+00
3.139697962626361694e+00
1.421554563154532325e+00
2.239101039423291528e+00
2.469777909946061278e+00
1.084835204968431110e+00
2.721335333478656526e+00
4.303363585331138608e-01
1.607752213833035126e+00
2.127070581198498012e+00
1.108840469630559600e+00
1.717596075666345312e+00
1.876478509281253482e+00
1.355115758394284553e+00
1.227142304193378219e+00
3.308356880512227427e+00
2.348232780470230985e+00
1.068213086698569514e+00
