4.631221200502883306e+01
9.704850426702895660e+00
4.112942530241542549e+00
5.392026167479190946e+00
2.598651755856561163e+00
3.053649222731731339e+00
4.193661937169008702e+00
2.873507042077992679e+00
1.620014890163583798e+00
4.951226176649764277e+00
1.957808525093761354e+00
3.036015692064095273e+00
2.204601329847586388e+00
2.949075903305115709e+00
1.176413242569915862e+00
3.630051176280845837e+00
2.249302670535788362e+00
1.904083521695350889e+00
1.481112939593101530e+00
2.372329351996048885e+00
2.619899611006813789e+00
1.224787868604723995e+00
3.149687789071504707e+00
1.842731103472321941e+00
1.095506851498775580e+00
1.425207145308381662e+00
1.243261820384816918e+00
1.628259223949026779e+00
3.265415271327704705e+00
1.913135303985105562e+00
1.321239683822730493e+00
2.916489001970564043e+00
3.908512488511299843e+00
2.837928839758292909e+00
2.724830341856499860e+00
3.018025214898604869e+00
2.516071689920632348e+00
1.473888116119382641e+00
1.362007813850245164e+00
9.332345597145250693e-01
