3.217380510681608285e+01
2.329725046750652506e+00
5.141988426245061028e-01
9.917101482179870864e-01
2.589499914957718918e+00
3.056881036722206346e+00
2.696858298145860644e+00
1.234981403394401545e+00
2.733169905939027533e+00
2.881127717871374561e-01
1.655298777795278342e+00
1.702094100823223544e+00
1.438929060837534690e+00
2.055780928207577407e+00
1.439602737748901795e+00
1.006477343908689370e+00
1.354893194103264698e+00
1.500156617051537022e+00
4.388179394008658862e-01
1.776926137833751307e+00
1.639363604075210201e+00
5.448602265917203979e-01
1.466920012000528351e+00
1.324617605583756186e+00
2.350771954761913529e-01
1.638650351611317335e+00
5.864673715238835072e-01
8.425502626002281392e-01
1.199789401166788450e+00
9.435779568780163773e-01
9.597466981414101150e-01
1.677422137795111512e+00
1.817318425638166646e-01
1.925387991094501761e+00
5.764655734592692982e-01
1.276955363877454452e+00
1.317168933599345282e-01
1.077290139807748570e+00
2.803689767251310583e-01
1.643327234442251594e+00
