2.691398042878764585e+01
1.515924890895698374e+00
9.229742495496665589e-01
1.031601942787101045e+00
1.494451629431406747e+00
5.001463034254652884e-01
1.610896274319737476e+00
1.601895780476501052e+00
1.003108749949423784e+00
1.208627606096682516e+00
3.972095573265395085e-01
1.129378765802607903e-01
1.333977503718071778e-01
3.786156950356200229e-02
4.371546800233891417e-01
4.951359361548591798e-01
2.438784718397988271e-01
3.953009201262364658e-01
3.953403871881341347e-01
1.492034976109238853e-01
2.565804073368391780e-01
3.437280557375217427e-01
1.973421730848141931e-01
1.057045635094053665e-01
1.102279030437401525e-01
2.095053825213868681e-01
2.417340648790176211e-02
3.120861763559072410e-01
1.902975874791452138e-01
1.234627608845200730e-01
8.635305886012373255e-02
2.049641445445712085e-01
1.053770401487846148e-01
2.156185596577908092e-01
2.441213893656650480e-02
1.284519399011954943e-01
2.092523806299997347e-01
3.607253755898726794e-02
8.400102900732603350e-02
5.469411518467794803e-02
