3.887909199761356405e+01
2.485551954548833375e+00
2.184848169928641060e+00
2.023250880892939030e+00
1.283488506754618896e+00
2.730206988905689691e+00
5.831375341291711312e-02
1.938307897478436237e+00
2.258323351478240593e+00
1.155340843412355323e+00
1.429445312677504853e+00
1.626714895073196443e+00
1.960282184366746172e-01
9.009779549058065662e-01
1.148978638554117859e+00
1.667598587030782342e+00
6.786315857282914088e-01
1.415535007404443713e-01
6.108707763494267695e-01
8.984835166740922086e-01
9.090389048584426313e-01
2.717417952978609663e-01
4.458128622149890585e-01
2.552148216028752858e-01
3.107947104138866212e-01
3.179139926147441786e-01
3.118718708500384795e-01
4.225224734425981898e-01
1.937259179487877681e-01
3.672901843305759889e-02
1.848575503760079841e-01
2.041962566297525761e-01
3.576851337469827974e-01
7.007755972923164489e-02
6.939089971005696356e-02
1.114223794448101074e-01
1.985700688056399044e-01
8.416117872976386360e-02
2.184365920009160786e-02
1.601687702676788394e-01
