6.050427275928434767e+01
4.121573834040804130e+00
7.234597291094865490e+00
1.700135671133259141e+00
7.442813698541733025e+00
3.416567177800270638e+00
2.363458163583862959e+00
2.728019695109265008e+00
3.406856377179090067e+00
9.067242117976643812e+00
1.924760309966892624e+00
5.356760416962237592e+00
2.782668826752908497e+00
7.554252641208959673e+00
4.912665040876279754e+00
4.269260743419105886e+00
4.042317576308755100e+00
3.511800492959958220e+00
6.591070715901272692e+00
5.775214810238751273e-01
6.874729245447213088e+00
3.089802536739877925e-01
6.135072709042445283e+00
2.805053456229484432e+00
5.701199738031418995e+00
5.409665500224631884e+00
1.941979740331553961e+00
4.789056662606698822e+00
1.568775703507146346e+00
5.102132449335702979e+00
1.393528937257754396e+00
5.733234044926737383e+00
1.343999208335675322e+00
6.438459919370386864e+00
2.865509607683941251e+00
4.108755078748237644e+00
4.753720196052842795e+00
2.764879130857264666e+00
5.247007988620711494e+00
9.837239124442385962e-02
