2.990040539922759422e+01
1.801648714953134167e+00
3.514347379860345844e-01
1.141359168053138085e+00
1.287965525702412517e+00
5.368238730235325162e-01
2.114199813858447463e+00
1.023166579950852029e+00
4.190498601476319029e-01
9.592404725242382746e-01
6.580387422970525035e-01
2.251815907522397853e-01
3.000193235363575184e-01
2.914809258317083152e-01
6.520532831283919473e-01
1.622660421386092622e-01
3.286341116340272261e-01
8.668054241585011754e-02
1.594253470070728373e-01
1.320172768416293108e-01
2.014063526409403393e-01
1.756508952461390272e-01
1.505025946222456057e-01
7.578453160656899168e-02
8.123780110921860476e-02
7.812029395769588824e-02
2.209735436439405898e-01
9.116155070139843331e-02
1.879255080467296946e-01
1.363643423802977928e-01
4.273248689667891870e-02
1.612638024541656612e-01
3.424467308195203175e-02
8.332344552820773742e-02
3.074706127956484264e-02
4.516831454090505099e-02
1.272041952494564199e-01
4.579606769908179525e-02
1.290115915450290585e-01
9.557208936871566807e-02
