1.628615807759293830e+02
2.502194738334546642e+01
2.953776606225314083e+01
1.394065640849369103e+01
1.738182178236752407e+01
1.031557851406101278e+01
1.543146645376926251e+01
1.560906884794567517e+01
2.212227197130403411e+01
1.596170857583318181e+01
2.435126967791177677e+01
9.158600514223453004e+00
1.178268532654477596e+01
1.152106198601857656e+01
1.240030673492289459e+01
1.529006367132113375e+01
1.343624550835010467e+01
2.188814572344801945e+01
1.762752355242687585e+01
9.482731517619791717e+00
3.442826101478915657e+00
3.722538136543183107e+00
1.028810975452929810e+01
1.979940943141049559e+01
1.713685061070308890e+01
2.091848164731131376e+01
2.073267903611749929e+01
2.190021303626124549e+01
1.185002785152428117e+01
8.508616062428153271e+00
7.422860955574059005e+00
9.052301272433416202e-01
5.216705568282092642e+00
1.323839819458797074e+01
7.056075926835200463e+00
1.453738711935791983e+01
1.199098814876627017e+01
7.672666072045055685e+00
7.789192065438871992e+00
5.932065685668661992e+00
