2.623985691376097975e+02
4.910122766979019104e+01
2.434283168360452621e+01
1.029332583767628151e+01
1.113904387910708671e+01
5.779137144639857837e+00
6.753997324214988218e+00
1.618412127077961671e+01
2.203427131939670858e+01
2.698542538905308419e+01
2.511832494820967199e+01
1.572615783345957752e+01
2.439541902941087415e+00
1.499820270640664255e+01
2.018265909254149548e+01
1.512916151947955790e+01
9.366957021786198823e+00
1.229106620756011736e+01
1.737177256753656707e+01
1.391422730045581879e+01
9.635519453432584314e+00
7.816045991991440900e+00
1.715244602401186214e+01
2.073094027302857967e+01
1.747926818654119430e+01
1.456714120345205288e+01
1.938182401350995221e+01
2.234268217123791445e+01
1.763618048237604086e+01
1.544415684050346904e+01
1.041925280882595217e+01
6.932693738630467450e+00
8.031933799828342657e+00
8.403882901405332007e+00
8.631090890078169764e+00
7.469002636624096247e+00
8.247813192912564872e+00
1.453265566863298375e+01
1.397609994849636728e+01
5.480723477460778703e+00
