4.578482377042178975e+00
5.671958009287172420e-01
1.406159307531970049e+00
2.486118982186759641e-01
8.828644933310235698e-01
3.786828283381227789e-01
8.900334174418345068e-01
8.127763682631800046e-01
8.428580610570334253e-01
5.875223896973925664e-01
6.928065746362107591e-01
5.896172238285645184e-01
6.119615032916914110e-01
3.368006185312942269e-01
5.944826610395165245e-01
4.284270921354614847e-01
3.341431727849540900e-01
5.456855108514285790e-01
1.060710075052504059e-01
5.588511609242341471e-01
1.691129004814530268e-01
4.007208893933487670e-01
4.746472543017579010e-02
4.972300834133810410e-01
6.992536421372469446e-02
2.947446201943945132e-01
2.109681242043112970e-01
2.283059545839375148e-01
1.614144946718487073e-01
2.963924924180235676e-01
3.360430511045341406e-01
3.082677208359356769e-01
4.723170453179071360e-01
1.284397817501409522e-01
4.414281183113045182e-01
1.179706380990733633e-01
2.771730818271764818e-01
1.868539658874704967e-01
3.725886394260894963e-01
1.042726175131506866e-01
