3.459385702007104868e+01
2.712002593307378806e+00
5.467345181108191898e-01
1.124583467786170576e+00
2.131995325050145773e+00
1.583223333151731804e+00
9.825326520646628925e-01
1.519214850798306538e+00
1.197921661807367366e+00
2.601589862559853028e+00
4.433335580378772178e-01
6.092051036693891808e-01
2.454592853423298582e-01
7.839669985245731887e-01
4.230897116825670379e-01
4.427822083535895015e-01
5.201541342521369682e-01
1.283267566370683399e+00
1.023714664000357821e+00
6.330628462551777247e-01
3.593707920332702144e-01
9.581661320345237209e-01
7.321464663404674278e-01
5.247294566494506984e-01
8.662026881984797866e-01
5.076255476276230194e-01
3.663522233927185567e-01
6.441278689528584511e-01
6.994635888500067011e-01
6.306321950552911115e-01
2.655993634218211663e-01
5.465549632691323323e-01
2.995261749054616840e-01
8.174122249968104326e-01
6.989739604570829323e-01
5.476820039840635257e-01
5.114559996315795054e-01
3.602843595557367329e-01
8.436464371706126064e-02
4.222649169211502018e-01
