4.764395058480691603e+01
4.843023851037040473e+00
3.946905439481578792e+00
4.714101148599203484e+00
4.036589499283048887e+00
4.321670986281704430e+00
2.877356187328312220e+00
3.337392031234503342e+00
4.900645359243960719e+00
4.777944879419268709e+00
1.899938519150079053e+00
1.919303436142423491e+00
3.743437481111027587e+00
1.674308817181483944e+00
3.404557102852667771e+00
2.348262915470692214e+00
2.779309095680441821e+00
4.466789235993448237e+00
1.511468575013402260e+00
1.170333056179689191e+00
2.510598849738354232e+00
2.206304979540505418e+00
3.031783442740050294e+00
1.729291955381269563e+00
2.821606810598896953e+00
3.325091199822986621e+00
2.199147774405134204e+00
2.139652453791504705e+00
3.551629877871313123e+00
3.264770067652511099e+00
1.827077375966814854e+00
3.413825474832655527e+00
1.928205523025472212e+00
2.574137813033639421e+00
4.140947116635905090e+00
2.047112036061825791e+00
3.245767046713482262e+00
2.553173363570539145e+00
2.685950162151614862e+00
3.479766513888546964e+00
