3.496197751158860001e+01
1.073225263703038168e+00
3.873048797424867740e+00
1.023700303262613298e+00
3.067148351268883744e+00
5.060241184481330201e+00
5.428733821668851878e-01
3.049802721187617749e+00
2.979952432034347343e+00
1.157136215584356087e+00
2.007063131854749827e+00
1.688326398675858320e+00
1.395257548558984872e+00
1.424122328996718201e+00
2.242091962087022328e+00
2.204576089334111089e+00
2.085386335188934570e+00
6.584649098838865067e-01
1.766630592649414799e+00
1.402588154661672970e+00
1.218813957534167658e+00
1.957031458719618700e+00
1.780475857362598724e+00
1.756825138969680067e+00
1.891069160299398977e+00
1.690051306064000114e+00
1.806858125627503364e+00
1.311433903726585859e+00
1.550248614018583604e+00
1.973899459216272190e+00
1.529987699389664391e+00
1.335997912040928881e+00
1.399845143284737192e+00
1.632908752902301641e+00
1.691324150338739285e+00
1.321083016178695724e+00
1.774557946828465793e+00
2.157907778666882326e+00
1.069617686936858769e+00
1.714120794097834466e+00
