1.709283153305026985e+02
4.578858665250221449e+00
7.793229829208583759e+00
8.316368279945065112e+00
1.925000422892858998e+00
5.431301698711738624e+00
2.119664266202283986e+00
5.924923819488893351e+00
5.461462273267354561e+00
1.552173889566140330e+00
1.604822824592771147e+00
2.600758209773911478e+00
2.171433347270823599e+00
2.168880549671368563e+00
8.417728892359493953e-01
3.170690189178166030e+00
1.987994979560070874e+00
1.144662567946241660e+00
2.653643363980397574e+00
2.269598584637317007e+00
2.271216518280544605e+00
1.169553534713078990e+00
2.112427371870344128e+00
1.697581064736861434e+00
1.374116646141321896e+00
1.590000008905947393e+00
1.693601622485459091e+00
6.155348559367617156e-01
8.129289133388341027e-01
1.101232835834330626e+00
8.608118092877379279e-01
2.214605723334935605e-01
3.950534694387144996e-01
7.149724907777821326e-01
7.605169640167142031e-01
5.571982614549240154e-01
8.758811268007897777e-01
2.033393659233106304e-02
1.692520934918822217e-01
1.025889770702325343e+00
