1.675333881576293038e+02
9.404910552929500511e+00
1.399752606478588390e+01
7.809977010030750399e+00
4.405584607710023803e+00
8.645716351792467336e+00
2.686726372104351501e+00
4.095898693811611757e+00
2.995338803613204703e+00
4.029476463861637825e+00
4.616418325333851769e+00
4.540225424360910367e+00
8.525070401612485638e-01
2.692361339247388852e+00
8.533315181393193782e+00
4.605080603963032537e+00
8.271680908749782901e+00
3.530772033441335278e+00
2.020583305215359005e+00
4.816457665854545489e+00
3.594216935067068075e+00
2.329568865182090498e+00
4.312271801382963510e+00
5.278257842484607387e+00
4.304125362573508973e+00
5.829069868997595272e+00
5.139360806227944778e+00
5.684261825727854323e+00
2.264285491389720129e+00
6.131982018109881416e+00
4.373654209859514808e+00
4.750621198211971041e+00
4.269208516013112131e+00
2.745767293082951088e+00
4.348871246834608684e+00
3.341335695317543042e+00
4.277791524931727096e+00
4.656388945445948835e+00
3.627612721288920206e+00
4.035573955373013000e+00
