1.436805632735139397e+02
3.632315482836356857e+00
4.039337636672149401e+00
8.959228985268907763e+00
8.266984915499449471e+00
4.879108479712869872e+00
2.476418823915589318e+00
8.028397690856568403e+00
2.693566125885514140e+00
3.788577881903302802e-01
1.457282808234509508e+00
1.074246223886748064e+00
2.265301862750115802e+00
2.875841691980301373e+00
1.635908834039711435e+00
1.084878666733109176e+00
1.418177691988926403e+00
1.542163918587946325e+00
3.453220575394890801e+00
4.836443749518334889e-01
1.586335062222305803e+00
4.370268624476251196e-01
2.415902247397805347e+00
6.721623047440817844e-01
8.063639737506741456e-01
1.272696778102927695e+00
1.231145251690624276e+00
8.458367704530391773e-01
7.727304142521211894e-01
1.149096568800032636e-01
9.746953998529774010e-02
8.695653719446047591e-02
5.453064632385175026e-01
7.658092148484916262e-01
1.086771095096200179e+00
2.917512218333607743e-01
2.036345694573276355e-01
7.213377529527924548e-01
2.837156507754018397e-01
6.148040513481395353e-02
