2.437704198826052391e+02
1.795085814159634552e+01
1.175419158676217535e+01
1.382776423134225396e+01
1.593779305349134745e+01
8.986354466204417690e+00
1.044181211108847407e+01
7.265326147933613754e+00
9.325413608730183768e+00
1.842937250438947627e+00
5.813171118235098689e+00
1.555868349609418111e+00
8.479103399686916953e-01
3.952187058657349095e+00
4.696146575112591925e+00
9.643350490832981459e-01
2.355105361487341842e+00
4.749800640491878667e+00
4.849870092306608704e+00
3.268733302453072476e+00
1.732469639458481536e+00
3.781267537954239533e+00
1.298137839425945739e+00
3.341635209818149654e+00
1.903290363081015846e+00
3.919270387409901524e+00
2.665605563951522150e+00
2.968330871927897352e+00
2.988376391362911111e+00
1.387357587498581735e+00
1.674362330750377881e+00
1.839864781940508065e+00
2.666109214247297299e+00
1.211074447174339985e+00
2.071417107450298278e+00
1.583208854782741204e+00
3.599614151170069665e+00
2.830616241234870767e+00
2.585588119673241980e+00
1.823292099449305814e+00
