2.752121703322978163e+01
1.634681777446221451e+00
1.627088225987746384e+00
1.590619629080938457e+00
1.903612593893697635e+00
2.067397638980785324e+00
1.023182046966351511e+00
9.367557426620405359e-01
5.932099802622793350e-01
5.642802940056859118e-01
1.084779314121493643e+00
8.411245884186022703e-01
1.882345457210973794e-01
3.953113334899479581e-01
2.915227239354783451e-01
2.996544990363850802e-01
1.811537856793425660e-01
4.232470836531948000e-01
2.741526404966515007e-01
8.385380418590832052e-02
1.151177713356272142e-01
2.941243481844715846e-01
1.065397056829594097e-01
5.779305085586643881e-02
6.889816831077733017e-02
1.633670848578235371e-02
4.865407952765714306e-02
1.240657987680755109e-01
3.857334391574371996e-02
1.175836062342541927e-01
9.272682212268562596e-02
8.963121629221451614e-02
1.369779305706459727e-01
3.138159900307501693e-01
6.072198595562423862e-02
9.597548562720088772e-02
1.094386203148269010e-01
7.596261005645232878e-02
1.454728133854032435e-01
4.997420912092986021e-03
