5.426696681830713942e+01
9.326627267527399567e+00
6.486685514330590152e+00
5.152759184054356290e+00
3.904202305855822619e+00
4.434988454440579986e+00
2.767825490687814582e+00
5.248331707551206371e+00
2.811427490048778122e+00
2.171021503277692943e+00
2.905849585989728645e+00
3.852075589611438922e+00
2.896338061049676948e-01
5.744548234898573247e-01
1.810955394549206066e+00
2.179949664375835372e-01
1.777224610633020285e+00
1.361473639536926239e+00
1.824042977240663221e+00
2.720567152276161527e-01
9.979816506336600668e-01
1.280740947711851430e+00
2.334526525360498983e+00
2.067984839697354804e+00
1.510189005594552825e+00
1.461713082139849185e+00
1.507528532813167566e+00
2.200150061043447014e+00
4.816918652195223416e+00
1.051705942407411776e+00
1.798139063924010905e+00
3.309278801315338470e+00
3.361339166903059894e+00
2.146659399062309959e+00
5.322758884549050329e+00
3.337555039694253267e+00
5.461844958923706805e+00
1.892851243252745119e+00
3.576218206909429931e+00
6.022319075576789693e+00
