3.978836605602742793e+01
3.461857800482744385e-01
5.068823722656571107e+00
4.086826256677305480e+00
4.689776100104222079e-01
4.178824498926385189e+00
2.719598758441921227e+00
2.609928342634598053e+00
3.060195023518034407e+00
2.471589449345815037e+00
2.914125623586649283e+00
3.222135964731156932e+00
8.482532977556315190e-01
2.057194922748425636e+00
1.395375770466323440e+00
2.353452775824074195e+00
2.290718250525321853e+00
6.841709027114732944e-01
2.715838305817876108e+00
1.425141190584837680e+00
2.160212075017228450e+00
2.366018088127320063e+00
2.295799355902354844e+00
3.262501084711318278e+00
8.012550398216682357e-01
3.981304092878523271e+00
1.654533655277669268e+00
3.286980720996483640e+00
2.818882757470015488e+00
1.780390237994667668e+00
3.057939775522852788e+00
2.691205422034304018e+00
2.041702796805143549e+00
1.409520374798945985e+00
3.047432657106419196e+00
5.626116033091900226e-01
2.016740085169796970e+00
1.445828320963893576e+00
2.031720529688016086e+00
1.563575242703544976e+00
