6.088133340768208512e+01
2.705481933738000677e+01
7.044614793914950823e+00
1.660567524212085644e+01
2.575473168210796615e+01
1.778052378019138402e+01
1.240863609538372359e+01
1.584688118568623416e+01
1.827767877446907718e+01
1.302694759501081201e+01
1.431979114125416430e+01
1.721408296812107963e+01
1.464856754539766470e+01
1.410189051271070504e+01
1.364965481568670924e+01
1.340627001998569057e+01
1.584036986289500959e+01
1.716959196586694603e+01
9.391904164203470629e+00
5.326167388210757636e+00
1.481312248928743003e+01
1.847261319561829751e+01
1.395468175923066489e+01
3.062460295741892047e+00
1.039577330159596436e+01
1.583768558559887119e+01
1.057579070530731613e+01
2.316308467163434859e+00
1.008318412285291288e+01
1.145346330529759449e+01
8.445859377387279210e+00
3.800172831723859890e+00
9.321202531848975070e+00
1.085052223235540403e+01
4.642461491459431322e+00
2.293272542748944431e+00
8.105794764491836446e+00
7.483829914249403359e+00
5.338942230230579788e+00
3.023120396022422884e+00
