3.927194224235616105e+01
6.566531221796952922e-01
3.446054616202020693e+00
1.601958385366467175e+00
1.320141723612058726e+00
2.258081718144749228e+00
1.195632209587783379e+00
2.528849309293626835e+00
1.156877748078255719e+00
1.020554817123307645e+00
1.990647221223846852e+00
5.142647688577901555e-01
1.977911453940139674e+00
5.949558329520554523e-01
2.188194785206466708e+00
1.529150030877082900e+00
1.020213215519207850e+00
2.602804297442601111e+00
6.788672658403550608e-01
1.974778757907629800e-01
1.525126193717828427e+00
1.030445718885710571e+00
1.989935703273398859e+00
1.749519855327029916e+00
2.389488872656455154e+00
8.357576051835582387e-01
6.911465394207576551e-01
7.116103715157783283e-01
6.054891021276158636e-01
4.680787472179355757e-01
2.994113433151437964e-01
9.242844093319696475e-01
7.087758687634027055e-01
1.049756513785175427e+00
1.582831195130643520e+00
4.745433040996532847e-01
5.274233303688025121e-01
6.086094964412778197e-01
7.475116445003486820e-01
1.462924835927595479e+00
