3.341091303167048920e+01
5.206238328266819870e+00
3.195539614180706423e+00
2.578711624905391631e+00
4.328670644351975128e+00
2.633634542287740743e+00
2.117265437868295130e+00
1.454350054038000328e+00
1.737193253485182609e+00
1.900719756213766543e+00
2.071017417250354598e+00
7.217908189943575969e-01
6.654787501942396322e-01
1.281811063009146601e+00
1.332111122899117372e+00
8.818112734288556798e-01
2.058877457164859648e-01
1.950832744132269259e-01
5.790124685049871101e-01
8.041278538658122033e-01
1.108293152173203677e-01
2.181847892295427915e-01
1.197761147602126874e-01
4.383215864437628451e-01
6.852839214477529639e-01
4.051573145271304410e-01
1.423121558507101647e-01
4.150642549142591897e-01
3.175733540994738480e-01
2.724932582207993392e-01
3.461249012474990616e-01
1.471945836696559040e-01
5.543695424940247030e-01
2.097343504817766324e-01
1.469164071406495187e-01
1.372403079891812427e-01
2.561316290157079553e-02
3.163683175861413677e-01
2.686328250531507256e-01
4.699269170753012786e-02
