3.323312743246461309e+02
2.378044591707760347e+01
2.658147317923037534e+01
2.223869673946726522e+01
1.033009263451293513e+01
4.696287303910074762e+00
8.965794452302562334e+00
8.694260490153174814e+00
1.524501234297605023e+01
1.177016391287700081e+01
1.111911384250623769e+01
1.036135061227859211e+01
2.507383886867277312e+01
1.684648982640780090e+01
8.599067164866996293e+00
8.405342612066910135e+00
8.692319211806154300e+00
9.308899991208066993e+00
1.147879882494372517e+01
6.153036789340242230e+00
8.912661070224919158e+00
6.035998024303220078e+00
7.655210312911043147e+00
9.043821869587805651e+00
1.180638534083377067e+01
9.765454674566006688e+00
8.901932260876831648e+00
4.445481256663176062e+00
5.644969573623864534e+00
1.089961894352743776e+01
1.221283484677189080e+01
7.355303722807881250e+00
5.328775756347261527e+00
4.894592628611547980e+00
1.851717380169022542e+00
1.077957884561702606e+00
5.294419215825046265e+00
1.295386729836224227e+01
1.157780965479590840e+01
3.689689993710318028e+00
