1.701734141270141549e+02
1.760720563626691870e+01
8.318722505063057326e+00
1.990725642399715056e+00
1.584063678964790389e+00
1.020235808119108967e+01
4.616685090123279878e+00
6.691815722367718600e+00
2.357423578393245123e+00
8.574591123933394954e+00
4.759388139180107835e+00
6.223162569716569337e+00
3.798446691578116763e+00
1.970345021089920268e+00
3.043306834881602363e+00
2.077787306572545845e+00
8.502458106388976589e+00
8.193424590227792459e-01
1.237529136694831555e+00
1.326256229394558561e+00
1.358166802652430283e+00
1.535656544237640420e+00
2.213900386928972175e+00
2.787672687935434546e+00
2.848004227562982660e+00
7.964802440837814856e-01
4.712422635890438083e-01
1.983320446204353438e+00
9.626263420406845350e-01
2.246886281121958540e+00
4.947290758712429848e-01
2.513971613475198819e+00
1.846097588981317483e-01
6.049258586729517884e-01
1.389572152323845788e+00
2.798789750043760627e+00
2.103907448329684904e+00
1.112053228125885473e+00
2.335626962461468281e+00
1.078823320335759339e+00
