3.580231523880266877e+02
4.173418563697999417e+01
3.315105641066610076e+01
1.045719628170875737e+01
2.972397507666528327e+01
4.159338536260898422e+01
2.330227749992138442e+01
4.354804458156836233e+01
3.653620394671806793e+01
7.643245586948314241e+00
2.431040125776768335e+01
2.264360074920610089e+01
2.443578129736409466e+01
3.424906882447834278e+01
1.614576262838013321e+01
3.507478902851573110e+01
1.255553899132150164e+01
3.710458541654902120e+01
2.035487191603314372e+01
1.924648185927411603e+01
1.498830691725463993e+01
1.727130174894190517e+01
1.749720496084995602e+01
1.315730925967898379e+01
3.097441264484454848e+01
1.822321844204248364e+01
2.267259500823022833e+01
2.341487991622589249e+01
1.386556519616577710e+01
1.258531256445223612e+01
2.711539924254970302e+01
2.692834308201704019e+01
3.396757133135179885e+01
6.673494386541849899e+00
1.196743035865270777e+01
1.848269308749241091e+01
1.211476864053673985e+01
2.413694457436605489e+01
6.252312925724077708e+00
5.039015979539788859e+00
