2.334825291576699726e+02
3.787127260246495819e+00
3.723165173326343780e+00
8.982046584001489364e+00
4.842451193643117158e+00
9.172780840098846866e+00
4.347269287899450774e+00
1.105356231781012433e+01
3.207309873033395320e+00
2.482536408182769438e+00
3.959828320411876046e+00
1.374217153503368705e+00
1.526467993245712806e+00
2.303244722321394988e+00
3.246465079760387340e+00
3.264635627669891349e+00
7.111265633850767376e-01
1.388626600913972942e+00
6.705847972667183576e+00
1.449514569929743368e+00
1.995255092096563099e-01
1.394762944700105756e+00
3.423247220447371397e+00
9.130688094059149496e-01
1.680205038034107812e+00
1.454320337693300047e+00
1.452487003762215512e+00
6.074839457976238810e-01
1.372703836643540010e+00
5.053411946159985790e-01
1.286045471413766184e-01
9.956614276307240718e-01
4.148441349638154474e-01
8.352760423887889418e-01
1.159395630378624364e+00
2.973212904171289028e-01
3.913923557802717612e-01
9.184023512324275273e-01
6.050375702260517574e-01
5.247867813028745942e-01
