1.669279182265055965e+02
7.551066060970594851e-01
5.001325844803718113e+00
4.979701055561579714e+00
7.351813122232766506e-01
8.517040146080088192e+00
3.400738997611825187e+00
2.646745289490312736e+00
1.015183033605066898e+00
1.408024860912666432e+00
3.633091591072931337e+00
5.483082663729158535e-01
6.353890127404390187e-01
1.852383828563563206e+00
1.305161549431175683e+00
1.689557863922168890e+00
1.085005475330938829e+00
1.245066978349411047e+00
8.568176664000783926e-01
1.632733182133484062e+00
1.969945409681710391e+00
1.506231758714182467e+00
5.498511230181162279e-01
1.021114307193704329e+00
5.726243683410379148e-01
7.042507877514604386e-01
1.037893972158340450e+00
7.412457962189159533e-01
5.201072335973264682e-01
2.447612744976988830e-01
3.524953778762295320e-01
5.162254978720091092e-01
1.850308236039942544e-01
2.076957213097495036e-01
2.797919620549015329e-01
3.498231555790969893e-01
4.101267161043418708e-01
2.034819156152433972e-01
3.430212489566120126e-01
1.753954364184487358e-01
