5.029655870602466194e+01
3.562429521604384419e+00
2.947301722907739840e+00
6.262338492865522355e-01
1.112765253465154869e+00
2.203027000595200846e+00
2.205518700587339787e+00
2.438104067875391578e+00
1.775937714136294754e-01
1.385453788521381124e+00
1.622208175212170422e+00
2.062831322444980131e+00
1.667876959851666729e+00
1.132924381597322783e-01
8.695488912618953847e-01
1.600297333437347813e+00
1.097500043855652141e+00
1.800105134460802780e+00
5.238021689369787293e-01
1.069722952404092098e+00
9.398843998943409161e-01
5.053174294161401070e-01
4.820474705130778914e-01
6.226801176325692522e-01
6.268674823410508301e-01
5.320511690294932317e-01
7.561856555840624772e-01
7.753181506055604189e-01
4.998294437485669706e-01
1.295152295673152043e-01
1.918443670570655624e-01
1.850685408764965456e-01
2.137794053105659398e-01
2.490131150767803114e-01
2.741096252673493328e-01
2.023533707975524731e-01
9.928643574164940089e-02
5.105205698029661177e-01
3.971918784000287306e-01
4.756790927951571463e-02
