6.916097050693736037e+01
4.545279487847665223e+00
4.964988114601430524e+00
5.839140847495559505e+00
6.160807365898095078e+00
4.859720154888641730e+00
6.726239389810241498e+00
2.155665456792600132e+00
5.023627425064534968e+00
3.538591517190009306e+00
2.175015050111186010e+00
2.272187400293613990e+00
1.470889782587594397e+00
4.700842203911749229e-01
1.699551421757971248e+00
5.782556311328277410e-01
1.665949763670780959e+00
2.182676177812632901e+00
5.667172191509846080e-01
2.784962054874687842e-01
1.677581289857705382e+00
1.724838211689328160e+00
4.709788104293685662e-01
1.136390834750300005e+00
6.714145244097456944e-01
9.915826706635603172e-01
3.812362876440447135e-01
4.795458889890854004e-01
1.241331575601500203e+00
5.310759563394038540e-01
1.474823439033640327e+00
1.414733601614761138e+00
1.142952330605311095e+00
8.673673724554772368e-01
3.731627558007634127e-01
1.613192326464349069e+00
5.989294044494375413e-01
7.870451204503497999e-01
1.140190554757557484e+00
2.995261624554911850e-01
