3.426999678753896461e+01
4.576109110537902147e+00
7.695083913294270550e-01
1.232018228782034264e+00
1.531184939654962163e+00
2.435972827401598373e+00
2.580795582513244923e+00
2.693151816794232545e+00
1.662746923690700207e+00
1.635958649212025051e+00
1.828523034788616108e-01
5.088624304478910343e-01
4.224149883768918978e-01
9.894784757688148691e-01
3.998975554836191604e-01
1.291216210985941304e+00
2.344748230667967892e+00
2.750855899265836513e+00
1.738683313508077255e+00
2.476431883152176550e+00
1.343862290936604476e+00
5.087812311260916376e-01
1.270792448153607035e+00
2.597098436174197555e+00
1.209087393909080044e+00
6.812521646984486257e-01
2.373910653000906035e-01
1.150252197286804057e+00
1.256342771533383029e+00
1.047346823107397240e+00
1.294481110094608312e+00
8.716714576507271772e-01
2.687248567240634323e+00
1.292963982525860978e+00
9.188826639347029701e-01
3.270459373171907824e-01
6.948299702017022295e-01
3.462680607241567232e-01
6.558743331634842022e-01
1.386414202822842778e+00
