5.610557328596307514e+01
4.934581717504999965e+00
3.414678273949605103e+00
7.947431149659012206e+00
8.096901729539950354e-01
3.384624818546694835e-01
5.349619840146355720e+00
1.786708658747546918e+00
1.032543499498011608e+00
1.069812717404576174e+00
2.270760240059826351e+00
8.378698511968633023e-01
1.407372508230557262e+00
1.894617323210777693e+00
4.998923315485655494e-01
7.603010382335392281e-01
2.058800856660832679e+00
8.308020082507482362e-01
2.246985659862761053e-01
1.192777411298435064e+00
1.316280205606797482e+00
2.282435208212833244e-01
2.303087605851204867e+00
2.586235230479327352e-01
5.002587908246599602e-01
1.261774818306524715e+00
1.452424217914480842e+00
6.407139404966355478e-01
1.142485518177026815e+00
4.986615156623810940e-01
5.428021652373173911e-01
8.252622483856831836e-01
8.867300592560738437e-01
6.385408993230768937e-01
1.590398758049751615e+00
3.233990558903175883e-01
5.199808958332202691e-01
8.379039685337036358e-01
2.389220540537232707e-01
7.881645168680058156e-01
