2.393811201742166261e+01
2.332392197397562317e+00
8.571903987142892589e-01
2.054637329628286047e+00
1.680573753188229880e+00
2.465988898672985208e+00
1.070893320631925771e+00
6.324941018091230216e-01
1.565950640771471614e+00
1.280721585742329527e+00
1.400155461788977096e+00
9.201988862437742167e-01
1.653644247059366634e+00
1.663782107924075992e+00
8.742331962106564269e-01
9.214774406955519304e-01
3.038179836734380967e-01
4.616884113505462239e-01
1.749787274866693720e-01
9.652412830371169816e-01
1.160132781123080603e+00
8.118024091030365819e-01
5.587953902700979469e-01
1.527500546520777158e+00
9.017878936118850497e-01
9.008314454861681142e-01
7.422665973107084314e-01
7.896484081811414590e-01
1.233829134232593994e+00
5.188347567074536038e-01
2.130449366102973030e-01
1.024120456234220322e+00
6.921032577629077087e-01
1.209878724717758924e+00
6.336965160587577639e-01
3.434028930977500171e-01
7.174764169767807731e-01
5.479413911534978254e-01
4.626063337811174292e-01
8.174502711391741228e-01
