2.862071422909256313e+01
8.565598177019140280e+00
6.622416098718884037e+00
7.117440835200074645e+00
3.862089221207435141e+00
4.517350818441914662e+00
7.722228251384184450e-01
2.256635885982692713e+00
3.617728866806253496e+00
1.332622254500268832e+00
2.436172192440140716e+00
2.408137892269571090e+00
3.460822048168432197e+00
1.620889574458724613e+00
5.083139849452505743e+00
5.243035867553250462e+00
3.582714770013946559e+00
5.050410955403556557e+00
3.156652813196886065e+00
2.445957186836115849e+00
3.260051138648638158e+00
5.283277656178630988e-01
2.459294836477146529e+00
1.132035333375011749e-01
3.259081430656940448e+00
1.657384908688726233e+00
2.330826671988494692e+00
2.732838835009539391e+00
1.092264452962111276e+00
3.983637559679607865e+00
2.397349209069268294e+00
4.639950867254698075e+00
4.938307679207902368e+00
2.926786477618443794e+00
4.636253472649569218e+00
2.766183828715061743e+00
1.275013875168649946e+00
1.830644354459677325e+00
9.457650117928715350e-01
2.274360701899849513e+00
