1.027575419327496462e+02
4.115743892759925693e+00
1.336311309644161405e+01
1.115788684734292957e+01
1.420358755572538989e+01
1.609459408434319272e+01
9.163679613629492238e+00
1.169368901633792213e+01
7.184701409920529969e+00
1.512115789511815755e+01
7.714813192445942214e+00
1.277453237445515910e+01
1.209236577294753623e+01
1.641156615452307221e+01
9.541105543944297551e+00
8.129193660223064555e+00
1.350887958139279199e+01
9.656385098596015126e+00
1.188139665463382855e+01
7.237778531617520272e+00
1.346534735336454780e+01
7.988859579701023783e+00
1.174275286310916222e+01
8.248434531983862783e+00
1.311703403703343618e+01
1.070131644158450435e+01
7.712609894616891282e+00
1.251216652467911317e+01
7.397023372813168685e+00
1.337791149435552462e+01
5.975184257159805057e+00
1.338582168301157083e+01
6.854121863781348800e+00
1.218589984797103476e+01
9.545910441126491008e+00
7.287689563307666596e+00
1.128470617715464641e+01
8.622350166480348577e+00
1.459463471515884869e+01
5.630257024775172425e+00
