1.709189755712478842e+01
2.421505923907051550e+00
3.856025966178031616e+00
1.307795807758012963e+00
1.769423491880840027e+00
9.028826048375447888e-01
1.013253520556884890e+00
5.733448114350965241e-01
3.694124523875251254e-01
3.697377158017470800e-01
2.457455798415945358e-01
4.035844446424282084e-01
1.528166606041784892e+00
1.205408199443080308e+00
9.045884977071867450e-01
1.077553722072988718e+00
1.401053357939203714e+00
9.758135278156495618e-01
7.472014078549064076e-01
1.178894528796728736e+00
1.532948097570986157e+00
1.009552477072640286e+00
5.277701289141435437e-01
6.918181818942057415e-01
8.469144385386636609e-01
1.399455418258954420e-01
3.877291944289275594e-01
4.640494231579525009e-01
2.180359698693352388e-01
4.617971604391331031e-01
3.745196046794114775e-01
6.347665609275302545e-01
9.906848664603234988e-01
1.960939823772477608e-01
8.364408119263039287e-01
2.944129922713318859e-01
7.256591691051932358e-01
6.338523220732528163e-01
4.280573138619571394e-02
9.097085349199598436e-01
