5.274823672495880800e+01
5.666048648333420701e+00
3.673589624470539050e+00
2.409919852602512957e+00
3.345539141985685028e+00
5.108174012376598405e+00
2.797034174764942094e+00
4.009804678287116175e+00
1.685256429576599491e+00
7.732995369003771158e-01
1.326652052993158915e+00
2.521033751758345431e+00
2.186023854994352700e+00
2.618298622994716385e-01
6.493395865143597456e-01
1.047916629290986057e+00
3.877575436052055347e-01
1.764665654406234019e+00
2.119923187304344037e+00
1.101119110658815181e+00
1.545780860346653851e+00
1.741929474719644544e+00
1.172320346168146399e+00
7.627483419549452304e-01
6.084737367126337171e-01
1.245474307853407403e+00
3.597443901613577855e-01
8.909117645872683955e-01
8.498111896907164509e-01
5.682573077316535048e-01
5.335419202931394045e-01
3.680657023704218545e-01
1.063318650175645530e+00
6.109492872054794743e-01
3.893629815792534754e-01
1.630420659408234607e-01
1.945759207555969317e-01
7.246674022795130954e-01
6.920656924354795514e-01
6.590842609254928819e-01
