2.544035589612021298e+01
8.176544266030717267e+00
5.810311522606970591e+00
3.235721141806911394e+00
4.410918140108492480e+00
2.960713630866052437e+00
1.209393504050911838e+00
1.658413430269096933e+00
2.131486613945057229e+00
1.263365791054232634e+00
6.130354628620230395e-01
4.612002409498584532e-01
1.488474185717397535e+00
1.364063935016189832e+00
2.640244103077771687e+00
1.477087299035961143e+00
1.400316697272412370e+00
1.420728414011854790e+00
1.327025475868227833e+00
7.660854038462190374e-01
3.494062980793321005e-01
7.662605389159099500e-01
8.547151759503426316e-01
1.320560965087042460e+00
9.903155062254775931e-01
1.452757439805764550e+00
8.512731959101439427e-01
1.377940784587464274e+00
2.384491672034668941e+00
1.365616781947536440e+00
6.966171306580241085e-01
7.438375570207705900e-01
3.932507733449508436e-01
7.049841741816326168e-01
2.609366084556017373e-01
1.166135863488744873e+00
5.233937213690612600e-01
6.983580506147387679e-01
5.098664864300870292e-01
1.097155623748289122e+00
