9.779015510495227659e+00
1.635305243464473257e+00
9.970102809034953051e-01
2.074792119405675928e-01
9.962721648363946914e-01
8.107322612311373966e-01
3.862628449898110050e-01
1.077890070293596070e+00
7.523414751671627654e-01
5.261503940137426394e-01
6.639925643522603949e-01
3.165795264375051432e-01
5.111054068665091821e-01
4.945701552125786327e-01
4.369251345596193992e-01
6.244256818295917943e-01
8.691086335886663572e-02
6.644415575483658687e-01
9.976004237800252528e-02
5.220310683746967051e-01
4.026505672103563582e-01
1.158961720553488839e-01
7.535068252562102664e-01
4.823052928208522161e-01
7.722333297998791313e-01
2.875415764706559241e-01
7.121868297189291042e-01
2.561473799586100331e-01
4.874093575396891143e-01
3.027818527387879377e-01
3.021863030003892336e-01
1.192530858226336365e-01
5.626365277304478107e-01
2.322792123328662195e-01
9.188208434118191326e-01
1.628335534975653698e-01
7.952956808238418329e-01
4.946527507238275834e-01
4.173659937781969420e-01
9.725933330332560134e-01
