5.007748610524738098e+01
1.498879489137123855e+01
5.230451740701479224e+00
1.553931440812974074e+00
2.625773254240437282e+00
5.885197279601300124e+00
4.601431120369988470e+00
1.508628882513338043e+00
4.598407992204225359e+00
1.063474997541694167e+00
4.528586100807636683e+00
5.374799595076834358e+00
1.405188866974971695e+00
1.628707796596059687e+00
2.982531387386401889e+00
2.654527362613638086e+00
3.429179695380816018e+00
1.250364033864495461e+00
5.228590873783474091e-01
1.314115867358835121e+00
8.415480895823941321e-01
2.903091290952881098e-01
1.469590150198419654e+00
1.821332814562042879e+00
5.963560257865244685e-01
4.695046183406972884e-01
9.788506792721649585e-01
1.386736388369631534e+00
8.941668604400202502e-01
2.487500754362779731e-01
4.051446857365257337e-01
3.946357291956673063e-01
4.425394036131360398e-01
5.172438787733669718e-01
7.890189090241364056e-01
6.107854364989272478e-01
4.870925454814150068e-01
4.923850050212167928e-01
5.892465430142065363e-01
9.518093337989145253e-01
