1.523783486349455885e+01
1.041019090033124428e+00
1.539342709862720593e+00
1.202616823462594242e+00
3.574044731151007626e-01
1.033241320399987728e+00
5.181849414485094618e-01
9.610445193456697011e-01
1.043030612084768771e+00
8.570296221653260771e-01
1.116853601116144512e+00
1.562653813872285191e+00
8.789240612371846950e-01
9.240527329234230480e-01
1.030722859060150487e+00
6.699757065445709481e-01
8.803992265980886689e-01
7.002650108396053508e-01
1.281904532422732501e+00
5.268045504009462032e-01
8.228446642078914852e-01
6.381320122400077066e-01
9.971662125481676187e-01
5.450391351724055422e-01
3.414532212225755980e-01
5.708465036299957829e-01
6.211414178427333566e-01
6.155568358892767877e-01
1.408699915970233196e-01
4.455351364511362933e-01
1.381698414558189536e-01
2.713178310148574579e-01
3.651039178540650965e-01
3.928344611851192769e-01
7.592976206514316928e-01
1.008024311337712420e-01
2.343530431156930771e-01
3.548600927139027861e-01
6.725089022069542510e-01
4.230924661428931421e-01
