2.714633631818782078e+01
2.194565841477632784e+00
3.480773335056321471e+00
3.743269406445292713e+00
3.194711860003093262e-01
2.765350206706019609e+00
2.295621003834248164e+00
8.220911995311341869e-01
1.182731433775931151e+00
2.442371210857434249e+00
1.374566515872772010e+00
2.083935092542157808e+00
2.166003034034782448e+00
7.961212811009275025e-01
3.030327971894305694e+00
2.279822730560463917e+00
1.084984912008898350e+00
9.468430423389649908e-01
2.040921966121497899e+00
4.785524048924523766e-01
2.696832336780384587e+00
3.248863030927556572e+00
9.529779835255055565e-01
3.081305303010529961e+00
8.269428889792727055e-01
1.691299950415227960e+00
1.718029740447736042e+00
6.418155208750430107e-01
1.273473627019411358e+00
1.050332222738127763e+00
9.443526212586755841e-01
1.265069901169080691e+00
2.788578724048810797e-01
5.090869449286052895e-01
1.374700552502935658e+00
1.173293450611549327e+00
2.224917429660160817e+00
1.297643057047375814e+00
1.703281309576221814e+00
2.927051106669618541e+00
