1.234761788010860499e+02
8.644042775557606362e+00
1.727755096218710307e+01
8.664151914837164625e+00
8.984384031572295370e+00
1.243639413135310079e+01
1.717579157400468404e+01
1.726015438440603944e+01
1.814081364992029677e+01
6.167887610848838520e+00
7.875401821502790334e+00
2.169759068601390339e+00
8.030085337724571559e+00
9.237150439221993636e+00
6.048926101737946759e+00
9.413542839415518060e+00
6.786714362507844989e+00
6.815979790740337663e+00
3.103126563264811288e+00
6.348722346187024357e+00
1.112434174703032674e+01
3.891627419336852967e+00
1.113718074598084229e+01
1.180080018730990332e+01
3.811450525369580067e+00
1.232536700529728790e+01
7.922137335768386635e+00
1.268977121925546570e+01
1.589440399736996135e+01
2.189440791401642716e+00
1.310631800189985974e+01
1.504667825166032635e+01
6.221821371441193627e+00
1.322101180869812254e+01
1.626333655111398935e+00
1.265342259250254919e+01
1.311466193703537009e+01
6.026343044364298684e+00
1.208599733370055596e+01
3.983165506657200261e+00
