8.321140047065432555e+01
2.144687484929929511e+01
3.600563926879852605e+00
5.493289086013130706e+00
4.901524083568505219e+00
4.111291614835226760e+00
5.239950929623174325e+00
2.308029059091905921e+00
4.811210387706441161e+00
5.066063199032658559e+00
3.956682542008569836e+00
4.595560790819765096e+00
5.096508578440346326e+00
3.891394018104168850e+00
6.681452417338593630e-01
2.256075549638886013e+00
2.295911855177129812e+00
3.545447258350541198e+00
3.044242122160082165e+00
8.262550597394127117e-01
4.059450319291426190e+00
2.803491752425088190e+00
3.413210123753227521e+00
2.395927265900998915e+00
2.923720598353010569e+00
3.318231246226670539e+00
2.745848508628714324e+00
2.324473626481772914e+00
2.725205796010470749e+00
1.407092228022962965e+00
2.443778217137130948e+00
2.791275047748080773e+00
6.222782833982507533e-01
2.287619190602995900e+00
1.378236080910867800e+00
1.304128039112870008e+00
1.041941460655801510e+00
1.522758594421464995e+00
8.407628277299005193e-01
1.487356452112426064e+00
