2.487180981769796517e+01
3.190583405916430859e+00
3.177920933895427957e+00
3.405917290448860602e+00
4.061159304340998588e+00
9.160796895269355256e-01
1.100122184535079484e+00
2.025574054177284200e+00
1.651842126628367824e+00
2.697397657648578306e+00
6.543003359573913436e-01
2.353820154077186810e+00
2.250402962567173759e+00
1.017183928866504550e+00
1.176355319001655353e+00
1.786075296189541195e+00
7.114448987782594491e-01
2.532802694035445334e+00
2.007043153869437102e+00
1.684044484231939753e+00
2.456433952922076003e+00
2.113526450962931236e+00
1.851370155367598969e+00
2.644702730615719144e+00
3.175249728038655572e+00
1.834169689417153970e+00
2.212113031179270717e+00
1.571862439410500745e+00
3.428820541026678104e-01
8.509189379424479949e-01
8.759849011590628010e-01
8.066160340685792907e-01
8.489572791186382750e-01
1.345731408621079428e+00
2.692392881562946982e+00
2.042182239881439543e+00
1.447659629531267589e+00
1.750904329655334823e+00
1.936801663727641509e+00
6.264286153307787597e-01
