3.194159128070610620e+01
2.477981540114230885e+00
6.761928827238920192e+00
4.706096552957842682e+00
1.225589340524774640e+00
2.962245216225694922e+00
2.192998905193633163e+00
2.380456122393472373e+00
1.707856850764193135e+00
2.494826982442058583e+00
9.793377628828190407e-01
2.408621789543138103e+00
1.342578336644620451e+00
6.171171546778582151e-01
1.186072415720613060e+00
1.506534502268827014e+00
7.359230081345194963e-01
7.693840295923829453e-01
3.201627496026706043e-01
2.519870714604855344e+00
1.253966243133660230e+00
4.224571593332127062e-01
1.900324404647109722e+00
1.570314959024585955e+00
9.613846021992344948e-01
1.662143747510378855e+00
1.095248605132111308e+00
1.192747968543218740e+00
7.253890258314988904e-01
1.173551635344541655e+00
1.974692605293204117e+00
9.605902203280048957e-01
1.498618034505821983e+00
1.631588062371296166e+00
1.363425558915445368e+00
1.701174989948223359e+00
1.380785239244985529e+00
1.329834488125079428e+00
4.236059823352004705e-01
1.461302503388341778e+00
