2.590362802576371593e+01
3.306754999430690845e+00
1.880147521967669100e+00
3.203675795131391446e+00
2.735137735310673168e+00
3.451961633538681018e-01
1.498759630889457739e+00
1.698308632128197493e+00
8.311428419183458649e-01
1.832209833659357523e+00
6.242410134552398571e-01
2.750375199550093019e-01
6.638767177090284521e-01
7.925877702193466767e-01
4.942911740065049075e-01
7.283245045616814073e-01
9.520694404244955944e-01
1.975475504280017613e-01
6.110801188763752556e-01
2.590264550649671316e-01
2.604115384794784549e-01
1.595224983554955345e-01
4.678520397685490551e-01
5.535130417096529865e-01
1.743848182368480826e+00
8.357026410683594531e-01
6.259531736489718501e-01
6.636774135347227599e-01
3.878160514585043961e-01
5.105259121023290048e-01
2.937992447666736839e-01
2.752920091282002879e-01
3.653900618090189512e-01
7.011107971588046439e-01
8.705667178643274884e-01
7.580183891433535104e-01
8.546611232700793703e-01
1.027728439745108524e+00
4.555082108580465472e-01
5.638961389915962963e-01
