2.771854565557708128e+01
7.309635478563099475e+00
2.105839399853556504e+00
5.965599905348487830e+00
4.089362197116350295e+00
8.353187129194160621e-01
1.057497694115614006e+00
1.616982817350449242e+00
8.831176765805117679e-01
1.884997779492447734e+00
2.025981227933770779e+00
2.558737043619959017e+00
1.384726705371931210e+00
2.357638738750317042e+00
2.488189321612506166e+00
6.624311400174054398e-01
9.575246319370703807e-01
8.209953539780159293e-01
1.393521917714370062e+00
2.176483605354272211e+00
2.397719674222408948e+00
2.126078483344759906e+00
6.356860060352342856e-01
1.076023590380780659e+00
1.414544839751324279e+00
6.979626432464354213e-01
1.814654619690676984e+00
8.278523304093073909e-01
7.462689978371280786e-01
4.802251835020771575e-01
3.003454828349010897e-01
9.005322108340902965e-01
5.929754701423057828e-01
9.603693206107932756e-01
9.757925856173327306e-01
4.003706264592084008e-01
7.492998785032632947e-01
2.836579642525889899e-01
3.583336956754076819e-01
1.278045320186037559e+00
