3.408010906772395998e+01
2.896707458669646407e+00
4.968604752081943410e+00
4.276548828922784873e-01
3.702045527583271767e+00
2.213807978253680808e+00
1.166102302927910062e+00
2.401930612276188537e+00
5.892995237358635841e-01
3.126815418660302104e+00
2.107334403486295304e+00
1.657908987640562160e+00
2.009452733722199014e+00
1.174875117682273817e+00
5.311818626001314492e-01
2.858009188458281447e+00
7.763994021254225775e-01
2.168866056834099165e+00
7.052422826900411890e-01
2.675066031394242927e+00
3.763131795302416815e-01
1.087679341712744163e+00
8.488647510961044862e-01
1.158393794709900781e+00
8.868562914391152630e-01
2.285231658392807397e+00
1.386028263996898158e+00
3.279137459184930492e+00
8.485083918371623124e-01
3.040576461891390636e+00
1.576421534964842497e+00
1.237689477255632164e+00
1.211133581957190231e+00
4.169316007015273495e-01
2.074001856747423211e+00
6.271272367747536824e-01
1.496025554795904933e+00
1.058058032016409689e+00
2.163412823654506933e+00
3.133487860058900676e+00
