1.794345843822163999e+01
6.248555350388056429e-01
9.324255411167670093e-01
9.681190585706193064e-01
9.825813765799940036e-01
1.426463264573260670e+00
2.050369178105720391e-01
2.506907177080778260e-01
5.264245493782246932e-01
5.125430751235812155e-01
6.595159412100021212e-01
1.395718001470754033e-01
5.485051266429298300e-01
1.366557746815676710e-01
2.919321184620127241e-01
1.762952946217369588e-01
2.751533840485628768e-01
9.921981201990753840e-02
3.828620273113964578e-01
2.396719171819144401e-01
3.731594955897798438e-01
2.474995860053889052e-01
3.993079229233958416e-01
2.766693843953416110e-01
1.752511739970815663e-01
3.164420169827998341e-01
2.219380152361912495e-01
3.200360423042599156e-01
3.147558580130011552e-01
3.240755036895721641e-01
2.530486547374731221e-01
3.410146886322119042e-01
2.623716506087316880e-01
2.721610481765756595e-01
1.826631456325652492e-01
3.076399664831328540e-01
1.756259769116042257e-01
3.021382665180830096e-01
1.682367091390768454e-01
3.936439463145197659e-01
