2.794099300981110900e+01
3.436306416321567858e-01
7.780232427766192727e-01
2.201925100432923887e+00
2.499669301253444331e+00
7.483657563936989554e-01
7.244513397897078821e-01
6.217488499220612530e-01
6.373218889056960768e-01
9.072279267911355360e-02
3.454440840307063110e-01
1.115478932358782371e+00
7.546895245525254703e-01
1.499036598331705550e-01
6.863286868432221244e-01
1.254872770733340415e-01
4.083914916630388414e-01
4.640603998304727584e-01
5.105843419047505494e-01
5.821082397293585453e-01
7.253664894512140693e-01
5.791599365351329798e-01
2.015952936644584831e-02
2.556396247214151041e-01
4.520051666279315539e-01
2.916498547460630864e-01
2.491964992562108738e-01
3.509645183907321164e-01
2.039551154736963801e-01
7.666654468228568664e-01
4.271838111154546702e-01
2.632734289422482554e-01
4.376649370557933461e-01
4.745018232756100796e-01
1.265529448830860770e-01
2.464502622177355273e-01
3.704551327574935327e-01
3.971012570505516592e-01
5.737160554489441067e-01
5.929200424776580602e-01
