3.257891134472251338e+01
7.541394061999016074e+00
8.030897633183524675e+00
2.094074248607539435e+00
4.641011138082181908e+00
3.548005170266577579e+00
3.237703080819238632e+00
4.738883093370913180e+00
1.951605936196372015e+00
1.230563118132462774e+00
1.959750766538753020e+00
2.299195387581014050e+00
5.416835174247506268e-01
1.542329621123915473e+00
7.197591041640528653e-01
8.425896759736857256e-01
8.546475333499652383e-01
6.491280181951970540e-01
1.229699237945852675e+00
1.108463692471770567e+00
1.181264948351678168e+00
7.306838702471586400e-01
5.449552433612621094e-01
8.538245079960613548e-01
6.924665881897215103e-01
1.511519036616435940e+00
8.478301267172531075e-01
1.024180927417731146e+00
7.034809518142302043e-01
2.479332556972465296e-01
1.003576171861593647e+00
8.523883680947509367e-01
8.374259896755525956e-01
1.094549213798030385e+00
1.071347350585908798e+00
1.325095816834408469e+00
1.397963774880680798e+00
6.962244036125424529e-01
5.767042193313309806e-01
3.339494497677443774e-01
