1.931410656844473905e+01
1.513156545414657828e+00
2.271367320600508499e+00
1.205084924406975011e+00
2.335654890041953813e+00
9.256279294560985083e-01
1.055447533690174300e+00
5.427349312548426230e-01
7.916046128925161574e-01
5.529258511757556560e-01
1.789437907451070897e+00
1.684982029820553340e+00
5.877870555475581682e-01
9.596868474853830211e-01
6.295849441911349764e-01
1.633596290998691858e+00
7.698900063315202713e-01
1.282212592719787159e+00
8.535555178101038587e-01
1.046832705357123805e+00
7.419617319182008064e-01
8.673132946828048251e-01
5.583338067431251606e-01
5.528147975066928232e-01
1.386131955217557166e-01
5.488555841002026314e-01
2.470986427761861781e-01
2.601011311607376864e-01
6.662998698288286059e-02
2.139813244262352698e-01
5.083332932518669356e-01
3.016253391896434599e-01
8.652521350552226653e-02
5.175533247019379335e-01
3.625720892300223208e-01
6.089723866651763906e-01
5.070478821367391253e-01
3.931511689486816841e-01
3.408849209647076828e-01
5.994510568669084716e-01
