1.616702136833679404e+01
6.681858482600659954e+00
2.178692260870203956e+00
2.437375540740624569e+00
2.688371120187778462e+00
3.398921379197859860e+00
2.089257816174829419e+00
4.165449104105499734e-01
3.143252543548527567e-01
6.912376857582884782e-01
2.523716925855745696e-01
1.022974446853976538e+00
1.230019085007042046e+00
7.051269652163547619e-01
7.429283991312403135e-01
7.724886796027576885e-01
7.176997300428231696e-01
8.894255141044046242e-01
7.875508358969594003e-01
6.069337638892426945e-01
1.037830768019739169e+00
1.117038701197951900e+00
7.005598104014049143e-01
8.989740488189176260e-01
1.090547917761774954e+00
2.752331764886551957e-01
7.012751076764907054e-01
6.612571476887417754e-01
1.370044916562316306e+00
1.303573756819387475e+00
1.388683102414603132e+00
1.214557406301486786e+00
9.019172244359988655e-01
1.030952041231904426e+00
9.469089169133478867e-01
1.223548977472038501e+00
3.116237258911412900e-01
3.446604017035712619e-01
4.712213596532763837e-01
8.009875701038980944e-01
