1.519596693733996062e+01
4.362808593079094521e+00
1.457343536475460555e+00
1.619640761219196312e+00
1.570468845353375276e+00
1.986377734234312964e+00
2.810702307967910762e+00
1.159393820672354636e+00
1.162852476602983076e+00
1.680813135192769980e+00
8.975016142382669093e-01
2.966560461218408773e-01
6.990196433423718769e-01
5.788686088419788822e-01
4.598145709543973725e-01
2.429048373494194502e-01
9.566166340709330029e-01
3.687197053146448189e-01
1.796076266355965123e-01
4.950110116520312076e-01
6.413237914131466599e-01
1.254392944918465203e+00
3.868856376824640897e-01
3.216117792837185907e-01
5.221647988605905288e-01
5.806663361585714389e-01
1.411561570420915290e-01
3.282956650302389923e-01
3.130395732548713617e-01
2.223249503512923497e-01
4.157208633037948187e-01
6.295038986408315607e-01
3.965137215016916183e-01
3.597988278132748796e-01
2.496391776198166879e-01
1.756959431911429836e-01
2.776668300068915185e-01
4.327031957948345720e-01
7.405095216512500023e-02
3.537661215610130028e-01
