1.773331731584444171e+01
3.799886506070222048e+00
4.701046762512787747e-01
1.272588035695815467e+00
2.284128266676813457e+00
1.339147282015942242e+00
1.385417697972330942e+00
1.121703014545674337e+00
1.279387236782655757e+00
6.130532914876132278e-01
1.176746059106448111e-01
1.538598192942479681e-01
4.402068334649235637e-01
4.910443488687656899e-01
4.669420203308738970e-01
8.966217721972895571e-01
8.439959112525232676e-01
5.373156869203773445e-01
2.106776506886301192e-01
5.632066193350594441e-01
2.191537026768251850e-01
2.044032468495600718e-01
3.132700027530423981e-01
5.146854893124439556e-01
7.976463530454216966e-02
5.207554001158112150e-02
1.110288949027690986e-01
3.615108028385552452e-01
3.569467788572854294e-01
1.374910358809106614e-01
1.365095633301253442e-01
1.746158993517928082e-01
5.501628956336515608e-02
2.098283699328431229e-01
2.540323261410791789e-01
2.802502517709254959e-01
5.481736495085576255e-02
2.127055160285208635e-01
3.189637966847608253e-01
2.513277244751628836e-01
