1.299780935784669822e+01
3.304138460156197166e+00
2.125206196267110492e+00
5.937797040454766417e-01
8.018548231382367497e-01
1.159984380989795394e+00
1.455570614022730469e+00
1.828284566938570777e+00
5.750096507855754213e-01
1.205399510060633617e+00
1.187352160098953391e+00
1.198966801901128143e+00
7.941924401671806022e-01
5.502352589417381923e-01
6.054737428561258739e-01
3.595519880824313841e-01
6.411224923573149992e-01
5.306742732536774421e-01
6.564114421051308046e-01
2.923866080078292851e-01
1.848209378820104554e-01
2.428502505966763092e-01
2.469725691197437734e-01
1.106026059383810600e-01
1.980331132390807103e-02
3.574506870738309305e-01
2.824507479884874606e-01
7.687228555701206001e-02
1.990958226450609547e-01
1.538446110016724044e-01
3.400274804691058583e-02
3.416025294862243961e-02
1.994167009434538729e-01
4.534854777745755405e-01
2.205964655859417589e-01
2.340022572275438084e-01
2.764128385754514028e-01
7.143164016929330618e-02
9.427737090537054165e-02
1.696896229085537167e-01
