1.689855508476938795e+01
4.506385895533462360e+00
1.037978612825584124e+00
1.087320658086520453e+00
2.198590221229091313e+00
1.775532736205558404e+00
3.526086393768867566e+00
2.658681740032340368e+00
6.002324882426131047e-01
1.352486947169148745e+00
1.898663944834322326e+00
2.146319138873672205e+00
2.459302827772198441e-01
3.612966850298440225e-01
7.203374821379155968e-01
2.262606123185823825e-01
6.362452216935735594e-01
3.524576301627787012e-01
6.041686126684756575e-01
9.002153598597241180e-01
9.455090778981568578e-01
3.182673833196807966e-01
4.682405439489217835e-01
7.187682435245050794e-01
7.712546025992418341e-01
3.310439335404086747e-01
3.310168238813089303e-01
7.080222556774412590e-02
6.204200074758752237e-01
8.026449959965191727e-01
4.246837325597085933e-01
3.809961243131345099e-01
3.570720911434938638e-01
5.667175462207015846e-01
8.175023795622916867e-02
3.062411193004729165e-02
1.361166301513475896e-01
4.977206554392374915e-01
1.930888252677023520e-01
9.042972736527185584e-02
