2.117914929401956385e+02
4.172408548143444307e+00
1.170669538899856477e+01
2.601790424291723358e+00
6.530868583589771070e+00
9.974164675322551687e+00
9.501755832581433303e-01
9.007899590311243543e+00
7.977931231567449988e-01
3.880893054636936235e+00
1.610879813416625783e+00
3.693285158258019063e+00
1.259234824996974256e+00
1.351790125010522203e+00
1.635524400893322960e+00
2.131632087133994435e+00
2.016663382799630089e+00
7.599673618712092793e-01
7.843360259972623760e-01
2.989146655316776702e-01
1.492847381012231134e+00
5.657892165520185257e-01
2.409524002222506456e-01
8.086835072875400154e-01
3.422011182790953843e-01
3.682776685170871533e-01
5.072160322038028468e-01
7.811556346903543169e-01
4.194417940205827366e-01
3.316340123612830371e-01
6.893319798445733948e-01
2.756805860959894994e-01
3.897220978373421296e-01
1.908720984677216570e-01
3.979544556252006537e-01
6.316537682683238675e-01
4.034577733154167123e-01
4.934430141137713388e-01
4.945700525074945841e-01
3.468893368777115627e-01
