1.021053427966890013e+02
4.431077490586633694e+00
2.830335158580217225e+00
2.825045553622140382e+00
9.341498749088005260e-01
1.336817116238036673e+00
3.837699642232739627e+00
2.744317506680549190e+00
4.305312184828920863e+00
1.584483044786957562e+00
5.195529907388439561e+00
1.770194112327710290e+00
2.886799186470890177e+00
1.076609762742123388e+00
8.181473212898280334e-01
1.502400579052912244e+00
4.015163072655737686e+00
2.168968743217166484e+00
9.058958727835743074e-01
1.981070674488113692e+00
1.613418342998069299e+00
2.001313262689814021e+00
2.580199753430093779e+00
1.215125145040240495e+00
5.534555340369792242e-01
1.312379362407354089e+00
1.647844137243029916e+00
1.309636671093085680e-01
8.694864565232859333e-01
1.425824882566495644e+00
1.255221175986252491e-01
1.140021726814301362e+00
5.530751355476691833e-01
5.911142987190582954e-01
7.200293200018763606e-01
1.195329981570117273e+00
2.469644022472407829e-01
6.654180731234398127e-01
5.206718203956260949e-01
7.999888277090029254e-01
