5.644672895578195693e+01
6.317507434942448263e+00
1.747864490753941791e+00
5.562539319240483060e+00
2.854628546289801339e+00
1.945270475626823981e+00
8.460049065733553642e-01
2.511113901781962365e+00
1.797449392756144571e+00
1.191101057232503369e+00
2.137312197853278306e+00
4.320229413498547499e-01
3.182852097159772242e+00
1.690131713614431597e+00
1.250205689370883277e+00
2.597204409775530465e+00
5.088937608356886022e-01
5.210544189107849666e-01
7.605076920928139916e-01
2.787142967321791232e-01
3.256645433633812425e-01
8.358157283553595551e-01
6.732768300888289925e-01
2.777364087729761732e-01
5.320901097038128746e-01
3.246411159243124955e-01
4.569484400334383745e-01
5.736146563997791548e-01
6.525971002921601150e-01
3.794735186470326593e-01
1.861107290046389029e-01
3.345320713150886083e-01
3.548734971747072309e-01
7.603759152390867637e-01
5.900999278529719949e-02
2.040856044363363597e-01
7.109600616935911610e-01
4.139650410771636979e-01
2.388391616541571671e-01
4.868127934233703602e-01
