5.693965823504426282e+01
4.954584240683412411e+00
2.865852139622117267e+00
2.852895991183185043e+00
1.591212234504550960e+00
2.854659667586029848e+00
1.061949058391904233e+00
1.404581683850180562e+00
1.637970756147010709e+00
8.413159814404119752e-01
6.176082107389545550e-01
5.168577787531267731e-01
5.311916515941834671e-01
1.351426054789303777e+00
6.054364649904608875e-01
1.381606859902307693e+00
1.232792398899718256e+00
6.289836485361816054e-01
8.728794731311466659e-01
9.103280392155216338e-01
4.623050459888127794e-01
2.108687957173718264e-01
4.932677919230712416e-01
2.869243501114916994e-01
7.404596231136386653e-01
1.371558654468076899e-01
3.636231739018305764e-01
1.917770352856858762e-01
4.491135423403047056e-01
2.549332897835149825e-01
1.718932263967727081e-01
5.205159494298213785e-01
5.916626505537851965e-01
3.368507664339777663e-01
1.323174234906026592e-01
3.409459927082314490e-02
9.580765534641921821e-02
1.100278303040040789e-01
3.139020745735779938e-01
5.023077671336346750e-01
