3.678948467341945161e+01
2.061663223170238979e+00
4.236829576764201910e+00
3.034444801991147411e+00
1.785453860090207456e+00
2.508678426283119656e+00
8.380706630921052058e-01
1.774538069144386609e+00
2.022815718309405320e+00
6.715580504371470028e-01
2.332354502930301443e+00
1.940173239829889207e+00
1.846895029962736690e+00
7.602462797941370587e-01
6.860997114935647456e-01
8.656238172295036559e-01
7.265424508992447405e-01
1.072542593599069116e+00
4.818707638089648193e-01
1.591716314442070068e+00
2.803597981523506255e-01
6.525892688013184006e-01
7.182313778640296853e-01
4.245115587151399583e-01
3.157644632618724634e-01
7.398067948001636474e-01
4.895546350633823707e-01
7.810777842104167368e-01
7.428606533083071950e-01
2.208171214092751744e-01
1.961692518897140414e-01
3.571787642275603414e-01
3.746850933825666141e-01
5.408506636201286799e-01
2.909302546651434951e-01
2.880717513736722468e-01
2.405774594819772016e-01
1.690748005114049157e-01
4.506664383625761383e-01
9.405539684836124181e-02
