1.697367699741885474e+02
2.611035565955537319e+00
7.299385183391440712e+00
9.851575549980173818e+00
7.828684638713641952e+00
5.383524693692313789e+00
4.260035799990658845e+00
7.676317663517560064e+00
1.732034377679783965e+00
4.774372620921774613e-01
2.316086305533215040e+00
6.443977857150177124e-01
2.939657942542933444e+00
3.530064076160349007e+00
2.343814500327215278e+00
9.811382628364088143e-01
1.883481020444126353e+00
2.319696356014071537e+00
3.470541479384363193e+00
8.987522537716053916e-01
1.151353967062166417e+00
7.265707531691840693e-01
2.975035681365079121e+00
1.236177642015112488e+00
2.414684486910173344e+00
1.177436239073230251e+00
1.439055428783336588e+00
7.515949214466213224e-01
1.612628028145439429e-01
6.086780256577243309e-01
4.040569292754239150e-01
7.258809591669950212e-01
3.560409223736064055e-01
7.037086527388313195e-01
1.929490839312330286e-01
1.113705445153716500e-01
4.732187098420265192e-01
8.043357921291116597e-01
7.075089213907350683e-01
5.948500908187043246e-01
