2.581199640060399858e+01
9.419104751431617295e-01
3.733200105987287021e+00
2.766756623571188456e+00
3.927910310376434566e-01
1.196580399271440998e+00
1.113602160878918834e+00
1.420033330972237939e+00
1.708628253209465653e+00
1.824742507023557447e+00
1.020921581107451903e+00
1.741677847718514638e+00
1.610028643914499957e+00
1.479067657184679474e+00
1.123290507894489254e+00
1.690457209147172124e+00
9.298470114689256771e-01
6.608817452186458441e-01
4.164437079857582491e-01
1.237869063522835322e+00
1.004099681151724210e+00
1.445977691972649470e+00
1.376769545475240664e+00
1.059553588853549000e+00
1.222283865987911833e+00
1.779444449041907461e+00
6.299223001822749080e-01
1.451707909962954846e+00
1.215000947086509742e+00
5.635343973769190162e-01
2.220477884636926080e-01
1.136524216618754135e+00
1.087177365491615033e+00
3.970462706091045790e-01
1.125919467202125768e+00
1.276214913809581963e+00
3.322801390909120300e-01
6.954129166190204936e-01
9.894443143214383118e-01
6.686337229147276684e-01
