2.010295778805237035e+02
1.891373960661305986e+01
3.723108984255889986e+00
2.803163674442868292e+00
8.789773257390113059e+00
1.563013908453291911e+00
4.108302324472691502e+00
7.109854867147131330e+00
3.910509775926815035e+00
6.947613219399960904e+00
1.099641393359750730e+01
1.216544359682045062e+01
5.707132093506495529e+00
6.873678334785020994e+00
8.268106375663061058e+00
7.021944851481991989e+00
5.187987093243778602e+00
4.103790020881637801e+00
6.984356308588222539e+00
5.470564376381983784e+00
6.011655321413896580e+00
3.869665717098545343e+00
7.900915442663086097e+00
5.593492164565474489e+00
4.159311945778542352e+00
5.487284361756168849e+00
7.804182464435133859e+00
2.297604741570486109e+00
3.907526018356217712e+00
6.145194617743990229e+00
5.348604418627479262e+00
3.280207486233355674e+00
3.766096855105414143e+00
7.144548671505814852e+00
5.502884315878221244e+00
1.422617529083643362e+00
1.686810980082477762e+00
3.549569278864616706e+00
7.235953895430594862e+00
5.020198131769074479e+00
