8.059913809008918406e+01
1.397789166188058729e+01
1.282017050451318063e+01
1.224134456603515098e+01
1.123673987671936203e+01
1.396524763956266391e+01
1.369750250427138205e+01
1.259085375147229691e+01
1.066633990858881553e+01
1.090608415358652117e+01
9.243540923725221958e+00
9.481756623090682012e+00
1.016002962617301186e+01
9.219257809604634701e+00
8.587332594892703952e+00
1.102118878481842756e+01
1.218644878304201740e+01
1.163358889280222996e+01
1.110340077247849244e+01
1.007222526526718021e+01
9.877618743586722871e+00
1.036689055003161108e+01
1.174801273362239584e+01
1.216429730607999637e+01
1.084749204201550477e+01
9.606901019074335579e+00
9.286103393943790252e+00
1.025388482114298405e+01
9.654047707162263237e+00
9.302422277241216619e+00
9.694956050834205641e+00
9.354999643796649167e+00
1.167350160452166996e+01
1.094596092321694947e+01
1.098064851985319557e+01
1.144203296695365601e+01
1.075445584774124086e+01
1.129969785663467974e+01
1.231040909491524893e+01
1.321616498625182068e+01
