6.561154164181088433e+00
3.644466001892936458e-01
3.850033052444851167e-01
3.052789028110043379e-01
6.486135126470613521e-01
5.875632018975274207e-01
3.561355852278828560e-01
1.469719077215340675e-01
9.764075406955999292e-02
6.063308629094855684e-01
2.607371709064108534e-01
1.402554351521776710e-01
3.958295689109043725e-01
3.028273695560493306e-01
3.413588693569793997e-01
2.121762547673459731e-01
7.803334908811311588e-02
6.448356986837834592e-02
1.601008152349454317e-01
2.104645060536939061e-01
2.186795157005937129e-01
1.811317694159557123e-01
2.839780702044385485e-01
1.784089780425382188e-01
1.559331492423634280e-01
2.721536193259588288e-01
1.411129802405419464e-01
1.683785409933287180e-01
1.080355836870448977e-01
1.270048239554691372e-01
1.097783396160095654e-01
3.293968080435244472e-02
3.953549750014225261e-01
1.547291671151761472e-01
2.756713102756733202e-01
9.136514879460667926e-02
2.478966865988110058e-01
6.815201697722846064e-02
1.176162777490309397e-01
2.170543644792583549e-01
