4.433997675675786354e+01
1.037541212623105835e+01
3.263139808079966731e+00
2.829017699041871947e-01
9.138888131861724773e+00
8.312205813745045191e+00
4.456550299710021257e+00
2.049431198890417694e+00
2.457704436763529898e+00
1.969203117053889951e+00
5.873509052694092070e+00
1.450043462846049236e+00
4.181030566610687060e+00
5.854681883285965505e+00
8.227228085985944794e-01
1.613122131564304507e+00
1.787547430843692942e+00
5.975572070343766029e+00
3.166506883387115501e+00
6.805503654889376364e+00
3.235017924015535229e+00
1.696627990452769463e+00
4.120297722524155049e+00
6.768666706527694643e+00
3.399289409412759699e+00
9.382226289605305469e-01
1.766045459393669415e+00
2.314237666570824636e+00
3.798650049231578230e+00
3.167826489418012592e+00
2.559578111092229769e+00
2.160872157471249722e+00
9.233267582741900847e-01
3.016890296793862447e+00
1.626106617898205320e+00
3.626603343918424649e+00
3.454771116304836909e+00
9.804271023679016483e-01
2.625844311201156689e+00
2.450728791084447522e+00
