2.309011027237389726e+02
3.934013892227542186e+01
1.494262373526795784e+01
7.755225626574743458e+00
1.346982363752621481e+01
8.125045727442127941e+00
5.309935598817398628e+00
1.449330213839170511e+01
2.297129579015954093e+01
2.629045152403785934e+01
2.509133234135265056e+01
1.550218922655247944e+01
1.260740585160214478e+00
1.460356621481947315e+01
1.948891532747947153e+01
1.339692564249555318e+01
1.031015290250963545e+01
1.292777416336687857e+01
2.104755389439771918e+01
1.559459814484107909e+01
1.154554040267608173e+01
9.625612412469109813e+00
1.865763525182842741e+01
2.162562725777398143e+01
1.944881704952217305e+01
1.485507635698217754e+01
1.903832231788480556e+01
2.159362621380962821e+01
1.609564869024114131e+01
1.502105955924785263e+01
1.043213008400319097e+01
6.931668499998803412e+00
7.735641754107521528e+00
9.019759518986939284e+00
8.947185877294916878e+00
8.923126054845383237e+00
8.290275271894048004e+00
1.313084287936904104e+01
1.407135814294261955e+01
5.801830259171818049e+00
