2.585069875020535690e+01
2.590871015058274995e+00
1.322435093406289175e+00
1.038391831066712401e+00
3.091583986954153929e+00
7.194419424035598531e-01
2.794622377980198191e-01
1.144567933860508147e+00
4.755612729359722790e-01
5.979855814434154038e-01
3.897342494049335082e-01
2.696191465472720372e-01
2.561605068136265095e-01
3.558100224976906145e-01
1.640516661333580040e-01
1.385188407338511507e-01
8.869974420625492684e-02
1.981922314499986737e-01
1.171015467065873727e-01
1.320685198489938150e-01
1.698204572138211355e-01
1.168926134270187323e-01
1.681390711274633465e-01
2.120237770009482728e-02
9.477795622429108224e-02
1.495090372898266740e-01
1.655981668799091922e-01
1.646359917654364735e-01
8.870643568148506297e-02
1.355059600460183644e-01
1.053245131446551158e-01
2.523581068674184830e-02
1.652640623448515533e-01
1.633082279057000152e-01
9.241282970999509239e-02
1.133024014067125357e-01
6.918409631254031356e-02
7.298627050906474067e-02
3.198281670941580113e-02
1.039426514674129109e-01
