3.189430783040746320e+01
2.907806975094926027e+00
2.797176334624337901e+00
8.540856199621286171e-01
2.500204727974224106e+00
4.272668767614986152e+00
1.203339718850132467e+00
1.008782921017578049e+00
9.976108883526259019e-01
2.023435063648174825e+00
3.535470727083291909e-01
4.321189823193407054e-01
4.420731119907457263e-01
1.031518134616596916e+00
5.701842960036296315e-01
5.872817665088299055e-01
3.256920641168964403e-01
7.828174937278805645e-01
1.371430423165161505e+00
9.738532056125011049e-01
4.538918989169556384e-01
3.396268259797740052e-01
6.535875079854228664e-01
7.678574380621450146e-01
7.223641339767258307e-01
7.380408361207129175e-01
6.412355986108084771e-01
4.971592490819944921e-01
6.929309836555266333e-01
2.426246657970505261e-01
3.236031917094400190e-01
5.545902500026158588e-01
1.428236075463185373e-01
4.455821032484790778e-01
5.231353050310625363e-01
3.887687084540695781e-01
8.322433409464194964e-01
3.080908160258347128e-01
5.276273816932217642e-01
3.710166616000802886e-01
