6.751243570291580909e+01
7.785293282194239772e+00
6.083500789002421527e+00
2.488505578815012331e+00
4.469065737429210650e+00
1.025268071527857483e+00
4.390178123415151568e+00
5.050517040469219232e+00
2.475928161071197842e+00
2.066010195179122544e+00
4.377524739704040435e+00
1.432855793427312063e+00
1.801257800138491572e+00
2.456742102121125093e+00
3.136292300232019770e+00
1.275513434398482859e+00
2.143293924515279336e+00
3.041679578979311627e-01
8.709746703952931934e-01
3.241082813355655179e-01
1.292407671863519347e+00
1.363930830539157091e+00
1.286835969556136883e+00
1.312767757992944206e+00
1.216293432405632036e+00
6.338317551394465621e-01
1.628959520640355985e+00
9.433248663450545246e-01
1.303692016326162273e+00
1.673275441960491383e+00
9.574127537623995376e-01
1.506159794757821357e+00
6.519393857317509200e-01
1.351975941944471016e+00
1.808257635595727164e+00
1.575623693650711310e+00
1.577056931585121946e+00
4.883615395184288110e-01
1.889830128523038777e+00
1.705443076462500041e-01
