2.560473863193586297e+01
2.211144456017269722e+00
2.253365722430957341e+00
6.661696734877075032e-01
3.344104150278924159e+00
2.667837898269089236e-01
6.642265536520935987e-01
1.000843980147561263e+00
1.174365318431279892e+00
1.881346082312554291e+00
1.793474699111182513e+00
1.269947743755148739e+00
1.347628903562823499e+00
1.066671587038681146e+00
8.244287736496413999e-01
4.685978383203019959e-01
1.000038023588669667e+00
7.911379654314255605e-01
7.498412730490946476e-01
2.496942958493349740e-01
6.145333653750528757e-01
3.110835388202387586e-01
2.306628968588354534e-01
2.190764246380911828e-01
3.254323452150989504e-01
1.193924514503035966e-01
4.455299487360934174e-01
4.341581599340889053e-01
2.430807942307556535e-01
2.126067375561002115e-01
3.389621995741053939e-01
3.510972783636021610e-01
1.929544575309757870e-01
1.415620964162362105e-01
2.382935012586145929e-02
1.243856547994832418e-01
1.814946495204057264e-01
9.100548380405121263e-02
2.397203024552410633e-01
3.334825696507764392e-01
