1.649313145971803962e+01
2.742207345870498969e+00
3.898970196836210711e+00
1.470832403540601074e+00
3.012410692915469923e+00
7.680828195330801078e-01
1.588845643691341403e+00
2.037980510793099054e+00
2.179010375992391779e+00
1.302186448043724853e+00
5.629945752449945218e-01
1.095690023881143116e+00
1.560105985763252656e+00
9.054531948254896934e-01
6.866409164446879432e-01
9.687340898921552590e-01
8.304094025856614270e-01
7.925737167367441494e-01
1.688780302702080072e-01
6.842951884841501631e-01
1.046716766400793475e+00
6.823383499063800928e-01
2.416814456683835377e-01
3.181080292798539877e-01
5.685081396998306058e-01
5.272089962754885617e-01
4.897505104983573831e-01
7.144599625057607151e-01
6.717557413877079941e-01
2.847769172812458782e-01
5.344701317937592400e-01
6.528435080466497009e-01
2.918461772548079924e-01
5.637648993638064709e-01
7.527789915506167828e-01
4.840604041405183744e-01
4.453512440118118643e-01
7.311932260644664616e-01
4.769680802827734878e-01
1.005184849478904380e-01
