2.337354457007925390e+01
4.328122922309051712e-01
2.939077024833331553e+00
2.888711364332025577e-01
2.404662076820061056e+00
2.262187654924618485e+00
1.941951891958219045e+00
1.750026477998650076e+00
1.254689680785413319e+00
1.231440168939935687e+00
8.789960462910088035e-01
7.103092047666242914e-01
4.610005283859187064e-01
2.103719944192369073e+00
2.038688829858934515e+00
4.461479624261959209e-01
4.693688594320060692e-01
5.828321157035234457e-01
6.934598279352174321e-01
1.151557024761318715e+00
4.191301993321119856e-01
7.965485026860846807e-01
1.077128269053761800e+00
3.210749531564262016e-01
3.038843039338002261e-01
8.132526004303304301e-01
7.132392477767947048e-01
4.196254766892784649e-01
2.259074215635634153e-01
4.260738040141942573e-01
1.213602845347048903e-01
1.913316007003630637e-01
1.268622971012833556e-01
4.011160300682276580e-01
4.186984055275905781e-01
1.460604519637850318e-01
3.726640447836184755e-01
6.654124043746187378e-02
2.731992240471687872e-01
3.281116715921952864e-01
