2.369050964077283794e+01
2.595598101443115091e+00
2.101492417197420082e+00
1.900570713333699313e+00
2.632304932497352201e+00
7.409609103070775582e-01
2.822142586399843278e+00
1.192944974979870842e+00
1.360496966040803946e+00
2.460493962606888907e+00
1.353747631507942417e+00
2.213291861089702994e+00
1.114517095179225814e+00
4.050265020387683323e-01
8.267094140441005878e-01
1.293402549263351409e+00
1.173776427575179637e+00
7.358517783495392983e-01
7.281500955823135002e-02
3.043317462045690980e-01
9.092297992548488139e-01
6.124611785875138104e-01
6.198313578939548263e-01
6.292134043435027024e-02
1.421874707580091379e-01
3.770169021723823732e-01
8.814147623569638934e-02
1.610070905695329124e-01
3.260883766208587109e-01
1.314409265433867935e-01
3.073244318452668100e-01
8.664061313740015757e-01
4.573758991925012118e-01
1.533936361118778402e-01
2.525435141552646590e-01
3.259339866036965461e-01
2.227590245042237668e-02
4.053120474115307625e-01
1.218335533537573262e-01
3.676607913776197556e-01
