2.263544654932549705e+01
2.802817928689139038e+00
1.428346407829576226e+00
1.379188004408558932e+00
1.752071157719076622e+00
7.517193671549201595e-01
4.007532066418555416e-01
1.281172464078570217e+00
1.081218280679497434e+00
7.081514818088177066e-01
1.668074302178096824e+00
9.004603083542547237e-01
8.329768687196754673e-01
7.434598567535916080e-01
4.427249376227456179e-01
3.021968206178906602e-01
6.902362905941580307e-01
6.395909109696558126e-01
1.301344677293515995e+00
2.859651629001559447e-01
1.082553397955273500e+00
2.823397789623343090e-01
4.513961653090048931e-01
5.077586834341084598e-01
7.328788028457794423e-01
2.428261716877524179e-01
3.997741716807655110e-01
3.321353155865022222e-01
4.603860792227067456e-01
3.811613040462683011e-01
8.996459909678120037e-02
4.040495187669223554e-01
3.256235459811799848e-01
3.907216089811373916e-01
5.521933872627565743e-01
2.776766807544026605e-01
3.064882481377548817e-01
5.991581097675188206e-01
5.666144666592823897e-01
2.656837695230022667e-01
