3.100495480100392243e+01
1.180117736564866737e+00
4.213240345443410639e+00
3.417112397142804792e+00
4.867156732621306325e+00
1.539859341667651815e+00
9.356656574802312276e-01
1.399343908484685040e+00
8.550441430284305699e-01
1.455452750426507569e+00
1.405915968261810312e+00
1.762947966821899692e+00
7.390407602258193265e-01
5.920469572809851089e-01
4.265119679804813546e-01
9.034700873128621579e-01
4.555556438230512484e-01
1.274539070106998351e-01
1.097460828100403907e-01
5.289037838629521149e-01
7.187323950929722649e-01
4.011482173720142264e-01
5.064247329323462443e-01
5.028150606886604423e-01
3.239629565647847431e-01
3.725444511395805125e-01
1.219197260500081009e-01
1.723903956458754938e-01
2.133827924232330198e-01
2.212830203155276565e-01
2.766710939425633398e-01
1.392826766860884025e-01
1.944246914886106625e-01
2.606054025678576358e-01
9.095837308191172255e-02
3.102135172191555074e-02
2.621521266457447763e-01
1.693999686288966411e-01
1.181233822932594990e-01
3.106331348199215525e-01
