3.347150286493147320e+01
7.567555140053801033e+00
5.798275582954828700e+00
2.208231291356321346e+00
6.352809402316783149e+00
3.880076628753733381e+00
2.770412781145673353e+00
3.201247699940033442e+00
3.246133546019317251e+00
2.505182415630792470e+00
1.962452719050582051e+00
3.842120467791916294e+00
2.593678057946082749e+00
3.614209298054875230e+00
3.704103965188759062e+00
4.011335734185728086e+00
3.817357000273072121e+00
3.312262403890622320e+00
2.027570642281359525e+00
1.882825443991001046e+00
1.350051131313532604e+00
1.141521303000908372e+00
1.795553283304246683e+00
2.263936072642832809e+00
2.211310271330523047e+00
2.251414279857392842e+00
2.480848559135247822e+00
2.128157262009783945e+00
2.481248347113765629e+00
2.655462238277636278e+00
2.598516405192775824e+00
2.488600711276437671e+00
2.504584757704338749e+00
2.059935338297026242e+00
1.919218926056190933e+00
1.571845673096172291e+00
1.412234811525627132e+00
1.470733279952595840e+00
1.520416751721264337e+00
1.921766187322687669e+00
