2.940489060210279249e+01
5.367662830256005435e+00
1.979808727465005358e+00
1.506596405387587989e+00
2.200803653643247593e+00
1.640112259123047700e+00
1.318703431296735396e+00
1.484275445309052976e+00
4.071341085367660151e-01
1.267368031167937170e+00
1.650215795157295773e+00
1.127661871949288130e+00
2.864972767405192799e-01
5.902093634688543311e-01
1.225264665530878982e+00
1.120469767946963957e+00
7.322827278301874410e-01
6.127749969681278719e-01
5.708821029749520104e-01
7.985964213587896099e-01
1.400004840423447527e+00
5.084916521912643539e-01
3.969441705287148903e-01
2.674963456990172017e-01
6.845469883098943553e-01
4.467667391601648497e-01
1.309926138967921205e-01
3.127738747706876321e-01
1.307626479189737123e-01
3.495283175458560598e-01
4.868519972530583328e-01
3.031930941276919089e-01
4.138201567070944886e-01
3.852240685880985449e-01
4.808598361742591476e-01
2.045656043231268706e-01
7.180193486223059030e-02
3.345617678049759292e-01
1.358256575393112786e-01
4.147682983934368184e-01
