1.863420631964834939e+01
7.011432174126699390e-01
1.196859645404159789e+00
8.671691508350158895e-01
2.852536545675724344e+00
1.243781474292313893e+00
6.846292469666908076e-01
1.605024120256975939e+00
1.575242904199092520e+00
1.068950844235384778e+00
1.423287326676756281e+00
1.778365482805734699e+00
5.209206611885287552e-01
1.692022268880040592e+00
2.090601373665145202e-01
1.147341890290886290e+00
4.800282814863602865e-01
6.624936455353376275e-01
1.234363916527342120e+00
1.299811461070541074e-01
4.883813631708769365e-01
3.849427503489538105e-01
8.740999149172086202e-01
6.738631340002732006e-01
4.723139328257761060e-01
1.244725754969886050e-01
4.728846437493547383e-01
7.823708663786534956e-01
3.942824444956005148e-01
2.910744034135860359e-01
3.874739407375313860e-01
1.920874041551378364e-01
7.805379900500447610e-02
2.932191742320640615e-01
3.755260745901259911e-01
1.992855700250358297e-01
6.954279951470999643e-01
1.934440470732221584e-01
2.758272984197845945e-01
4.595914171647105251e-01
