2.025182966619925651e+01
5.397699767228114176e+00
2.659161205990378640e+00
4.372530639618902981e+00
1.625967191869348349e+00
3.756523214702300439e+00
1.731892447130856105e+00
1.206549842498842562e+00
5.285734397201967694e-01
3.929549537388172253e-01
1.058283163573367602e+00
5.815051244564236610e-01
1.462448100635716175e+00
8.111992984266068740e-01
5.885668423137784266e-01
5.739468677572611144e-01
9.247542903124723601e-01
3.328137424550592915e-01
6.354542472947156961e-02
1.189416923592859776e+00
1.134657993230481443e+00
5.838608357388257453e-01
1.671925662185166361e+00
1.182196992461614915e+00
9.223308474697365922e-01
1.612676816267111901e+00
3.714052537944374510e-01
5.281813234615860830e-01
1.578628688921227319e+00
1.126026996234899435e+00
1.924580074440392474e+00
8.929304415159118324e-01
6.043030966571024676e-01
9.862311322037807804e-01
1.355292493981117286e+00
6.687560892004676960e-01
5.865162482668273558e-01
4.792676571619371995e-01
6.354376072491799698e-01
6.218513026273048139e-01
