1.021213870611676633e+01
9.989914246597326741e-01
1.006650688858502729e+00
1.955475272300727818e+00
3.771047433840512553e-01
1.129768876720441684e+00
5.607529841256000402e-01
1.285279373972673111e+00
1.705162739837659425e+00
1.632983442490871795e+00
1.323777656662644020e+00
8.806385893833327261e-01
6.924377200132987298e-01
7.856034874333769347e-01
9.967165703475562299e-01
5.630972811048632343e-01
4.874582375879074059e-01
8.864595023764145765e-01
1.036429385813368853e+00
4.190462244975575734e-01
1.620266520260441601e-01
2.356126989256694948e-01
6.230164616192631621e-01
9.621141897918401575e-01
6.445220251262395728e-01
8.805753835319056755e-01
5.977880235089167993e-01
3.417002260281396531e-01
2.028705799685122657e-01
4.500879960646116951e-01
6.048861314352641516e-01
7.626253980783370690e-01
8.823739405837935923e-01
4.579519848410684157e-01
5.079973192071383092e-01
6.065021071069969238e-01
2.970507638049800780e-01
3.873081417804757343e-01
8.126006253053115191e-01
7.598138233480904447e-01
