1.120763991245319602e+01
2.374657852609818764e+00
4.389105579542665891e-01
1.577367680497873792e+00
9.284873688161606742e-01
8.362451605438067648e-02
7.808615399557422565e-01
3.139527289201664573e-01
3.427909056450638148e-01
8.213668251533347009e-01
4.839886457611168868e-01
3.825869522528796418e-01
5.217094210193361503e-01
4.982584974261896060e-01
8.224668597108736323e-02
5.202121961282175633e-01
1.543604463713965091e-01
7.497050708945914854e-01
2.163587599071340462e-01
4.555232225526001377e-01
1.158548012943812766e-01
4.782236456543795811e-01
2.312314985189359018e-01
3.225396568366545313e-01
2.775582992240028246e-01
3.405571526929585535e-01
3.969154456748902327e-01
2.407290057123860072e-01
3.228087533393789177e-01
1.203326301114382157e-01
2.294852707302676986e-01
1.616577441928948311e-01
3.506594246610977850e-01
1.358448520322428354e-01
1.779731742206180356e-01
1.962041406023686263e-01
1.398674225862603093e-01
8.202910176242346474e-02
1.180618476711554343e-01
8.995199182374062630e-02
