7.751602176187835980e+00
7.009331324138539099e-01
1.855575129522937905e+00
4.724715912908025728e-01
1.032493127571686875e+00
2.701297126123872183e-01
6.432752110150296021e-01
4.504452537289700964e-01
5.406216695282079626e-02
2.737349271348059054e-01
5.966501050674671847e-01
4.818671993599220604e-01
2.769193164116706130e-01
4.206131096801768443e-01
3.848504610931447467e-01
2.119569672555199902e-01
7.136218873936136520e-01
1.582361139253164184e-01
4.474433066207912923e-01
3.030313790178635891e-01
4.393512187806823399e-01
4.014210480076599308e-01
3.075760494682802659e-01
5.353538347796995556e-01
2.773534090926091378e-01
1.957880756092717778e-01
1.979618260218974080e-01
4.767835146144310254e-01
1.319221143114176209e-01
2.071171376400289810e-01
6.752389951182219407e-02
3.347008215055679581e-01
1.871234977120903586e-01
1.321888083178457060e-02
2.363305881813299036e-01
1.678629439582627614e-01
1.314625050236239989e-01
1.535070181961784297e-01
1.726673737199699576e-01
1.949387756194836951e-01
