1.028873341181135892e+01
9.020704380348107954e-01
6.015428509845540672e-01
5.934691185576582706e-01
1.438860638380717427e+00
2.709301894003612321e-01
7.611486635894758601e-01
8.005305086731072661e-01
1.559171554692863948e+00
6.783865578623829995e-01
6.135882859227181907e-01
3.792022135320601284e-01
3.113029860224291179e-01
7.254417336724710008e-01
4.510453847866496280e-01
3.729291413144320555e-01
2.587120207428277863e-01
6.176174654737781600e-02
3.536107268263211645e-01
1.844125926841891638e-01
2.570285925187839604e-01
2.906711059966765598e-01
3.169535531427061792e-01
3.227159035009628529e-01
3.844997205134813023e-01
1.340562581655728447e-01
5.549181346241528479e-01
4.705880205496500990e-01
3.521513885823350232e-01
3.656732423194870019e-01
2.453335266076481780e-01
1.743617742700999396e-01
1.586094376412177653e-01
2.130591563815589229e-01
1.974723595998543746e-01
5.619050028327542134e-02
2.819166779096043962e-01
1.952978114457757375e-01
1.209286308409961708e-01
1.823095990357777862e-01
