8.184467923327476413e+00
1.899001457101827661e+00
2.418954424404457626e+00
4.092341001552471935e-01
8.549017620322527655e-01
6.019817774030206126e-01
9.543130934087815653e-01
7.079576962965026254e-01
1.023895236032142719e+00
3.413553752058577917e-01
5.126512325128168568e-01
3.840192244275952294e-01
2.402550901390190785e-01
8.078874587848210442e-01
2.266331372544767020e-01
4.828454770411871877e-01
2.776464442951370737e-01
2.892998925013466893e-01
5.648048323710808116e-01
3.533329146801762466e-01
2.004517438120897166e-01
4.254092462893598880e-01
4.781551465407745116e-01
2.698359485198604246e-01
1.759300604837509274e-01
2.058878591896548815e-01
1.831471697343801663e-01
4.709984052903918444e-02
1.413051706590545860e-02
6.493484604584805198e-02
1.274762745981737055e-01
2.050095691143385412e-01
3.780040435903654628e-02
8.923209261107092893e-02
1.053133914018886119e-01
1.100483382919531378e-01
1.087966455536482219e-01
1.291776210950061066e-01
1.293083760862281661e-01
6.083619934830683529e-02
