1.389218729377745554e+01
1.127164307031242707e+00
1.324091284563889914e+00
7.293550708732686738e-01
2.176183499343959493e+00
3.444870616822129694e+00
5.630756483454067984e-01
1.814809447913144913e+00
8.800224777342831317e-02
9.455133978816558926e-01
9.515602121311457218e-01
5.404855244862623032e-01
9.226150163368479484e-01
8.851960213104826947e-01
8.141746674876706447e-01
9.257788903639970757e-01
1.247012679914883959e+00
7.506606266016039308e-01
6.171599650491105260e-02
1.083680428056275513e+00
5.584523578076772132e-01
6.819539974740155275e-01
5.581120766659400934e-01
5.989269275652259195e-01
5.687924532156427571e-01
7.363346719076837577e-01
4.559047133654621220e-01
4.998527991622245814e-01
4.112378026164356659e-01
2.981488975028083743e-01
3.467209694744977644e-01
3.025171927719360054e-01
2.267498886145765946e-01
2.834222208008696509e-01
3.196935702669447821e-01
2.286488870594997058e-01
5.171489437928601385e-01
1.307021922036410988e-01
4.646448502485740484e-01
1.726038629334397112e-01
