5.931037486145960713e+01
4.605124578461714080e+00
4.921614915942417845e+00
4.191311423792418722e+00
3.474566623600559012e+00
9.817607012848188930e+00
3.689523803220760900e+00
7.528392942494331885e-01
2.513638724188911766e+00
3.121935999125950545e+00
4.627321085798793199e+00
1.040119309953495730e+01
1.394677228071509179e+00
1.737875328299273159e+00
9.875954725014861602e-01
2.362652657737185802e+00
1.034949168701228750e+01
2.675239051951697977e+00
2.471623972332603447e+00
3.982498041696275193e-01
3.977431695642343445e+00
2.206640615936783512e+00
5.038968605397714517e-01
1.079339627106087329e+00
7.348492496066895141e-01
1.333500380485975967e+00
1.198819976590358438e+00
1.371231886374311815e+00
7.176882619984736866e-01
1.372805120158681280e+00
2.063868669004238765e-01
1.008003828602917595e+00
1.820406633019411524e+00
1.452172352206796413e+00
1.113099570986445519e+00
7.943315230282058659e-01
7.371504156410856323e-01
1.447544444175361766e+00
7.894767054811590024e-01
1.487682655504760865e+00
