1.690346717624306194e+01
1.934452908367080282e+00
1.653161508661793899e+00
1.924928516932315592e+00
1.001760816511235275e+00
2.063828117549531438e+00
1.460548459181589598e+00
2.054033372717007921e+00
1.510457329305020524e+00
1.215053443279103584e+00
1.204614134252951940e+00
1.233942232035177611e+00
6.109274697574439417e-01
8.321470853639382215e-01
8.232246389350410531e-01
4.564998706338727064e-01
7.133182319067843391e-01
5.729358127291053204e-01
2.527506352449080951e-01
3.090104234972032016e-01
4.262091601766128668e-01
5.657834218841374385e-01
7.571345725011618955e-01
4.469063177721511737e-01
2.817211946802261058e-01
2.784162785270174467e-01
3.573185837283999744e-01
1.966187508093611702e-01
5.209567078068378931e-01
2.805253137892596005e-01
1.141370706936864765e-01
1.087615976474755886e-01
1.088878979472895914e-01
2.025142189222740030e-01
3.478799660555210727e-01
5.852449295354578140e-02
6.281800257265615639e-02
1.181091549624095488e-01
2.598786691834844564e-01
2.258840293902066310e-01
