1.452140276650884232e+01
1.712481172965439002e+00
1.635211756159494323e+00
1.241652656476832872e+00
3.523031055190405381e-01
9.715728684043384300e-01
6.893475928312530199e-01
9.254036786667428904e-01
9.531791515553607042e-01
1.196163966371989407e+00
1.900757261275267396e-01
1.436389113292614317e+00
4.214658754598742396e-01
4.488380065302757238e-01
1.085671622296678018e+00
1.095918353688807523e+00
8.261799877624987909e-01
6.948979421518627353e-01
5.377949271856030666e-01
1.925250463640079124e-01
6.430977512090766401e-01
3.191267771244276075e-01
8.099277953906369731e-01
1.951718496866441666e-01
1.974583266110727653e-01
2.564961125208971571e-01
5.201798244762509960e-01
4.521632544290835054e-01
2.154118542102700651e-01
5.626316536341822300e-02
3.975068177207977116e-01
1.812843058933516771e-01
2.838336996028806292e-01
2.917885091465683978e-01
9.829523617143975933e-02
1.990754777864718050e-01
2.940201208242978481e-01
9.213268571072531776e-02
1.477716506900589866e-01
2.106103051121860081e-01
