1.549554887841958539e+01
6.060812858960634486e+00
2.971160913436154516e+00
1.867410920746496172e+00
2.620676247684669669e+00
3.368636796062788541e+00
1.790164350258367287e+00
2.288837081876848423e+00
1.021196741374807537e+00
2.901146002882680208e-01
1.230204898088668619e+00
1.831299159838052582e+00
9.987253046063211404e-01
6.498684453628608138e-01
3.494993685005607920e-01
1.304406999423478319e-01
6.711393320975256316e-01
7.748380451766979649e-01
1.615099452891278764e-01
1.189861981675032654e+00
6.572363859908288142e-02
3.757884969018701615e-01
2.553273295256328623e-01
8.911115430672219562e-01
9.039542165559216746e-01
6.732156724169199302e-01
1.229338137858471958e-01
5.471444798163629386e-01
4.519574423986697509e-01
5.571412579244282570e-01
3.245771595274760668e-01
3.658364169225614138e-01
5.639393736536122415e-01
4.764957637650769073e-01
4.644421356638469001e-01
5.950468823244527972e-01
3.133880829659453360e-01
4.158409898611999944e-01
4.429363465132996058e-01
4.594456394086993689e-01
