1.645772016817413785e+01
9.863788541615451377e-01
2.949571775470457347e+00
1.520317843417670955e+00
8.422514261032212346e-01
1.464049166101282440e+00
6.401670535175679744e-01
1.324445492142656278e+00
1.673314103513316997e+00
9.067887112999900578e-01
2.972624678272851595e-01
1.321174934050200367e+00
4.915371726176085421e-01
6.135821988247470715e-01
1.644909136479298262e+00
6.006085524333488745e-01
9.598049596181660315e-01
1.048662329290361850e+00
2.063160424972591833e-01
6.286973207414398024e-01
3.677171758060155393e-01
3.024616227048131378e-01
4.402367056884819441e-01
1.665680112257183210e-01
2.357648362755319082e-01
3.526092121199654872e-01
3.127245668842199011e-01
1.537808610276795718e-01
3.773760509757279058e-01
3.016328040245511710e-01
4.423927464059668746e-01
2.058908069009682262e-01
1.172003922663467923e-01
2.534425765421922661e-01
1.652608947840513154e-01
5.524657410320368278e-01
1.965731816452425396e-01
2.458312605198594569e-01
3.956006559035655790e-01
1.676659501091896098e-01
