1.968427254752381472e+01
1.126390411637085087e+00
7.219960603075100680e-01
1.930814385998133043e+00
9.150044434290603990e-01
2.178867251909589964e+00
8.022740710370043216e-01
1.842862949303676778e+00
1.017475460860251202e+00
1.198054608946505173e+00
7.221978640592321419e-01
1.031989344217971061e+00
1.018951186046024526e+00
2.095819588027197256e+00
8.817118441446850641e-01
4.191775887557300795e-01
1.728381690565982953e-01
1.893567569180719112e-01
1.403550673998049225e+00
6.741711757605856059e-01
6.178654626901398661e-01
8.935117879753080583e-01
9.936473428276658693e-01
6.644334551588417792e-01
7.037708968080820249e-01
6.995761278208129097e-01
6.983893144700173972e-01
6.057306393152748214e-01
5.018520808443415193e-01
4.891068619756707148e-01
2.481150430419953312e-01
2.379635380293099178e-01
3.398842514136969362e-01
4.719172593957522699e-02
2.740836410725146499e-01
3.828810307447000905e-01
1.960507593222248213e-01
1.303372230103877205e-01
3.816431241356225690e-01
2.804839171392625730e-01
