2.003411745884965711e+01
1.017262303762429321e+00
2.574021110328472250e+00
3.314463868226472876e+00
5.456271252189588417e-01
2.965662501007542140e+00
1.941512115387896475e+00
1.406635867966728126e+00
2.348757861507873912e+00
1.088283783300713736e+00
8.021300384438828646e-01
1.077473932529604772e+00
5.729273263994021370e-01
8.455493775299759429e-01
8.468560003425996685e-01
5.233300502751924155e-01
9.516079839818561981e-01
1.384143037259378262e-01
1.053969729776208952e+00
1.084052083512339948e+00
6.353783383307296528e-01
9.883295162780709742e-01
2.412930401582141504e-01
7.276344308201220246e-01
2.912924797303468871e-01
4.822227798028929091e-01
5.486036603866776273e-01
5.766835328730638421e-01
1.217257635963470142e-01
3.016264282947551667e-01
3.783549292887392057e-01
1.563393911403292424e-01
4.472708870992096464e-01
1.279475185961841954e-01
4.133979362244554201e-01
4.594115772942781728e-01
2.603832957304715312e-01
3.432358171194091478e-01
4.222588518775041155e-01
1.471577941808135392e-01
