1.623108571182751803e+01
1.587194402863005838e+00
2.471492022545996647e+00
1.368940481022227429e+00
1.511689199930785099e+00
5.800574513336580473e-01
1.294007893119433206e+00
7.635318378647371063e-01
1.105945874466760959e+00
4.774739707415063816e-01
7.314972721485739626e-01
2.512509770992902847e-01
9.610772632437727392e-01
1.477552374879064656e+00
7.400046569753541137e-01
8.377719216864221163e-01
2.041181400196852569e-01
1.760297754845395468e-01
3.246095726367705936e-01
1.732351304949850956e-01
3.122849953022655001e-01
2.598495080874868024e-01
4.362174287614675738e-01
2.942346407546013731e-01
1.850562777000449299e-01
2.534508864054015320e-01
3.662835473508420092e-01
3.821761539891872506e-01
1.253300716472492415e-01
1.254312554399172053e-01
2.731842475144534710e-01
1.657514763746892883e-01
1.299524474599548229e-01
2.645948902950138182e-01
9.702709232967780817e-02
1.400672020914530413e-01
3.716742508380480592e-01
1.571254642736820417e-01
1.544960242845759557e-01
2.581674962037797116e-01
