3.214230049268276446e+01
2.632164681467041412e+00
2.098737027811880207e+00
4.191541865650774135e+00
2.408212226857759930e+00
5.920688637557105505e-01
3.355062162080730381e+00
3.872187203347170481e+00
1.265636769161301300e+00
1.538915003446263752e+00
1.596401843050798464e+00
1.440246741397899877e+00
1.422148767813010473e+00
1.058927614302885400e+00
2.211223933211068804e+00
9.900934274302716220e-01
1.949647238114966319e+00
9.765881221108026200e-02
6.817112384644991030e-01
1.289530913365653841e+00
2.017465663252353825e-01
1.137416102163018861e-01
6.635167021461110259e-01
5.901669191427680872e-01
1.445280753185484546e+00
6.351730735794185456e-01
5.355159232045865192e-01
3.718349432818045530e-01
6.323096632950240270e-01
3.970862193689900788e-01
5.625585150205721918e-01
4.882122848133597093e-01
2.952420668836481799e-01
1.563119241340374110e-01
3.259666591994957452e-01
2.729077554122033566e-01
3.518271746045297244e-01
1.354606951695918604e-01
4.467639408073262874e-01
2.318272769162673941e-01
