2.157862340899322930e+02
5.182325122126314909e+00
6.873200852051890131e+00
1.148838559194945752e+01
9.920336265891554817e+00
7.025073516552605035e+00
3.259178368249531665e+00
8.127092069500754690e+00
1.717004552897126057e+00
9.992843180877517550e-01
3.852867308918745959e+00
1.443983525772945642e+00
2.228998551217596269e+00
2.779312967266693857e+00
2.402820115867808415e+00
9.138327507249133230e-01
9.914171361515303760e-01
1.358243253553358842e+00
4.911612852209901625e+00
1.633879908181600449e+00
8.444492437341936109e-01
4.182689247913347619e-01
4.155114814163915149e+00
1.088791101688148411e+00
2.083169672813301787e+00
1.400931186699725162e+00
2.077831527598034356e+00
8.383821672348025222e-01
5.284485036507928779e-01
7.436201124032744136e-01
5.727473846963265780e-01
2.487355295594982085e-01
4.386499796166461462e-01
1.070996854135273679e+00
4.715849489877801948e-01
3.003094120227524089e-01
6.153443682826377215e-01
8.578924908299534469e-01
6.243231683832880519e-01
2.893645919342456851e-01
