1.380604041644622271e+02
4.467223495500082464e+00
1.409162200848987467e+01
8.374323797120066359e+00
4.449133462840956454e+00
7.520001093057091524e+00
4.583889535230874834e+00
2.196149260042261631e+00
2.911631163534357025e+00
3.611338349270827752e+00
1.522274887534025067e+00
9.102712136040484125e+00
3.375105239428047632e+00
3.115280998049871464e+00
1.567961381413471411e+00
2.028586933189552521e+00
5.293305369215739908e+00
5.794261419183219353e+00
2.408361756304801204e+00
3.988245100049371827e-01
3.002444910440753123e+00
4.496078939287502685e+00
2.989536452537943312e+00
2.063703760727447989e+00
2.642796012847647980e+00
2.413940558043240703e+00
1.797441673759216041e+00
1.868348177131223586e+00
1.109385518788754910e+00
1.984888992677110942e+00
2.807071904161912101e+00
6.638008443826590721e-01
1.507782802186077742e+00
1.876455987680780257e+00
8.292253444089959791e-01
1.358754673874723595e+00
7.940062778816988631e-01
1.515698207410595799e+00
1.739621510425464423e+00
2.492415693825503542e+00
