4.835965246192731115e+01
6.638423325526781049e+00
6.029315198936783915e+00
3.765667331126630213e+00
4.522101528358820843e+00
2.583098013287923322e+00
4.469696395820237811e+00
1.844793608123336037e+00
1.273861156802424732e+00
3.194956201214048441e+00
3.393870072320626097e+00
3.536593681525162847e+00
3.605911277608705223e+00
1.008935759198143822e+00
2.130738763004037750e+00
2.070404031152548896e+00
2.362631326254188480e+00
9.886027327746089721e-01
8.733875759749184509e-01
3.055751996545728488e+00
8.757542572705947492e-01
3.253060213242158216e+00
2.052358826299727212e+00
3.627571736825334625e+00
1.628268641968350749e+00
3.592276164318889631e+00
1.526854521255159192e+00
2.468762818139766058e+00
1.726908849364571230e+00
6.568147543439506464e-01
2.231680440030560764e+00
1.351229587464150894e+00
2.695310517371551917e+00
8.823820635682095848e-01
4.243214667482608782e-01
2.132477819434445365e+00
4.186793929842619888e-01
1.152269639957440139e+00
7.839339779519984841e-01
5.882648231512878079e-01
