3.983984864686645722e+01
4.817838240125039917e+00
1.316664453799211820e+00
1.665797602756978302e+00
2.214295125125150143e+00
2.690260086544495444e+00
8.555780937278100184e-01
2.120040082832853834e+00
1.528316420927321007e+00
5.304277378861385062e-01
6.670196911682599872e-01
6.055495850184408058e-01
1.126313736199697546e+00
2.164552026427348785e+00
6.085322633672406445e-01
1.096144831256438579e+00
2.331701151095450786e-01
1.255661200671597477e+00
6.441743562464076200e-01
9.957748731445822399e-01
9.713192691225427389e-01
9.413939211994051259e-01
3.292143347281803467e-01
1.048805175900177078e+00
3.150235072369174105e-01
7.745228058396264048e-01
7.977532088986988290e-01
3.774686620636162893e-01
4.842847029249776059e-01
7.182860019692972608e-01
1.494943827875881148e-01
5.841394097957222087e-01
3.585345323738101109e-01
4.761001662676445645e-01
8.885303569402490664e-01
5.027710993452980670e-01
6.882598001847450853e-01
3.451169910877848745e-01
4.999828326645254228e-01
5.389219502885835844e-01
