5.438894261148555387e+01
1.736357196130243752e+00
3.142250421698069118e+00
2.157563152684663699e+00
2.603899144070401572e+00
1.611319355108866258e+00
1.726438047266198206e+00
2.601007739411068442e+00
2.968976569372072216e+00
9.335931862719754060e-01
1.241301584620351006e+00
1.912092811161775874e+00
2.094468423387695122e+00
1.599583645680000332e+00
1.206630472343015903e+00
1.074205211110424329e+00
1.210158009187674688e+00
1.404659087413899110e+00
9.901090452439063050e-01
6.812564647332004508e-01
1.212659327951912447e+00
1.350248426007173208e+00
5.321843004198706373e-01
1.866079922841701544e+00
6.603681682141400167e-01
7.378657817828235821e-01
7.982419108792642160e-01
1.213140815707780984e+00
7.140735765629571130e-01
1.154498795546158973e+00
7.482827426231675183e-01
9.780308135632855837e-01
1.044717896033191984e+00
8.866369504354483233e-01
2.904269694085299114e-01
3.296947224039254998e-01
4.275274579285473497e-01
9.513275580878697291e-01
9.308834765633066111e-01
7.106563120295106284e-01
