2.442275663909658689e+01
2.488930699633360888e+00
1.644992230580770043e+00
2.076390993068257362e+00
1.410399005298162090e+00
3.099438124508312464e-01
1.015227737814279330e+00
2.486702144660740021e+00
6.387534943788755193e-01
1.372663009386450472e+00
1.607759503995371597e+00
1.309476637298263801e+00
8.350551153165134410e-01
8.885626168269945557e-01
5.549036550818653435e-01
4.642416187839196740e-01
3.372847647805076177e-01
3.078768335631354436e-01
3.482900932422159923e-01
4.216536971652460886e-01
5.435245764075175012e-01
4.765338307667328910e-01
5.092711518337713628e-01
1.757976428045902872e-01
3.034145323505442748e-01
4.756279550114207444e-01
1.184849415183211602e-01
2.611525288330112105e-01
4.133374979394719984e-01
2.005509486483424419e-01
4.075211707507753189e-01
3.628216246305605019e-01
4.314440229785897474e-01
3.867039611005104738e-01
2.553756347033965812e-01
2.875487810897567886e-01
3.858824118812762549e-01
1.708288534501026801e-01
1.064394464110591937e-01
3.097752965248993795e-01
