6.109326725563627747e+01
4.237862398462970859e+00
8.416126138549634206e+00
1.842044934979998549e+00
6.272058270697293381e+00
5.687019463727076563e+00
5.078634363352675374e-01
2.314233718825103203e+00
2.324685100968473694e+00
2.988892272645241821e+00
1.076081783128021163e+00
4.929323911852519502e-01
4.436320274090874705e+00
2.636676385624263652e+00
2.985875258438532853e+00
2.367692152161911423e+00
3.743437527689915001e+00
4.090848840033381784e+00
4.206153254023702104e+00
4.074116949031596491e+00
3.279625947738835645e+00
4.177603588015252001e+00
1.646952021646646003e+00
4.021513988807559059e+00
2.972470262071969849e+00
2.068161410481613061e+00
1.585969469463296644e+00
9.636822407258890388e-01
2.262371565998393841e+00
4.209615292662149066e+00
5.700659788802514560e-01
2.571649813087959480e+00
4.452979512146099772e+00
2.561994166392348671e+00
2.505497758802496033e+00
3.044977076360962265e+00
2.040289153486661178e+00
3.945693634664250382e+00
2.571579500319415512e+00
4.320941919914492502e+00
