2.272485031361578933e+01
1.131766310538242726e+00
1.347853017726979852e+00
8.275430460812089883e-01
1.821917541250802630e+00
5.565773968766385416e-01
3.049998590551987743e-01
5.637632771729134129e-01
4.243168310260277409e-01
5.708114176822990382e-01
2.596653844359581020e-01
3.992948429460244641e-01
8.178448911336579918e-01
9.230571360738955011e-01
5.695474215409576102e-01
3.534411116964852884e-01
3.986754081808607242e-01
3.557796621808759219e-01
7.144368997551170386e-02
3.887097496563957644e-01
7.552893618312795931e-01
5.629526337147734427e-01
7.610391320722212916e-01
8.309793312017325906e-02
2.711399785865724610e-01
2.398884321310661982e-01
3.408414509772361711e-01
8.536409895462986064e-02
1.583220060362075243e-01
1.399850320980033369e-01
2.092231710779449694e-01
4.092443935115437359e-01
3.079636420891014859e-01
1.095977899071923362e-01
4.905343289271800189e-01
3.970314457552490683e-01
3.597779054509613883e-01
1.363049329845094360e-01
1.934323013942063074e-01
1.481652606723039001e-01
