2.289817477727875144e+02
3.549230509907076225e+01
2.437366071381764243e+01
3.127371000102536769e+01
1.807205625548683869e+01
9.481174776293622486e+00
3.730188341280250341e+01
3.657900682301497852e+01
1.472556792791654878e+01
2.914402124075893141e+01
2.510246253147700202e+01
9.593384249287590038e+00
1.267365369306466683e+01
2.462837955826135428e+01
1.959332964856376336e+01
1.550456091463699693e+01
2.929032429261749826e+01
1.433824635343785836e+01
9.587100692280953851e+00
1.981413891394160487e+01
1.703792967608642073e+01
6.167907494196837703e+00
2.759221755459240910e+01
2.349569441101537137e+01
1.061950078260438701e+01
2.667206228806837487e+01
2.026690560607571001e+01
5.715664824424879775e+00
2.142337072735720227e+01
3.029983640790990762e+01
1.676787671444865069e+01
2.228634694811612960e+01
3.123472263709979302e+01
1.772253830387062479e+01
1.580689336575150605e+01
3.407922857912804915e+01
2.669162547259125517e+01
1.319732447749234616e+01
3.094591121645435905e+01
2.792830733649402930e+01
