3.596139784365906280e+02
1.806826686759487899e+01
1.246174049793935268e+01
1.372115554612183175e+01
1.417342216071017802e+01
1.498848100085144708e+01
8.067539287300951045e+00
1.344367540222883051e+01
7.639762646805634105e+00
1.976803428251815475e+01
1.456996285720884821e+01
1.770008609915572606e+01
7.335421466567886739e+00
1.764938967916229728e+01
9.107120389620151357e+00
1.109752476983469549e+01
6.386169697774259468e+00
2.048130851190497204e+00
3.722580157306991655e+00
2.961468812746445689e+00
1.043297010808133329e+01
8.253508997910275369e+00
1.644850203420170232e+01
9.824603140511360522e+00
5.722669167492206554e+00
5.358213656685370196e+00
9.131352592386162925e+00
1.286722016735751239e+01
1.012137532456063305e+01
4.710738661975894637e+00
3.437664584383271826e+00
1.146308185794123169e+01
7.785026042472143359e+00
7.243725003862756751e+00
7.782519590902869489e+00
2.234492211641335935e+00
5.842287639182308645e+00
7.748171504100261231e+00
1.063633477931567839e+01
3.506398049172857689e+00
