5.633176790302323411e+01
3.297285900761589339e+00
4.052069409560578706e+00
2.781859661603643730e+00
2.048486788347302578e+00
3.057731840330909279e+00
3.246453436418209049e-01
1.973042302804132175e+00
2.475776457035785860e+00
5.537772109894510963e-01
9.937235409218531101e-01
8.237705015444862777e-01
2.908765970002030743e-01
6.779957869346728838e-01
3.349831413652226142e-01
1.456055760286442791e+00
3.426976142508010303e-01
1.519405383445356694e+00
5.103143705479141756e-01
4.651840643496082395e-01
5.602001287705532517e-01
1.594116998688461032e-02
6.992832216657542954e-01
1.239198530251684471e-01
4.400093123076893042e-01
2.868952618158141510e-01
3.453824627080889220e-01
6.524667212934036620e-01
2.221004602187853505e-01
1.629569120017502759e-01
1.640130495376853348e-01
2.215761690605424494e-01
2.235948166063819187e-01
9.887928591048195104e-02
4.487983726036430254e-01
3.556562056262388416e-01
1.535545097975452022e-01
3.187661027454816165e-01
2.564976999190769491e-01
3.284371286923247757e-01
