7.221262971374862616e+01
2.190570382297748608e+01
9.026154584187557006e+00
2.702680981004951910e+00
4.035413935037787669e-01
6.476959341739779497e+00
2.501611048108651314e+00
3.419563648515602239e+00
2.880217232962546614e+00
1.923624426362581019e+00
4.747416101215956807e+00
2.168928518710378395e+00
2.997124853070746830e+00
2.152931308519359099e+00
4.065237633224052516e+00
2.147322181867307389e+00
2.589243664885821694e+00
4.266212969572209524e+00
5.933760637183905118e+00
7.021612779304244878e-01
3.066596455359968054e+00
3.057983288668802757e+00
2.749081706984890960e+00
2.842758740616466717e+00
7.997062783251566387e+00
2.388171734920685463e+00
2.428855927002911308e+00
2.240677138330231521e+00
1.587614527931110908e+00
1.442454683557824691e+00
4.010321930058990958e+00
4.115883074472820979e+00
1.271825346531802792e+00
3.607019219956550504e+00
1.056951060358453764e+00
3.245440155342330435e+00
1.863050524701248101e+00
1.739265729479873679e+00
5.112702317955444720e+00
2.284976533387952813e+00
