4.199773828156197908e+01
1.292991341799905936e+00
1.056123530847320247e+00
3.247405358543081766e-01
6.888118961724517542e-01
3.132499605026551670e+00
3.431761923285269855e+00
6.500201719413106760e-01
2.966254056819246920e-01
2.287893125749517864e+00
2.280664400589435648e+00
3.692927642817832590e-01
1.530316114111580639e+00
1.338928323495129025e+00
3.253603609475302250e+00
2.865531725967331411e+00
2.254358543718959496e+00
1.235914187485805282e+00
1.474469327155302878e+00
1.294221157122702026e+00
1.846710686629439824e+00
2.894476481504181464e+00
1.502681846669843724e+00
3.636352440629057603e-01
1.461992004103263465e+00
1.810344238328177813e+00
1.229294836099044330e+00
5.735563820480578112e-01
1.884592146457653161e+00
2.123908557768863226e+00
2.493286854949666953e+00
1.916103376566921757e+00
8.626869811166368862e-01
5.249553157843394047e-01
1.626839506929456780e+00
2.759974950921131320e+00
1.814989972332515134e+00
1.569688670696261834e+00
3.974075200275363762e-01
1.724346489041483022e+00
