5.271742562879824234e+00
4.206977798714902628e-01
8.201164924958562752e-01
4.272784863873532735e-01
1.028617809429752894e+00
1.889768734802231287e-01
1.823998302237977709e-01
2.092351585497728983e-01
3.060258072297273313e-01
7.957597226481900876e-02
2.813704928754753309e-01
2.119658435290751042e-01
5.154596361859099529e-01
4.184490957179865522e-01
3.800291679153353641e-01
5.602573910369914589e-01
3.765448326198351237e-01
4.110287959619667308e-01
2.570196964594775313e-01
2.988407675411796083e-01
1.861268424206557470e-01
1.605014168209685510e-01
4.031420037605520923e-01
1.721074318237720557e-01
1.099344486338947047e-01
9.385854901606244249e-02
3.023629111961561589e-01
6.455163974969742313e-02
1.740400400995664731e-01
1.637133388479797280e-01
1.228532393537666301e-01
1.178716516632379446e-01
2.131051337702601634e-01
1.418696004928619581e-01
2.462879135766814498e-01
2.215376851628482746e-01
1.607895368509487111e-01
2.342779669305171397e-01
1.592415103275669763e-01
2.726981252815123269e-01
