6.807190457295877017e+00
7.492881733667919875e-01
7.176524689847393335e-01
7.080757758354955245e-01
1.458325501022349702e+00
4.819112600948876612e-01
4.572803539953073648e-01
2.452250290911526798e-01
2.977244312706546214e-01
1.914885604566547439e-01
3.067338795614280023e-01
2.573245491406275787e-01
4.327944483200609760e-01
7.286170049542028959e-01
1.562828575650903884e-01
6.809849481688851069e-01
4.668450314142104651e-01
1.339761439645527352e-01
4.532787113534603174e-02
1.368465775755415559e-01
4.432946066404234720e-01
4.028438827953972901e-01
3.203290628812699437e-01
2.079220667873797335e-01
2.872533579273100490e-01
1.214818948914703628e-01
3.343437108609931263e-01
2.599155269948245084e-01
1.557753771012635458e-01
1.430894790579732845e-01
1.697194223178661310e-01
2.254951864418657526e-01
2.202653258633244515e-01
4.076453266758240518e-02
1.681743129707684026e-01
3.482963669218792635e-01
7.558527826318658938e-02
5.019055521208078824e-02
1.716734987326981321e-01
4.633552729361762462e-02
