9.425996823088146570e+00
6.668212236356412248e-01
7.118001826557400769e-01
9.324329512160998146e-01
8.719538196224727589e-01
1.015318640816565005e-01
9.897151431711193048e-01
1.681948673521289628e-01
3.257517746556314320e-01
9.181166027639411920e-02
4.116094882482507905e-02
3.779746348710718573e-01
4.198709424344136409e-01
1.691482857787160454e-01
8.939867299367881825e-02
1.592045476677119153e-01
3.460329370554429129e-01
2.524704170499440514e-01
2.552810935903006562e-01
1.677793447349290867e-01
1.824960675146418410e-01
2.906690891879545879e-01
2.559068766775628445e-01
2.162769046645845461e-01
1.018352737153302157e-01
1.073334471685326169e-01
1.496054701390723274e-01
1.439634170312323047e-01
2.005337872676134781e-01
1.565413524367808007e-01
1.593267185932052965e-01
1.340618931341111542e-01
9.883001559007086045e-02
9.376041803081654191e-02
1.427758403347267613e-01
1.364573661058585685e-01
5.643353256088927405e-02
8.870165495956107427e-02
1.042704529457375573e-01
1.111476791935637476e-01
