1.540988604621565194e+01
9.974670497686161097e-01
1.788880085880717008e+00
1.068194461895437097e+00
5.464475346914641207e-01
8.325622435520912967e-01
1.092860907990596209e+00
8.076752953704698923e-01
1.318480285611047576e+00
1.169465497612680149e+00
7.112931983386819867e-01
2.768100102431156340e-01
1.056198305005248139e+00
1.155320279220167556e+00
3.501165174929565249e-01
8.430527951465225378e-01
8.970123892346494321e-01
1.034510940427505243e+00
1.493906288702820107e-01
3.400354203357734972e-01
5.007721759990795274e-01
1.108189290702472851e+00
6.284233841884629967e-01
3.647243617651436121e-01
5.272044098388773969e-01
1.861007097197747262e+00
1.077604328294606839e+00
7.736032333147777607e-01
1.140402696493151735e+00
3.869100695985159821e-01
2.578000965525422683e-01
4.334993585639299596e-01
4.033904502887823429e-01
1.016225740465850125e+00
3.933120778608894530e-01
1.249279117204291634e+00
1.603797899523572990e-01
8.963271279494916532e-01
3.675945246645679343e-01
1.309799831684657967e+00
