1.785588745003183817e+02
3.871301060395854421e+01
2.472230748297796765e+01
1.883796695473357730e+01
1.337521935778196180e+01
4.372879315504934361e+00
1.289172435869296507e+01
1.829533689850785194e+01
1.983362571937644958e+01
2.068364325830625816e+01
1.879101309568634548e+01
1.406810344092860809e+01
7.929727341740107072e+00
8.059731397084881621e+00
1.221606359292282562e+01
1.298718461591513318e+01
1.786079182444381530e+01
1.683961209279842564e+01
1.756512264399008671e+01
9.131684476102625680e+00
5.270127510931851056e+00
2.148557309805207538e+00
1.137580596806289712e+01
1.686063513908960587e+01
1.961711087771815087e+01
2.038044861772321070e+01
2.250663064295663318e+01
2.047450798904930025e+01
1.203925813871982697e+01
9.739770449128380747e+00
6.336318466950130457e+00
2.210226855633912635e+00
6.027483080934135096e+00
8.573869579376236061e+00
1.240564468268038212e+01
1.267502595266764409e+01
9.030105305560191198e+00
1.109618553179699774e+01
9.490499146547971776e+00
3.614938887899369124e+00
