6.526281944021783943e+01
1.892508530485895069e+00
9.775056532844828894e+00
1.994033654423725821e+00
5.879212498852371738e+00
5.900999831797713924e+00
4.598642146777859319e-01
2.223392215504278902e+00
1.849454585077904722e+00
3.136720059723120180e+00
5.958503642692983826e-01
1.291601584393996083e+00
5.231272433120472520e+00
2.612690784314270154e+00
2.300667096476700646e+00
1.633749496529837142e+00
3.558706120570245268e+00
3.953965917460629864e+00
4.250663595067726952e+00
4.433627317554045710e+00
3.339793638082558580e+00
4.004544720257043444e+00
2.033853774328722608e+00
4.106776254880722732e+00
2.533825082707991783e+00
1.677487421087630937e+00
1.704211694394370147e+00
1.407925040804134831e+00
2.162834067309745478e+00
3.885046977419241099e+00
5.345438142260788839e-01
2.335361873540949595e+00
4.315446994094933153e+00
2.505720156087210437e+00
2.884661187258198201e+00
2.988393392624287159e+00
2.168635489630874602e+00
4.140728680667353778e+00
2.568701595082568012e+00
4.840491143845691013e+00
