7.673551030530607875e+01
5.519793371648161084e+00
3.960833495892539968e+00
7.326786951373678303e-01
8.767349405348553448e-01
2.785319680078756299e+00
1.346017004820773577e+00
2.473686122840043633e-01
1.210951526489383090e+00
1.585133666128212937e+00
2.345769145226569652e+00
4.351953144723025302e-01
1.032616517544533874e+00
2.699853218547585865e+00
6.247100268735019668e-01
8.797453725939959890e-01
5.515212213893349036e-01
6.066371685103661981e-01
5.590617758927584058e-01
8.048999069688094199e-01
1.123968994777407415e+00
4.441402128583892828e-01
7.806228834956412399e-01
3.966360967148382932e-01
5.837085093726794849e-01
1.082673825199159667e+00
4.138183949146415630e-01
7.443838550547785538e-01
5.974344929399855175e-01
9.401532161168426605e-01
1.813563921258219969e-01
2.885164622396389489e-01
2.731742100864849032e-01
2.568477766520568806e-01
4.724838432151298173e-01
4.333498267877496923e-01
1.578391570963572355e-01
2.332650315554997689e-01
3.097100607686270046e-01
1.364693137521398869e-01
