2.624564961584561473e+01
3.900326039657864730e+00
3.794438805517015290e+00
7.719041623277458353e-01
7.907840450334442384e-01
1.391750130194853829e+00
1.263355727877114143e+00
4.340973154953925439e-01
4.800621451332913181e-01
5.364965261241068095e-01
1.366039446792712164e+00
8.557697144515103993e-01
1.473630510567415453e+00
7.548737297510907940e-01
5.042138129145921077e-01
6.700045330980192171e-01
5.085729443945312678e-01
6.199515425831279014e-01
5.942966128250284363e-01
2.381593249929781220e-01
7.595547493544118067e-01
4.143443157419838818e-01
7.796932049395219888e-01
4.748891609302731687e-01
2.118041241522539697e-01
5.853079664185230069e-01
2.078985324272440149e-01
3.061943233810167642e-01
1.289366001896694036e-01
2.249506649918458501e-01
1.922089361413277797e-01
1.721411173624835256e-01
7.620702915388707921e-02
2.272651719764913480e-01
5.114487492784096367e-02
1.855874668127933946e-01
5.707656625529031885e-02
1.168553803725434770e-02
6.912488992805072840e-02
2.647744419020904849e-01
