1.322750389692838979e+01
1.243774892600561843e+00
1.075547424971707633e+00
1.109753193829457807e+00
4.124510065030682626e-01
5.144207605731631050e-01
3.577080481034302095e-01
8.227409229869296903e-01
8.852721434861637873e-01
1.060111920923466178e+00
7.128979050709226550e-01
9.362972344013135995e-02
4.279996673881720226e-01
6.610954201228218530e-01
5.712930149680323089e-01
7.466365173665235888e-01
8.661543068274358825e-01
2.109675137215659968e-01
8.319168696861446721e-02
2.041956422884115829e-01
2.890351388810769029e-01
3.752519622038653080e-01
3.915589752206318774e-01
1.536995029128606360e-01
8.419953611688969775e-02
1.855931656072115354e-01
1.569912102068824200e-01
2.857326946408859647e-01
6.835985107765350788e-02
2.507360864867106964e-01
5.412030837596330107e-02
1.217573555996074169e-01
1.165453598383425632e-01
2.092903733204230787e-01
9.063874924583387171e-02
7.113755758889206415e-02
5.046934823236137041e-02
1.265644647337852702e-01
1.435528593059751667e-01
7.715112453309433405e-02
