2.342080942626838080e+01
1.566018534795855288e+00
1.148429841889214265e+00
1.041061805388756367e+00
7.662800509171755481e-01
1.672884150649814439e+00
8.667832140272601071e-01
2.258667498688478936e+00
8.759732173438378178e-01
5.684236417808082864e-01
1.644152388967420886e-01
1.204815528875846864e+00
6.107048505221475132e-01
1.073254807233794184e+00
3.965514189530436329e-01
9.135652937417532149e-01
5.154373925367667919e-01
7.610344190652129637e-01
5.823697522797678383e-01
5.392580895449345935e-01
7.711577511125465856e-01
7.821028334713493457e-01
8.650446710336594514e-01
8.482996139636619359e-01
4.648723153865383373e-01
1.329498867647564697e-01
7.040465453868252066e-01
2.909070163529325903e-01
3.466836250371165273e-01
5.448600686540541194e-01
1.837282380262648673e-01
2.816541036505510465e-01
4.114428102687827105e-01
2.057982365617808118e-01
2.555041571213567120e-01
3.155322104184351550e-01
2.775505314991054684e-01
3.631408204073067747e-01
1.964873615440995147e-01
2.052937494816315100e-01
