2.655132111950077345e+01
1.092717283355489855e+01
1.511241526574867100e+00
1.492806310864592589e+00
5.979720604046162791e+00
5.514268809029180041e+00
2.992935917622698394e+00
2.622697178029046228e+00
2.520879002437752980e+00
3.531040803246018100e+00
1.251099973696164991e+00
1.161673681204337116e+00
1.540794866586454370e+00
2.910474750729819426e+00
3.636853964782240212e+00
2.746310419367210987e+00
5.912958314974746665e-01
1.967621772128153923e+00
3.077771058741157084e+00
2.273336264711825372e+00
2.013594524645998529e+00
1.544271924619106562e+00
1.932167284437374954e+00
2.507356683840385791e+00
7.831635873026930872e-01
2.895346891910400178e+00
9.704963407255094987e-01
2.849009446281674851e+00
3.291850235176609463e+00
1.069907413292471743e+00
1.233676274195268929e+00
1.961196495792884908e+00
2.343692767859395509e+00
2.154236252119495987e+00
1.419375561373255268e+00
2.116899933591124050e+00
2.905923944862393693e+00
2.097088579764342153e+00
1.878261566168446528e+00
1.919324705494362959e+00
