1.101853205838234473e+01
1.171142476909369012e+00
1.432388770449157245e-01
7.446734823314126173e-01
7.849735896774123756e-01
1.119182756165311154e+00
3.149136422546099379e-01
3.938996793633988136e-01
2.482380293653406733e-01
3.551327945764144456e-01
1.052225577357255748e+00
8.840574953408077974e-01
4.623219918132669415e-01
2.316371638848468972e-01
5.737598338134610731e-01
4.074739681170727601e-01
5.192732200339063020e-01
1.689281654769140273e-01
1.594267495505084231e-01
2.116964330292757379e-01
3.427729014120975970e-01
1.276188263746984575e-01
2.668103256699442816e-01
3.086181568953345056e-01
3.565249300542860933e-01
3.851283427814037319e-01
2.309075066330759651e-01
1.712752412654805767e-01
2.236492139067252152e-02
4.726003270681627261e-02
1.117915572457863632e-01
9.863418705617940652e-02
1.110850882373594223e-01
1.436129111478748610e-01
1.293461047887720095e-01
1.050695265743566698e-01
1.407725728920957153e-01
3.629127830525200743e-02
8.486267254476756450e-02
3.123360165464201740e-02
