5.329568519713345154e+01
3.551553929505561591e+00
2.068520668601192991e+00
4.407247268526998774e+00
3.917884398428956416e+00
2.486993064183773416e+00
2.001738949363280895e+00
2.865915566973531892e+00
1.030908443369265459e+00
1.408324834170685769e+00
3.196174829935382711e+00
2.020737123127354540e+00
3.119515136058283122e+00
9.271611099680600043e-01
2.283275352433461469e-01
1.360005101928603466e+00
3.427215612220626539e-01
7.533920443907027309e-01
1.428132299938975169e+00
9.121661911086348384e-01
6.086766504810671163e-01
3.253593756652748969e-01
1.231633682101831218e+00
1.168358909611484503e-01
6.352998374181960672e-01
5.740274713238969762e-01
3.517500078693882037e-01
1.607928550979822735e-01
4.508853180117779469e-01
8.925382202797645936e-01
6.717666440074014922e-01
3.928758904217996006e-01
1.706231997667426725e-01
2.931654630393091820e-01
1.057149840522088879e-01
3.576836183511312162e-01
3.410314775002606380e-01
1.640794108594992307e-01
1.947710112738292865e-01
2.304166950370598044e-01
