3.863390813620815578e+01
6.118309738698161304e+00
2.625922488564335300e+00
1.172503081713994755e+00
1.928150607536351036e+00
1.100252223310266286e+00
1.808344306844459348e+00
1.206963719185404571e+00
1.469114045299712012e+00
1.277937212329907757e+00
1.146067890816055757e+00
7.777158121722447248e-01
7.918856379922614153e-01
1.077876296921866706e+00
1.354030687661343491e+00
7.070366369335820966e-01
9.855660413238055417e-01
8.323303184114269060e-01
9.754654325952865079e-01
2.693920688169719746e-01
6.918169143650709785e-01
1.170774316094464140e+00
5.340660669003809424e-01
8.127349996598799697e-02
2.425041674298367700e-01
4.847633523075436379e-01
5.752657970499018836e-01
2.869669620047300418e-01
1.279872395444668076e-01
3.145653386946664631e-01
5.313455631405432644e-01
5.971414690475417286e-01
3.746657377564695246e-02
1.155120944097913632e-01
2.663508686031496597e-01
2.180546081876892361e-01
2.361996810816505143e-01
1.929032644616141545e-01
4.844333229318045220e-01
9.094742596584999561e-02
