2.310468990974509751e+01
9.355102566912989470e-01
2.746706312421287155e+00
2.954971162518333916e-01
5.101181492616960744e-01
1.958317068654594539e+00
2.252312183082738617e+00
1.165747922933199510e+00
9.020802527248499292e-01
1.467075753770862079e+00
3.667538021311963492e-01
4.809008759273791234e-01
6.609009814454791520e-01
1.157046976606048494e+00
8.684088468638088143e-01
7.956182237036413252e-01
5.092397080375330454e-01
9.358193632140714424e-01
5.969387729693641509e-01
2.331842095861626774e-01
4.898682863885814309e-01
5.250452038063880833e-01
3.514267561083007640e-01
7.494795733323357245e-01
5.189116850643894496e-01
5.324819668277888107e-01
2.620784868169580006e-01
6.300959035644136952e-01
3.491081171772941749e-02
5.927329421330177484e-01
7.445282301400954483e-02
3.384462081756954843e-01
5.078581645422916013e-01
3.496176682745905651e-01
3.468546390955994374e-01
3.243605478048313118e-01
2.785709142129846883e-01
2.294925207962552893e-01
3.654651863665372424e-01
3.512176208572950764e-01
