1.811242948576354195e+01
2.218836358849790857e-01
3.660607154551939413e+00
1.008822041654041213e+00
8.435527292130328147e-01
9.121540191276716891e-01
1.981320913830141084e+00
4.656772305341767004e-01
1.915513765648040767e+00
1.033809414890224376e+00
1.405165009760686479e+00
9.334011904532877324e-01
9.549883659307737416e-01
4.683337127468245598e-01
6.113093767476412976e-01
7.279589795705952993e-01
1.511355645487440391e+00
2.956739229141276959e-01
4.086720709779239069e-01
3.986773872412852637e-01
7.526327013656307630e-01
4.687358257579922194e-01
2.773517099741818481e-01
6.492833324121816130e-01
4.608488388507165912e-01
1.190339510890074670e-02
2.262010884650131060e-01
2.289980188712822384e-01
4.184857953393980035e-01
3.304584565131771789e-01
4.905986089859417643e-01
3.499604648915589089e-01
4.742252332206944865e-01
3.788487976714925431e-01
3.875039357296663489e-01
1.966659484840355965e-01
4.753321363568820401e-01
1.766666058336126000e-01
1.824746808379406338e-01
9.882043281172218918e-02
