1.305143759214039534e+01
1.802565211497929143e+00
2.751400820768219013e+00
9.730849521096923693e-01
6.990203858624151056e-01
1.904997172696778263e+00
8.432292972019204136e-01
5.350966447565597139e-01
1.303293689792909049e+00
3.968009252976507639e-01
4.605632281816371409e-01
5.568912525754705634e-01
1.099364267562965125e+00
5.117578856462079440e-01
3.225977533470664738e-01
1.830855001490829248e-01
6.279101558207272893e-01
1.246129605051561479e-01
2.161258469179565267e-01
2.335177249689218137e-01
3.151133851027351773e-01
2.218637494964553480e-01
5.493379705127704460e-01
8.099239209728650857e-02
3.102655380447650324e-01
2.995969885837073687e-01
2.569561947419582992e-01
3.627122758878847941e-01
3.105971704230172659e-01
3.138581949933331727e-01
1.353329604405504316e-01
3.375288799759006975e-01
6.056567948631738640e-02
1.686671249824739371e-01
2.392686340498820230e-01
1.066977103647718805e-01
1.663639467361354152e-01
1.794512556039137008e-01
1.351921492710615735e-01
1.526378117957895020e-01
