1.769662413011439384e+01
7.535224135642718535e-01
4.350256604299482355e+00
9.206981855516573054e-02
1.069300895208033619e+00
4.875694446085705458e-01
2.376140851899155138e+00
2.602088189614353841e-01
1.926544640993594015e+00
5.289463794486813919e-01
8.377740747145253630e-01
6.543378156388894862e-01
8.005875726672347925e-01
5.306722624016173562e-01
8.565803665831801528e-01
6.097542674172093946e-01
9.560868573995716657e-01
7.222132882530762910e-01
7.947658791081172458e-01
7.347049532334982702e-01
6.701665120257191965e-01
4.025166714033169835e-01
2.030963538049080919e-01
4.156195274128321460e-01
7.493964755716375770e-01
3.184542093104814620e-01
3.985002815714899227e-01
4.784834755614899016e-01
1.163526131593567714e-01
4.235326930879641516e-01
3.322133534774262542e-01
2.874436785882923950e-01
3.674186378851645451e-01
5.578086207039978373e-01
1.887993264234346380e-01
1.979868516695220126e-01
2.588806680237989988e-01
2.708969454445955133e-02
1.489899531146008094e-01
1.546361551120962741e-01
