3.172639696967100775e+01
3.265711497479641512e+00
3.635114901788051078e+00
8.000481094181052910e+00
2.134549693269685466e+00
3.367494368991155618e+00
1.852005500324986453e+00
1.985730276355919033e+00
6.760412600660787863e-01
1.368149507791574182e+00
7.778257524003951984e-01
1.778282355361830103e+00
2.113186514597461763e+00
1.000692431310828523e+00
1.085026522131047333e+00
4.808085297244082401e-01
8.695092280513747607e-01
6.549981988881242723e-01
2.674133357748594286e-01
5.864717362449761717e-01
5.080350172040333234e-01
2.015876203227152663e-01
1.886449618388918448e-01
4.165890128235031908e-01
1.364057285895611260e-01
3.711984915487902548e-01
4.904149635631850357e-01
2.208169137273063576e-01
2.282366694198156021e-01
9.852246868505747102e-02
2.177431877755427736e-01
6.342686042823009185e-02
4.215884723383430122e-01
1.559640244692101219e-01
2.453103932937605869e-01
2.783387822041646364e-01
1.580251735843210825e-01
6.666743132616748113e-02
3.643027128472723364e-01
2.837017521466760894e-01
