3.832919964305580862e+01
5.254532507317097867e+00
5.024995733486826488e+00
5.614131358238247493e+00
3.227054730741299338e+00
1.901143743172898359e+00
2.069034777008459614e+00
1.626121071503348059e+00
7.049333646507923712e-01
1.464072820867050373e+00
4.887313285930881546e-01
1.882045827142974637e-01
4.961768298009769929e-01
8.190619724065081875e-02
1.962337368828077633e-01
8.404512448813079573e-01
1.507199634510236197e-01
1.479288729972404182e-01
2.122288964542937417e-01
1.141029030973175484e-01
2.937235043511984833e-01
2.035600401361722656e-01
3.259786434741342998e-01
3.933205933515348529e-01
3.309890381326701103e-01
2.023296574274478232e-01
1.063075209294614409e-01
2.238794437759319689e-01
3.526120328374443003e-01
2.002226795430210871e-01
2.032000571793846078e-01
9.607579697380701222e-02
1.990667786780013770e-01
1.058032680569034462e-01
1.276463825402332775e-01
1.905498888034705060e-02
2.598863913029396677e-01
1.306951101947270155e-01
8.717947817070208216e-02
9.724677978908723153e-02
