2.046802795504989092e+01
1.112133714872211687e+00
3.390199554243790714e-01
4.100704391020547623e-01
2.518358541782899085e+00
2.301207448674329914e+00
2.135914578666702646e+00
1.063087580960905942e+00
2.189007084471013886e+00
5.159638258933840760e-01
1.608264619733654532e+00
1.932570271639318937e+00
2.567242360608357199e-01
5.572004309667771826e-01
8.851386354584934724e-01
8.412925419983624531e-01
1.590831555575618617e-01
1.072043378046891871e+00
3.940419735156567849e-01
8.539703502158770831e-01
3.344333129997407728e-01
7.877608323696182191e-02
1.003109160306577263e-01
2.990235360816922427e-01
3.392939774609551318e-01
1.742411480860090178e-01
1.534145885108583740e-01
2.071293614379853543e-01
9.596815160354857377e-02
3.938493338809642696e-01
2.624653887121980445e-01
3.819179156767703309e-02
6.211865027656518490e-02
4.476021987171929090e-02
1.042325440911947010e-01
1.874354367103090169e-01
4.297533832618332106e-01
4.623227576815283624e-02
1.715547953823741700e-01
1.819260039784135197e-01
