4.452684537983695634e+01
1.850194046244718338e-01
3.725605100498232125e-01
3.025428826591565201e+00
7.095662590119250490e-01
2.453681145593251955e-01
1.161260802859261920e+00
1.263050154944722614e+00
1.532598371932910319e-01
1.614640214991613476e+00
1.183673481978642306e+00
4.290263010741141581e-01
5.162206921523619929e-01
1.202199909972532232e+00
6.298139856573399253e-01
1.543218774000158222e-01
1.344902669144539376e+00
5.870274706583353819e-01
2.647212939918759389e-01
4.938226633519050557e-01
4.530602629699019279e-01
1.873072599066030741e-01
4.566006656918540352e-01
4.339514175224164494e-01
3.865938892373556590e-01
3.921942964398401205e-02
2.049801398020040244e-01
2.946656163191177513e-01
2.296659300646384794e-01
4.884454941704324815e-01
3.495029044129889240e-01
6.241865113995763714e-01
3.855809804595309309e-01
1.965633132553132600e-01
4.062851688553522078e-01
7.071918440419512342e-01
1.580348966545477296e-01
7.316079153345463049e-02
6.244723870078943140e-01
1.011584214995463471e-01
