3.647941771784013554e+01
7.351800673479463200e+00
1.735689050965542490e+00
5.860606458039649524e+00
3.364290194643756671e+00
2.206662574330652049e+00
1.709069205585950879e+00
1.988347912677168594e+00
2.426015076111655289e-01
2.016859565055077463e-01
5.566474204163096573e-01
2.519825961332653463e-01
7.520876219157108800e-01
3.684521791982315886e-01
8.739409673523315103e-01
4.269036157713570478e-01
3.604437655546320340e-01
2.354189885771095503e-01
4.019234069551646527e-01
2.751549277596005427e-01
2.778406428413753848e-01
1.099528787219426207e-01
1.203283391202578656e-01
1.471486216731739682e-01
1.516120893093170496e-01
2.879751474966184555e-01
1.376085325605291565e-01
6.966201724566219167e-02
5.826302609556884005e-02
1.060944301435986781e-01
1.604582522561981972e-01
1.193449415731081820e-01
1.465687695427668191e-01
1.766279148572346136e-01
9.853646683637749815e-02
2.131341922411904635e-02
4.122887009387526946e-02
3.710794889578915290e-02
1.504544432208037019e-01
3.916319108423040041e-02
