4.936383060191946726e+01
4.961761818133150759e-01
6.724027355549159202e-01
1.503156581266686498e+00
1.963528783819409873e-01
5.239419182358090454e-01
1.786013309875450483e-02
1.551855906187276091e+00
9.865992610669424012e-01
3.300952112512378078e-01
4.512341582079998359e-01
3.606084513158287486e-01
5.927299678500961289e-01
3.905828975023952210e-01
2.488051306126952134e-01
5.016650780734760451e-01
3.482701590250334434e-01
3.575464966178566462e-01
1.668587895948233368e-01
4.076699695655245370e-01
6.345758219322042981e-01
5.518645514588474965e-01
6.866707535088332204e-01
2.629040079919077733e-01
4.056067266453464715e-01
5.513216558356617281e-01
3.636642866608584823e-01
5.233763250219038154e-02
3.133599947058728352e-01
2.833712754231880737e-01
1.619779465137625996e-01
9.083490505943599136e-02
2.389606475738435543e-01
1.595452311989135064e-01
4.986947426380147069e-02
1.868583923674975167e-01
2.323767041576419168e-01
1.331903885234052287e-01
2.608186225237897893e-01
5.802859518606662270e-02
