4.414175908597731279e+01
2.114142477961604427e-01
4.459752945132668955e-01
3.173266321546565294e+00
7.657360776322136298e-01
5.762869513486837958e-01
1.627772851810009191e+00
9.097900544543200407e-01
4.562644672870230789e-01
1.532027864439999165e+00
1.032204486996026516e+00
7.613346542750014656e-01
9.208053206187863937e-01
1.449775762028668202e+00
6.165654937928892743e-01
3.235744653056605857e-01
1.516452886328500727e+00
6.417958374501473440e-01
2.660104900667372707e-01
6.107660337172652332e-01
5.300743625711882290e-01
1.731629068095117685e-01
5.091065800584054779e-01
2.008423058512565085e-01
1.928170387079627401e-01
1.654615869688513541e-01
2.948465015849136561e-01
1.369653816491696041e-01
3.950645718894623126e-01
6.539266438626111233e-01
5.567994163265771457e-01
7.082069940710817857e-01
5.197827762230489146e-01
3.576093770262097626e-01
5.634295647046222433e-01
7.846618553026420972e-01
9.360181164325648284e-02
1.714377648813834865e-01
7.846403377905067922e-01
2.588773331191135396e-01
