1.553589832975547935e+01
5.075911082456044277e+00
3.378338629423293327e+00
2.317550585257917461e+00
3.238294836919462849e+00
3.934494902942390127e+00
3.857431506321905790e+00
1.785222006937636774e+00
2.311546393328805404e+00
2.632802978848702402e+00
1.774131506704928585e+00
2.146221399501872629e+00
1.318099515494251639e+00
1.578951644935195242e+00
8.277237300889511706e-01
1.174162584281709387e+00
9.680209014337748386e-01
8.981979988679509308e-01
1.304127383951470431e+00
6.821373688049493511e-01
1.248034617752260989e+00
1.216306421126091442e+00
1.146898287748409739e+00
1.514397534051394212e+00
1.035299698403759905e+00
1.089364274941895028e+00
1.171789956893235951e+00
1.470112460103755403e+00
1.272331388164747112e+00
1.280286944920587144e+00
1.476831793283628125e+00
1.721971259955354938e+00
1.728569867277581107e+00
1.720940090704376590e+00
1.777104088454142472e+00
1.523669628000636322e+00
1.398561389009228106e+00
1.267809250054567682e+00
1.358993916719772432e+00
1.384854738136483743e+00
