1.729791930402467415e+01
3.486414094985414103e+00
2.356896367054939656e+00
6.297152932221510291e-01
1.454655534500606473e+00
1.471101267801247614e+00
3.015797966968235322e+00
1.309984491244355231e+00
1.506319372668020184e+00
2.394246934384418324e-01
1.044131327823350608e+00
1.710364485443156557e+00
1.414240518821298087e+00
2.011294711107520339e+00
1.804849673451179859e+00
7.188495892568330659e-01
4.365005998402800569e-01
7.411123597549320596e-01
6.735989601144440897e-01
1.268702400286603416e+00
1.122245771858757513e+00
7.298442331749115386e-01
5.883616893950224247e-01
5.694780219587456394e-01
3.062151540632017666e-01
9.368149133147570806e-01
5.913438390654738308e-01
8.181643413489584349e-01
1.312041528945272928e+00
9.095887448220879579e-01
9.342878688133080534e-01
9.725167341369705953e-01
3.253614593206267669e-01
1.136728199382966764e+00
1.128818221221510987e+00
4.010493439876681721e-01
8.202805792996886725e-01
6.440258877044126029e-01
4.912992281330120226e-01
1.412785449634982093e+00
