6.031424483619288068e+00
2.049809032106459039e+00
1.004618173254949065e+00
1.765274253115511449e+00
1.275784500145549449e+00
1.270545011455388229e+00
1.110765669896785601e+00
1.434301455969370309e+00
1.077563707231310675e+00
9.117157026190175761e-01
1.177959132841833956e+00
6.930405389433036412e-01
7.187533450916046007e-01
8.815188868275055656e-01
9.408720056959337663e-01
1.079138441097890366e+00
7.361984660571465611e-01
1.063702577831937779e+00
1.218028705981464288e+00
6.086304725881801492e-01
1.027809119782023828e+00
1.125866486917127984e+00
8.701187750922289021e-01
6.457294106491811014e-01
9.285764665528303263e-01
1.240072252834719002e+00
6.694382854901488322e-01
1.018878367891284054e+00
1.249438976023401038e+00
8.012301151028629054e-01
1.006123025459764397e+00
8.914788246821465645e-01
8.921950117249817236e-01
7.636052505701337312e-01
6.768603906264559766e-01
1.152436187193464079e+00
8.527788097169107795e-01
1.009195826263399987e+00
1.120835589208173166e+00
8.668755951006673621e-01
