3.578540400774355312e+00
3.977706937408415633e-01
1.146453030057119626e-01
4.599724285332960627e-01
7.234011518304060973e-01
2.235403798206423154e-01
2.489033836767652885e-01
4.409527077505906445e-01
2.143108689680804368e-01
1.339764696418018763e-01
2.283782507933956596e-01
8.370851056469701124e-02
8.104060988197321624e-02
1.829028466277139164e-01
8.805368122093887306e-02
3.199779098961181845e-01
3.278737865618858160e-01
7.416427636511201127e-02
4.047092479065722559e-02
2.483953987181912737e-01
4.781048681279991830e-01
2.960509353353170114e-01
2.616629898663664355e-01
2.904700885541161015e-01
1.977956055339616936e-01
6.803001465555352789e-02
1.011744157476590356e-01
1.335927790536165227e-01
6.362226575285358232e-02
2.042606526718422078e-01
8.000007382684176660e-02
1.714277044750542878e-01
1.413356291337282966e-01
5.204692239257815295e-02
1.778339268583752630e-01
1.790031134112150257e-01
1.218321708787321739e-01
8.442238584316463790e-02
6.269864300791640199e-02
1.148566286739310521e-01
