1.528699193078364615e+01
4.509671322558215678e+00
6.241016187500052048e+00
4.380309328163427551e+00
2.025484031831019216e+00
2.621910244282589897e+00
1.358703308174911806e+00
2.272736364365091077e+00
8.367132264660095409e-01
1.886756167413812912e+00
7.957987491783158340e-01
8.379023273199132094e-01
1.208737509788853082e+00
6.458760335027775579e-01
4.066544685405471538e-01
1.364519733068444651e+00
2.766610941384887723e-01
1.260420434854713445e+00
6.757375799799342220e-01
1.388637652806686162e+00
3.956431618136566630e-01
1.288500873830412896e+00
8.833782126310194549e-01
8.800753215595228385e-01
6.498963286626223690e-01
8.505892467132167845e-01
4.500810034742518395e-01
3.556192309494911052e-01
8.514969809901520303e-01
8.796145626244312732e-01
1.176614990389305060e+00
4.135090611740045441e-01
1.075751166682868076e+00
8.310128148166048279e-01
9.501677082373924943e-01
1.779080112308526473e+00
9.035250622184718416e-01
1.121197139620223604e+00
1.580745146378596644e+00
1.106783621112541027e+00
