5.886560942651808404e+00
4.908450944075097855e-01
7.441566365479549416e-01
6.937183041256634874e-01
5.178566204602512713e-01
8.357295642947744352e-02
6.333050440960829031e-01
3.888135013212024593e-01
4.793794863652033889e-01
5.077565431270532059e-01
1.934316035833611724e-01
6.964248509724466629e-01
5.106941781384909396e-01
4.398302070739401048e-01
2.555078692012769936e-01
4.919429610506131367e-01
2.540444498312578459e-01
3.930922848615592269e-01
2.263896200989132801e-01
7.273509999461487130e-01
1.021297699298436418e-01
4.460766484644554386e-01
2.453176887166658715e-01
1.484764968396941331e-01
4.707964651519568888e-01
2.481467719637437397e-01
5.298383501035238557e-02
4.000459543999712042e-01
9.729861458717196931e-02
1.755378390335131933e-01
3.578833170029662170e-01
2.219181744226426667e-01
2.231692510946644836e-01
2.130945304474930191e-01
2.491250260912747927e-01
1.494624566487918471e-01
1.023501250347640112e-01
2.154294129940300673e-01
1.406413248353318990e-01
3.142442305790441592e-01
