5.241936176042434781e+00
1.542145718718776592e+00
9.031557353412470457e-01
5.044471902130130969e-01
9.234614905611692182e-01
1.116569510853041791e+00
4.942488257382247618e-01
5.348170059600325654e-01
3.085733244601128189e-01
7.633353459395437746e-01
1.258081415463444819e-01
3.550758553191925571e-01
6.450958000080726507e-01
9.910814727219811049e-01
5.444951162316206128e-01
6.492018019381091687e-01
2.157822917083367376e-01
1.467376813612140674e-01
3.425512282909185524e-01
2.305682364626874536e-01
2.038910737558869701e-01
2.235409791774319865e-01
1.455953565887673773e-01
2.649302792537892581e-01
2.355471148701761275e-01
1.385482395587839533e-01
1.790375473895418346e-01
2.186948571905610872e-01
2.368922347411942797e-01
3.749771302837958675e-01
3.401531134551545321e-01
7.351183395381349905e-02
6.649573524448817996e-02
8.978105850687587153e-02
2.376769362099569738e-01
3.078722783578389244e-01
5.014106833649222689e-02
1.846914720653068387e-01
7.084526135632311650e-02
2.821879840922792981e-01
