5.357031193568253968e+00
1.609661486595174607e+00
7.740816338895470938e-01
6.198796177487220227e-01
8.611314004301603431e-01
9.823843301696854047e-01
4.814557385829293934e-01
5.129385326892386132e-01
4.018429620575930117e-01
8.388900773607930184e-01
1.381587162928270274e-01
4.133435299926943585e-01
6.110068905664658434e-01
7.309742262514991040e-01
3.203671804974635995e-01
7.680023519582884761e-01
2.063910054913208891e-01
2.372934272672700129e-01
3.845854233585775384e-01
2.067603074378837336e-01
1.128548197751911841e-01
1.127260832749638481e-01
3.443604123595775390e-01
2.786067654279313355e-01
2.818807059634385603e-01
2.195119670904422393e-01
3.189009405574474987e-01
3.528893064988501971e-01
7.029003223560009728e-02
2.694217873449848977e-01
3.603996156370692372e-01
1.924345632298270770e-01
1.546306233717212320e-01
8.512296625320096843e-02
1.933892963018045419e-01
2.206983286834867664e-01
1.492096965122206575e-01
2.876829363003459705e-01
2.873298221454609891e-01
2.505560308198743202e-01
