3.352506642084448174e+01
9.730263767002236719e+00
1.510371223743743663e+01
3.117776447622649272e+00
1.388440072568032235e+01
4.715345326646180446e+00
5.933721500611301991e+00
2.067817026739450892e+00
4.852606213518202871e+00
5.265609256982530795e+00
4.232093594949906112e+00
5.898622174273295826e+00
6.770559001139385025e+00
7.968798143663013533e+00
7.644936808368747450e+00
5.856596719351388813e+00
8.842647356201437603e+00
6.572146917204999106e+00
1.093317404909044299e+01
4.609501096082214922e+00
1.041925389385679779e+01
3.312681835350101078e+00
8.402010101973825584e+00
5.935670017410974886e+00
8.944921048213942072e+00
4.630757593588811005e+00
7.240865635254143839e+00
8.041175554280689752e+00
6.015026107165470037e+00
6.744682702066911340e+00
3.967422895057071575e+00
9.140617272409786054e+00
8.054133927858591946e+00
9.093687762449095047e+00
7.626890568906159018e+00
7.925331644531146580e+00
1.008851055607421721e+01
5.725391049109708419e+00
7.805197088241086156e+00
1.978559063477549618e+00
