9.340256156991987524e+00
1.209735969209525308e+00
8.078068094134803756e-01
4.455870986144962465e-01
5.839869602833083206e-01
3.334239334759765416e-01
4.930945575850371188e-01
6.871556468968349485e-01
1.158337304776235754e+00
1.457812447233446607e+00
5.843337430223931594e-01
6.348463440008055292e-01
8.012237015843268750e-01
5.238598809611726415e-01
3.361649843713409025e-01
4.316441703054837431e-01
1.298549629343929146e+00
2.644012488492686330e-01
2.705918638059546799e-01
3.677553399069655171e-01
2.737940021371783605e-01
2.423463402993974170e-01
4.587278368814762808e-01
8.043990914632442868e-01
2.433121122216329590e-01
3.034760529506768112e-01
3.295067214615107209e-01
2.639803836406665050e-01
2.883962113784189207e-01
3.842171954896993480e-01
2.818223100231385114e-01
5.761908661304850909e-01
4.328479785320338280e-01
1.142100713694233216e-01
5.294282171848404550e-01
2.186192203510806953e-01
2.922430897008500561e-01
2.764137086582702657e-02
9.390603736765160137e-02
1.059655785568865416e-01
