2.363791192887407533e+01
5.472608210869361223e+00
4.298783988638590792e+00
2.983530388571101977e+00
1.255496585480301519e+00
3.665218289067279644e-01
1.265574673851912246e+00
1.899027371254817798e+00
2.310891124955005260e+00
2.396281938871657413e+00
2.039809539146599793e+00
1.620199903967272093e+00
1.683569604271150100e+00
1.868523458216175381e+00
1.717525611151150100e+00
1.390846992763511869e+00
9.601272113636691863e-01
9.731054688870275360e-01
1.183225755067504270e+00
1.461915864737119986e+00
1.984390132317050970e+00
2.010372821774629504e+00
1.763636865813045018e+00
1.376100225274051736e+00
4.230830701230314794e-01
1.053128922097994025e+00
9.723582348786027341e-01
1.645650332508510783e+00
1.643543807647765309e+00
1.556621914863565159e+00
1.235234974867824853e+00
1.182649456843272828e+00
9.448304076432448850e-01
7.864483570884601704e-01
1.183665503597983726e+00
1.279748925730724851e+00
7.214170160007630228e-01
5.461682097804786418e-01
4.677501340466939661e-01
3.160977362493557208e-01
