2.869060737338149814e+00
2.301708766279566276e-01
9.231043706347729083e-01
1.732043205312271406e-01
7.541918274667152033e-01
1.090374250492273239e-01
2.594547462007903982e-01
2.571441317884793354e-01
2.173530111479045623e-01
1.530182030546137772e-01
2.604666091407897843e-01
2.680803082218731759e-01
3.991077160944700997e-01
4.449396808814207738e-01
1.953397367598866674e-01
3.198529133520330858e-01
2.972042726226782894e-01
2.816506736126472288e-01
1.499212980193972145e-01
1.611364314784726470e-01
1.062839701274745641e-01
5.367604477432054433e-02
1.964461275617677971e-01
7.776748551566606271e-02
5.951805420006391761e-02
9.385665270332664567e-02
2.249121934092222774e-01
2.660755890329434548e-02
1.835011191358837113e-01
6.473667663616865242e-02
1.603176662960135168e-01
1.832842757779873100e-01
8.468668268435322610e-02
1.856246375515094582e-01
1.388742132532697071e-01
1.907918406221757179e-01
3.391976372227686887e-02
1.412193985991077316e-01
1.595357918704495004e-01
1.657833523305049239e-01
