5.187074558602598984e+01
4.204151093232485437e+01
2.954116881256994276e+01
1.567357368474619150e+01
6.813562744593749443e+00
1.492377250296952340e+01
1.934973785404804048e+01
2.361201710404796827e+01
2.368791170751710240e+01
1.795731327600958593e+01
1.078099733746974032e+01
3.932495348916573707e+00
7.586977329053180341e+00
1.168311844832447122e+01
1.365493831906849742e+01
1.337140239569835742e+01
1.066156626752696290e+01
6.997766678900169346e+00
2.827218799752617695e+00
6.812690459256121045e+00
1.140156920965460685e+01
1.419451437099097291e+01
1.442982339394101388e+01
1.239316915311676581e+01
9.326532414052399744e+00
6.085454938287534254e+00
3.092032165800135068e+00
4.908645388340009852e+00
7.285327150524984141e+00
8.630046466031011221e+00
6.686600603591972281e+00
4.632503989339883610e+00
5.885084308147758847e+00
9.531694930799774923e+00
1.189755247607625321e+01
1.328323455775181117e+01
1.382546473767919082e+01
1.241084417958053621e+01
1.013995606201522470e+01
6.325900736650264200e+00
