1.170809753722421220e+01
6.598271991626043942e+00
1.558634558278752857e+00
2.946853092118090878e+00
2.249601602267398359e+00
1.279145879809704400e+00
1.811847265490338366e+00
1.330423603405455291e+00
1.395217468353588952e+00
1.807306107088793856e-01
1.851915817737959546e+00
2.976930789650888531e+00
2.532677794656701842e+00
1.816978578956740087e+00
1.450214456145793029e+00
1.035733872090280006e+00
9.747956221489015860e-01
1.085437209965976368e+00
8.879118683760299779e-01
1.155999310297401772e+00
1.579587750659226408e+00
1.674371222051807662e+00
1.472929238870240187e+00
1.875256293598032808e+00
2.062888631039185405e+00
1.499229103077936331e+00
6.763285227015981560e-01
1.165752959462507565e+00
1.612584567777947564e+00
1.223099929725435020e+00
1.004328146087694718e+00
1.076048599799118488e+00
1.209995368477792210e+00
1.229216148184533175e+00
1.221776140248761244e+00
1.337029273137752883e+00
1.482489123115879215e+00
1.220352605523396639e+00
8.767837861033611624e-01
1.101930451585838799e+00
