3.592541775160184692e+00
1.653186157325093608e-01
3.581559747222781143e-01
2.863035042742101965e-01
3.580575707694194643e-01
2.231996173507382331e-01
8.374679671639934098e-02
4.113940515101249251e-01
2.014879342514667437e-01
1.607349068834891814e-01
2.927086107561125417e-01
7.763163306836508293e-02
1.080327933204287272e-01
1.414110125870143009e-01
1.608760536338898761e-01
1.199492108454707912e-01
2.067023500318376228e-01
9.897344996888385316e-02
1.861916321257644780e-01
8.640101294462300408e-02
1.767930321583379150e-01
6.341602756222336490e-02
4.929193391953080872e-02
1.330938869244126521e-01
8.717473920670536225e-02
1.378403905667834606e-01
1.322188142472325856e-01
9.274380864418477199e-02
1.412997266479578407e-01
8.625386443330382291e-02
1.445830417829682413e-01
1.516956783004013709e-01
1.016512711905140226e-01
1.481824696762127080e-01
1.341591313893191750e-01
2.403501321702976312e-02
4.646987107741454986e-02
4.894099864135685596e-02
7.377768464275345772e-02
9.626952434703878181e-02
