4.889370346646364851e+01
1.549428172827158612e+01
1.147978512667409134e+01
3.216471718539414937e+00
2.056533052816795326e+00
4.913208613087277854e+00
5.597373954084488901e+00
1.168375743154875046e+01
7.302136229947452151e+00
8.873060044061981344e+00
4.629978915518937477e+00
3.577023284631090316e+00
5.211774146451522149e+00
5.714062134787644354e+00
7.295691839453914085e+00
6.443940704110272755e+00
6.253511667509312311e+00
4.269044962524631615e+00
2.608674813039065121e+00
4.199287919579253625e+00
2.890731402134582684e+00
4.212556200259335526e+00
3.425965860394450502e+00
4.691160216346270673e+00
3.479502673178791028e+00
6.640621681211766880e-01
1.683824463271482497e+00
2.357827884294606324e+00
2.800478961721441618e+00
2.721606372545089858e+00
9.802364715322998689e-01
1.716512330862955293e+00
1.753179231286571271e+00
1.486211426896319576e+00
1.195705606029988433e+00
1.128153174566503214e+00
1.350716731428275086e+00
5.242064270249284785e-01
3.934870626184511777e-01
2.170053982018519623e+00
