5.075746270148613348e+00
5.186596692690420562e-01
3.091647359892374936e-01
6.158671693332450348e-01
5.485168346100603998e-01
2.214755639390166009e-01
8.534423958467879379e-01
5.682984758134732584e-01
2.292342465345465763e-01
4.880053413347405500e-01
3.256367069828038086e-02
1.777276726930661910e-01
4.856802961464492530e-01
7.856832534204134799e-02
4.656577877588025799e-02
5.934328351727313766e-02
1.720682535393969759e-01
1.265910434596463352e-01
2.100548493201100375e-01
2.305817251700782444e-01
2.164462690910605447e-01
8.150679676411751173e-02
5.863158987188332727e-02
4.779335256272044391e-02
8.025486138277314330e-02
1.156814294851155195e-01
2.344690201802782092e-02
3.278413004235045114e-02
3.933430663581884840e-02
1.398395797611114849e-02
3.940629491172920051e-02
1.512086950518762123e-02
1.683028594843147610e-02
7.957165549732424237e-02
6.099356049096527066e-02
7.766170126240522220e-02
3.291308648403543091e-02
3.152319610524472598e-02
1.972801560414076325e-02
3.058509704407317426e-02
