1.077481675832215302e+01
2.293048726293073880e+00
1.132328216590412051e+00
1.642647118105714510e+00
1.268536484998059599e+00
3.989451852418384181e-01
1.303058625617412591e+00
1.174401142437071055e+00
8.881921443824389861e-01
8.200814320126185164e-01
8.130301316079693863e-02
6.184033174432429503e-01
5.139466783819305329e-01
4.843152880088165690e-01
3.034316632675020942e-01
1.088256211492928172e+00
3.530446043128899203e-01
6.592154250091436518e-01
5.285193984241317589e-01
1.865007189891856043e-01
4.172808774080728478e-01
3.258238568631363075e-01
5.464951793915476808e-01
7.431969916954850319e-01
1.696987889357687018e-01
8.811499492399235134e-01
3.768498725817697736e-01
4.047787072471266678e-01
2.262652222225323972e-01
3.489159678041681700e-01
2.159085700677060293e-01
2.216836374339883620e-01
4.645620620435785830e-01
1.155371803865246350e-01
5.308735623749225585e-01
1.268272643477600103e-01
6.955641953840396852e-01
1.552129342211296115e-01
9.559681615056175863e-01
2.137215239558939162e-01
