2.268372425076860566e+01
2.318838610494138308e+00
6.172880209867902535e-01
1.268016826312106105e+00
7.909501248254038330e-01
1.236426138959111576e+00
1.017788419698768099e+00
1.001402600744687454e+00
9.438835727419216948e-01
2.100035931212695939e+00
3.021603318393171200e+00
2.073727093108875152e+00
1.506248982124031688e+00
1.046661593635801468e+00
1.823667391848630359e+00
9.089011541985246856e-01
9.593568636843400332e-01
1.211244909994843910e+00
3.467474102234229805e-01
1.262493423490845146e+00
1.135645925724839245e+00
4.611193683956831824e-01
7.099939886666233324e-01
5.051260477398418214e-01
7.729105817905674858e-01
6.832851484946465825e-02
4.257875081789240790e-01
1.933536858440076667e-01
2.562033260186434847e-01
4.838101254918396044e-01
5.098958576714316404e-01
6.919807819035992402e-01
2.009570123331058389e-01
2.060257411665927241e-01
2.555958663131027153e-01
1.872167936532865007e-01
6.199900834514696646e-01
2.935880270480198395e-01
6.189548277276132326e-01
1.820995064502303196e-01
