1.261937544990942328e+01
1.802961849189832932e+00
9.240507621959216378e-01
5.543807296212538427e-01
5.818285542896695084e-01
1.268048160166523219e+00
8.872198457573297059e-01
2.647363045710701690e-01
3.231710994555015426e-01
2.144676623976281005e-01
2.688928915922501051e-01
6.333102009770338325e-01
5.489567246243525211e-01
1.187479404486498635e-01
5.476186314228757013e-01
2.717144395391900003e-01
4.395257325281925476e-01
1.646581913519510609e-01
1.891531154250245261e-01
3.573882059379775988e-01
4.261364026384194537e-01
2.638547777931239402e-01
5.815575968788966321e-02
1.441648535079246285e-01
1.299006225757224353e-01
2.055803754887543244e-01
2.755691398411515280e-02
1.663897772473952597e-01
1.099025090453850384e-01
2.707324488831706066e-01
2.945080995806229063e-01
1.378480142421203702e-01
1.738615931028415773e-01
2.268735272360527799e-01
2.517550050828912811e-01
2.278578738117083002e-01
8.657468517474138647e-02
8.882294784254848863e-02
1.531809919494922234e-01
1.262375705815051430e-01
