1.848037462172581513e+01
2.497790425478727538e+00
6.544438862287312197e+00
7.496908703262041840e-01
1.430887944201893580e+00
3.411390406592850422e+00
1.467151734624490889e+00
3.053750413540397446e+00
1.808458303847780169e+00
5.718174101945263654e-01
1.210303602320212502e+00
2.647960569634373762e+00
2.321946410583689335e+00
2.160960357371879415e+00
1.722099096506884530e+00
8.249522653340369827e-01
5.129626825775558396e-01
1.339398917516738896e+00
1.530520485288229038e+00
2.110305660666389915e+00
8.046310940927040578e-01
1.459351107804928382e+00
1.006768659658986653e+00
7.282142488985542395e-01
2.339814550340391652e-01
1.064630781524280589e+00
1.580637230617019662e-01
4.402029551124206352e-01
1.659497596346769244e-01
2.900796711854498056e-01
5.231814060893351659e-01
4.233368463074299037e-01
2.401746545265370236e-01
4.595625681001450635e-01
1.095430370243027501e-01
1.794012119993992904e-01
3.071538320368559227e-01
3.400694661609667824e-01
4.199814052575543410e-01
2.441885117087683188e-01
