2.342312722612894405e+01
4.589075323938033968e+00
8.719216820515817146e-01
1.856040511489797540e+00
1.443369666846782584e+00
7.354778787539675289e-01
9.737196181059951661e-01
8.125949067079694110e-01
1.057470912424932630e+00
1.984781138856579696e+00
1.860461104268804622e+00
1.595492286955810357e+00
1.330767798446817141e+00
1.978026211222869257e+00
1.452801610716142111e+00
1.438942729445223279e+00
1.435112432914470437e+00
4.371227820475329651e-01
6.532867030154639876e-01
1.094659103603576655e+00
6.494153227534064099e-01
5.899135762434228880e-01
1.264928319960406000e+00
6.895629777497429558e-01
6.984838966340783939e-01
6.680374823634392945e-01
1.352764338561694424e-01
7.701219128459162455e-01
3.490478119389851530e-01
2.780189981459266768e-01
3.628750753983179811e-01
1.882561362586021025e-01
2.309485656639515827e-01
2.729895857404968096e-01
2.851357626763133535e-01
2.995298236259575919e-01
1.214164872197218137e-01
2.706622880200557080e-01
2.973855911446026123e-01
2.752493800573928562e-01
