1.979300867037710887e+01
3.078702472042829541e+00
4.138957257083629493e+00
1.966368755111685518e+00
3.128296435907190531e+00
3.101035442133044939e-01
2.437733083787526844e+00
8.208120657350210791e-01
2.406439991776349707e+00
5.978402062670566952e-01
1.412233415213071774e+00
1.268582985344869130e+00
1.308543920345834888e+00
1.158952841275244783e+00
4.234378054956501880e-01
7.783281548221755441e-01
7.394739032201272932e-01
3.269167702287850696e-01
7.284998971523432010e-01
7.392273713740988850e-01
6.935887847715316301e-01
1.722444526310023538e-01
1.379492342416934747e-01
3.639020534234175819e-01
7.396499577839059647e-01
2.655825784056598526e-01
4.538233160382877940e-01
1.269207780813298991e-01
3.351545231240382061e-01
8.236500361895390809e-02
9.156483562562345302e-02
6.330684636709678348e-02
4.252264304598049605e-01
1.917465513703356383e-01
2.496871125258586510e-01
2.237557380995878198e-01
2.650628058311285673e-01
2.356177303796345157e-01
1.358023195861463306e-01
7.750369950155115706e-02
