1.211758892778994579e+01
2.764861654004031610e+00
1.763239422147046653e+00
5.854565272128777753e-01
1.321525761110278196e+00
1.466816653867654141e+00
6.121869646129644016e-01
3.911368924574090133e-01
4.800729522977045804e-01
5.607566168998473488e-01
1.710865983737972773e-01
5.030184122232803645e-01
2.581206414410584515e-01
5.016942588608601650e-01
2.231231162383006117e-01
1.857904563228939820e-01
1.460813210538943474e-01
6.244870928533190896e-02
4.312247243865496155e-02
6.962313059222380307e-02
9.862556564532416747e-02
1.834285280635801207e-01
1.183783936010807669e-01
1.224110382398313907e-01
3.322259927135273738e-02
9.324385089770803603e-02
1.033342267892781580e-01
2.131694522057902760e-02
1.360630796288872339e-02
6.537614853635974332e-02
2.958465810777160393e-02
4.994243226856768386e-02
3.115006329408464072e-02
5.561962542912324281e-02
1.199201019306151902e-02
2.135468012205178970e-02
4.676421642461196793e-02
7.435034220591948441e-03
1.160631876814095451e-02
4.101170140157205102e-02
