1.069194520969214324e+01
2.234610378491548310e+00
3.686778919516203179e-01
1.379238441656836622e+00
7.610900163017909614e-01
3.557164587067116468e-01
7.462098818501841091e-01
5.008883802205651437e-01
9.399542374573862658e-01
1.684683004464154199e-01
3.223704362484654529e-01
1.942464699121493887e-01
6.056841346407693116e-01
9.026770579752025903e-01
6.787375090226488439e-01
5.006975074255546332e-01
3.278356961687196591e-01
8.490644474396970010e-01
1.756141670057266568e-01
1.644085904460561853e-01
4.238184994949443785e-01
4.713723511596812910e-01
3.863005058331158703e-01
4.231825684125615217e-01
9.152720252719830085e-02
1.793526613696272420e-01
1.503948420001820496e-01
2.243156270018228093e-01
1.703612125846635517e-01
1.338558076056073631e-01
1.325959503447636523e-01
2.184770517679231472e-01
2.068337531008504482e-01
6.241416682938175781e-02
3.177909590649963256e-01
8.909884654293288853e-02
9.612968251084220983e-02
9.174442079551783924e-02
2.543996631218443660e-01
1.205897225760168417e-01
