1.114671849231227796e+01
4.325134356380290201e-01
6.615472351426125996e-01
5.059243849287630157e-01
1.135384289229056876e+00
4.098101915983324850e-01
1.961218582703772473e+00
6.458111669039905411e-01
6.878399870825038231e-01
3.365094192993334787e-01
3.052766299174201059e-01
5.175492436365336513e-01
1.900434547291371123e-01
1.565864100957663485e-01
3.093253867158596293e-01
1.646642428524972002e-01
2.291570164624668476e-02
7.298835394013551692e-02
9.623165716455744922e-02
4.792850628085122688e-02
9.203709563113042502e-02
1.403822633805836551e-01
6.242287576011650019e-02
5.343058370986678712e-02
1.542942193987908717e-01
1.326518504174368507e-01
9.017454128425299309e-02
8.999694252860432342e-02
1.335390170549741740e-01
5.769764464971047918e-02
5.741061650481963513e-02
1.561632049297162483e-01
3.139215195561550348e-02
6.608243010968471720e-02
1.036010248677033882e-02
4.574673837544392802e-03
5.440602554869936047e-02
3.282547037829531417e-02
5.059442450981135875e-02
4.460060830586994041e-02
