1.101716550054381116e+01
1.016293385511625402e+00
1.724122564803069801e+00
1.414309678102764201e+00
2.192771756099830827e-01
1.380668134250092161e+00
8.853433680906626080e-01
7.443620132308684800e-01
1.775507890311068149e+00
2.602060715410050573e-01
1.233040106512707235e+00
1.097457717074721506e+00
1.476510258294501554e+00
3.516660732755789165e-01
7.032522964661758191e-01
2.781273755919718149e-01
1.449744410965629893e-01
9.703055630810061838e-02
3.289053784425459703e-01
2.050190737080501147e-01
2.087838535159928233e-01
1.677705767140294790e-01
2.362194697302203716e-01
3.208070486553873391e-01
3.739752045793711677e-01
1.605445819519310535e-01
1.231713647551219287e-01
2.776100330246353831e-01
1.570903096070970228e-01
1.973746132487068095e-01
1.554233277013058467e-01
2.504209295918027878e-01
2.264569704751677737e-01
2.488814463308563207e-01
2.466198239358461178e-02
1.787200347821095436e-01
2.913410774969018013e-01
2.773781901519930537e-01
7.408492840884289832e-02
1.282517200619729680e-01
