1.553868490909141897e+01
2.409298921621696898e+00
2.481828292381601297e+00
1.219253067409912239e+00
1.077172885848626027e+00
1.620021091833835802e+00
2.766959889023072883e+00
1.464149082417064429e+00
8.970520667949163363e-01
8.709523906328191512e-01
1.618455192279315114e+00
1.773729475883433437e+00
2.352102006180942340e+00
1.492891406567468326e+00
9.958093321102388096e-01
2.290809263202446266e-01
1.479357592395580401e+00
1.576683696010428015e+00
1.826614013001855996e+00
1.626895006949215405e+00
1.336848884096601742e+00
1.218925305501559059e-01
6.351848503653828582e-01
4.585046557620284235e-01
1.218712736838809318e+00
8.696693073221108961e-01
7.789078356022982597e-01
6.737187192147793269e-01
8.684438520944113282e-01
9.939667156496597711e-01
1.251689326324489926e+00
1.022163588607174045e+00
6.609874742498162981e-01
5.746488743311746195e-01
6.171081558739743844e-01
7.366617213385797669e-01
4.943788897280446681e-01
5.782339515933664353e-01
6.403361407292569307e-01
7.705547947385461560e-01
