1.136282891866609823e+01
1.038360822761978719e+00
1.083928550076163511e+00
1.493508671289015988e+00
6.954987170418464038e-01
1.091746678372299550e+00
6.109300352011599600e-01
1.123054553998536820e+00
6.112928664799209821e-01
1.513858358596492371e-01
5.432181718124206027e-01
3.441670127457083783e-01
3.520262503768979423e-01
1.907525461568831959e-01
5.569518218401526832e-01
1.919907450294953410e-01
2.316024165188979023e-01
1.489725829959143433e-01
1.364139687939514289e-01
1.317363367445644751e-01
2.022565103331898928e-01
6.929228559597954730e-03
1.817716885673040239e-01
2.014568741935611751e-01
1.050106968002200158e-01
9.947443183057741445e-02
5.495940485650294138e-02
9.647052791279901729e-02
4.512373790134582840e-02
8.436971346928058557e-02
1.407239027597675662e-01
1.448428933535947649e-01
8.331227630229694203e-02
1.041434276950196358e-01
1.064626357255059469e-01
4.994026255046731672e-02
1.346463707800004128e-01
8.181166450922353062e-02
8.183982825860511290e-02
1.360342110765200563e-01
