2.287057434698516545e+01
5.047222853748301041e+00
3.572221073340700936e+00
2.979986129895466629e+00
1.386667460339740643e+00
9.853421834241210542e-01
3.523069466187437548e+00
1.247001180678634746e+00
2.301058504174986474e+00
2.307039287029083674e+00
1.441224775427759397e+00
2.228548547922916345e+00
1.149403033386555278e-01
2.030392756359391537e-01
7.581713330051135236e-01
1.233280804834181232e+00
1.110252300526069158e+00
1.521739884771582396e+00
1.300031409281672268e+00
9.663782988407558783e-01
3.816499614796658446e-01
7.496457314497525504e-01
1.357099131542802706e+00
8.271584387464694377e-01
1.443639912363162137e-01
4.480438447753771203e-01
7.138218246086773799e-01
6.747020995900143703e-01
6.391373989013059420e-01
5.677198210961155178e-01
2.283644304281197135e-01
7.893944928748442003e-02
7.916485642088590957e-01
2.525938611313837678e-01
2.926363021432473732e-01
6.064610567168764454e-01
6.527408805786467649e-01
5.135429136959990259e-01
5.150177110512749179e-01
1.120781474139280476e-01
