9.272623429652208316e+00
3.796541057841708033e-01
1.928037505755714198e+00
9.944036426887717939e-01
2.426502103556901491e-01
2.281056860595072955e+00
7.055937632521618319e-01
7.920181830157903002e-01
1.445584066321550787e-01
3.497431478483684630e-01
1.932953014428727689e-01
4.348536002996774563e-01
3.973928827820481513e-01
1.247445872388474042e-01
2.701986877539647725e-01
2.064131344282782166e-01
6.333472763581146636e-02
8.076897480453217038e-02
9.244658098248213773e-02
1.421796548399112681e-01
7.095562867077913338e-02
1.907866029403972319e-01
8.926300544426886419e-02
9.705468867325928173e-02
2.428374252100578556e-01
9.949613539485353819e-02
9.717521884618861294e-02
1.385679745228496906e-01
3.452214278499653177e-02
4.910288536428964595e-02
6.935212906595869531e-02
1.016966870809091483e-01
5.753821135851838048e-02
1.214434037162027136e-01
7.318393644521167807e-02
3.260223016479265462e-02
4.817366510478688496e-02
6.481007926480279735e-02
1.034967858379079800e-02
6.700305034951194172e-02
