8.085419505857931455e+00
1.639340368541820414e+00
1.581234563749881472e+00
1.520736077602268033e+00
5.480686625907479348e-01
7.030291064608069629e-01
3.911396729975343822e-01
1.592023108198156733e-01
7.266734800708287700e-01
3.229787214303571075e-01
2.313097034101634086e-01
1.546400609794725545e-01
4.273541719599073252e-01
4.309423946544225781e-01
1.599508862862998593e-01
2.066345964408755898e-01
2.296821975125471482e-01
1.630272355285654617e-01
5.376318263419480742e-02
1.702996304631902158e-01
2.339787828959786764e-01
7.601260020773417669e-02
2.642818660435590772e-01
6.807903721894481563e-02
1.257396374876679213e-01
1.135309867671315254e-01
8.186283367951456558e-02
6.855424892164808937e-02
5.075588722783765799e-02
1.037421230667273098e-01
7.523831019154843258e-02
8.447633055945212577e-02
3.570514013355738370e-02
2.052508532431129157e-02
4.445977050542063852e-02
7.731081029686333317e-02
9.468004334917887177e-02
4.173647098232329683e-02
5.222544740845363326e-02
7.017116312744113571e-02
