1.733912251252164438e+01
1.953441066092421963e+00
5.156276458735060686e-01
1.369190138641925847e+00
5.805395556295988024e-01
1.631606809568615146e+00
1.372058930897275042e+00
1.483448551708735463e+00
5.279092708365968889e-01
6.861310310701296267e-01
5.359176880790375019e-01
3.614295985839935388e-01
9.364396961354877202e-01
4.685823778018316510e-01
4.966172494449817565e-01
6.337302280576472269e-01
3.299491170341929402e-01
1.043079554640986562e-01
3.639258791221086087e-01
5.073093332830237445e-01
1.137158846193320888e-01
6.770775199087309959e-01
1.839322436554733653e-01
2.759093594195875521e-01
1.557780965625248371e-01
3.646932778676873488e-01
3.076881619274103863e-01
2.089008861234801506e-01
1.114293526129345735e-01
2.416729267262408831e-01
8.450290029384571744e-02
3.229084066449217638e-01
1.476010369192312099e-01
1.325974110144598761e-01
1.291631110317233155e-01
1.975744677089805168e-01
7.694224349424090559e-02
1.828117212301851868e-01
1.464007763375244631e-01
1.470018924685171924e-01
