2.030195461061841655e+01
3.780440218894260074e+00
2.124099777855184890e+00
1.682749058963496580e+00
1.497867019346576178e+00
8.815020553838560646e-01
1.172929094354524082e+00
2.051938246936046095e+00
3.004594855267224141e+00
2.240814063915803178e+00
6.637098468662392392e-01
1.878674120631936395e+00
2.092902286192647843e+00
1.494297784942905105e+00
5.424179469415167931e-01
1.204160954842664610e+00
1.733369660435295501e+00
5.527779310477443087e-01
1.173365066558765157e+00
3.970667920422474295e-01
7.889159691648394146e-01
4.056508304080350680e-01
6.339186059544082985e-01
4.298267531108411754e-01
4.940549436282439255e-01
3.960287516044342371e-01
1.069526626825435811e-01
2.517333057182440936e-01
3.713735897681799680e-01
9.369348360758569805e-02
1.901370225173169282e-01
1.363680830409045031e-01
2.596406662231061091e-01
1.069825118399731212e-01
1.526964387704556336e-01
3.303972309887752146e-01
2.978610790234569872e-01
2.618387586233907882e-01
3.451539459220401840e-01
4.082070558308328878e-01
