1.825796216462415344e+01
2.256253864057563341e+00
2.058254179585229604e+00
3.173935643956332653e-01
1.282422726868845064e+00
1.317698896139183784e+00
1.232913736805695049e+00
1.322997529542697004e+00
1.409139900285147684e+00
5.927252791198011073e-01
5.045928054403469032e-01
9.867435213080122391e-01
5.471808806597084907e-01
7.655887302276057627e-01
6.311478231450353693e-01
2.338061769078564056e-01
6.664722260213665761e-01
5.790097504083415725e-01
1.958747819525646916e-01
4.663229067498256275e-01
4.787690773734488148e-01
5.999156598490068548e-01
3.912738363165352284e-01
2.905131472612254018e-01
7.001764846692678512e-01
5.625479161158385838e-02
3.300929117471814167e-01
2.581948237945312918e-01
5.237600663922092892e-01
8.590007655384887530e-02
2.359209704022327547e-01
3.099489918438161906e-01
2.955051301133697073e-01
3.281129725456198853e-01
1.696813956394476741e-01
1.841611819454699317e-01
9.511648929017949006e-02
3.020652770878265447e-01
5.899848184753504060e-02
2.735811001121675745e-01
