1.064553899379873059e+01
6.294897836768431620e-01
2.351085676418342985e+00
1.335400370654219460e+00
7.827267893333401672e-01
1.084307830909431392e+00
6.084701268598259327e-01
6.060412004504334149e-01
3.638323550065785117e-01
1.469096877806531642e-01
2.398761187386286853e-01
2.963966483450964362e-01
8.787405064276334610e-01
1.855939790929762856e-01
7.361035221994970401e-01
8.604206436711298034e-01
3.676828070723714981e-01
3.529496570968548852e-01
5.849032761654326951e-01
8.369569592988413964e-01
4.935724505082718094e-01
3.555883088649920420e-01
7.332517246412696421e-01
5.616101984122848778e-01
6.267593632263209757e-01
4.957983315928096157e-01
1.215825729810145889e-02
3.437205590985924486e-01
2.929595112988245820e-01
5.211111522435247362e-02
2.330698827025276532e-01
9.318229919894979729e-02
2.515663196370394594e-01
1.113226675847413943e-01
1.687949944915984324e-01
2.144685477543171737e-01
1.727212903665220900e-01
1.773635926313268663e-01
1.222871633536563446e-01
1.919613905623918093e-01
