2.123100598375279091e+01
1.155747617315673992e+00
2.531564936670991806e+00
4.832211471843539385e+00
3.063541061074833038e+00
1.734785307980168501e+00
3.135685718974581704e+00
1.021789688399254104e+00
1.810022571635796940e+00
1.340960665373404082e+00
1.820221830243393679e+00
2.012633174674212544e+00
2.415011241888979310e+00
1.639042678690801669e+00
7.313856681478495547e-01
7.670879216981967286e-01
2.349481158098211342e+00
1.772912129670534798e+00
5.520066142081865301e-01
5.570487526570342407e-01
1.669846458171586612e+00
1.536432535491554674e+00
1.495139994946659945e+00
2.504055777194326371e+00
1.507522286290408076e+00
1.364337855954298018e+00
1.680661785375367145e+00
2.862336243475018804e+00
1.020906279725972032e+00
1.581016194103503691e+00
1.674424884856932749e+00
1.801801579583218738e-01
6.395241831196112336e-01
5.480254223534589686e-01
4.440407607127452860e-01
1.433639961759120673e+00
7.837399683711984144e-01
2.174011581897346890e+00
7.662998686918554014e-01
2.037134337977388299e+00
