2.971296950440661888e+00
6.767504150807345242e-01
4.576126531950084342e-01
4.365161066736398809e-01
3.341821881871608335e-01
1.251677762615993339e-01
2.282171500624987498e-02
3.380335701916256652e-01
1.504362064605048732e-01
2.389947646046573781e-01
4.531113027135311722e-01
1.682319226744818652e-01
2.630850045226374445e-01
2.234948447111617109e-01
3.492541925669542802e-01
2.517302616538137361e-01
1.069896260487039202e-01
5.268796992549991398e-02
5.395848410652975130e-02
6.232928470308673335e-02
2.112237531763337950e-01
2.261694996090903576e-01
1.073258255514321913e-01
1.946679561390466939e-01
1.108370411532884486e-01
3.973032015537925760e-02
2.149998795952648145e-01
1.611260040850851782e-01
8.971985611741795097e-02
1.151795394864231215e-01
1.275880171319765388e-01
6.722838081840386282e-02
1.098236741249304371e-01
2.779851842208301560e-02
5.600344407722826490e-02
1.468390721945929400e-01
2.000904503554951364e-01
5.708601260745298223e-02
1.086960587527296684e-01
1.358204191033423880e-01
