3.720311086431997261e+00
3.240105321779798153e-01
5.216169317826917506e-01
3.477003880009426062e-01
4.174399567557883217e-01
3.725511206581580415e-02
3.209463895275961320e-01
1.787052837516962811e-01
1.996663633834114826e-01
2.273267956418383307e-01
3.303009978176204564e-01
8.401711821707731620e-02
1.091809556528009623e-01
8.796863347690141166e-02
9.145578726562746119e-02
1.832478794897338115e-01
2.860635509559190659e-01
1.138280877838750427e-01
6.879791501966771305e-02
8.031571427554555498e-02
3.128583583789319444e-01
8.655595866366752600e-02
2.872126788845356105e-01
1.162478974243457558e-01
5.469771425748793520e-02
1.811431389445617157e-01
2.829956743325487412e-01
4.641910873034030272e-02
1.867219981458636546e-01
8.360204109896231250e-02
5.946961718369271621e-02
7.031601063120720974e-02
2.000612710519283355e-01
8.559074008230987962e-02
8.764519592946108661e-02
1.551187601953804840e-01
1.015511232297882926e-01
1.495336264569471427e-02
9.093933962953189287e-02
3.818915867783823082e-02
