5.194336455950352871e+00
1.079254896321302004e+00
2.953229529738907733e-01
4.799216092405136358e-01
1.060648270712908126e+00
1.066334635688170662e+00
6.081843697533780846e-01
2.976439682205658799e-01
5.023509166050448282e-01
4.765524938324237070e-01
5.582723387925808689e-01
1.757973126714281742e-01
4.659192901392651964e-01
6.998585463551832975e-01
4.348149820069296401e-01
2.993363839841141627e-01
3.902626014059591419e-01
4.177743176376387257e-01
4.402933903800532733e-01
2.570342697170697743e-01
4.398193909070005070e-01
5.712507504750634624e-01
3.642979205517836716e-01
4.778301997264891021e-01
3.420783597496033779e-01
6.228082178521506806e-01
3.307022236349029254e-01
4.548939217091372278e-01
5.247634898336027698e-01
4.576071667416533595e-01
2.059892421981347477e-01
1.338499740209974365e-01
3.840815384834093682e-01
2.882332306382420772e-01
1.995070616946090503e-01
2.185994973786963003e-01
3.066275434228970531e-01
3.876982337479755181e-01
2.042030306235202708e-01
3.252769763462479147e-02
