1.895395538730683427e+01
2.576574740955131837e+00
2.248618094350884000e+00
2.641774359192354371e+00
2.128686684621422742e+00
1.594347834054095303e+00
2.422145834312185553e+00
8.240334185390593147e-01
1.314086760562385825e+00
1.600564725951190148e+00
1.050053381571229627e+00
9.207228414629891056e-01
2.195492093933966604e+00
1.733307017182870169e+00
1.180014278966414309e+00
1.548463254613243523e+00
9.587100472454956890e-01
4.444781160139966714e-01
7.153825960869248934e-01
6.323966226529875723e-01
7.464898692672913283e-01
9.972409228592030717e-01
4.082023573803926220e-01
8.219546395377012038e-01
8.840748150964277130e-01
1.927949509035888243e+00
1.143148223726055512e+00
3.461588202435268991e-01
9.659081101338184983e-01
7.734895614595380664e-01
4.181256883261680324e-01
1.354050607935035178e+00
1.504627561142547032e+00
5.979663762512021918e-01
1.478729803070532034e+00
1.298628216149473769e+00
5.298933675552491840e-01
1.542220557604277786e+00
1.228078247529879485e+00
1.409076072210828867e+00
