6.596747555132897567e+00
1.310692999481325671e+00
7.894661810426977233e-01
6.085836904824978300e-01
2.142784439944393216e-01
4.750811282844935590e-01
4.159233192468291818e-01
7.939425297734624687e-01
4.187362713825812377e-01
2.284086988586225553e-01
1.423914915101168743e-01
3.731948988986334426e-01
4.101155498796144050e-01
2.178661126536667325e-01
5.145543859665234754e-01
1.056613405948693407e-01
2.729183186377382442e-01
3.981747042941228831e-01
3.919192411632230755e-01
4.225220638328379130e-01
1.169129348765853421e-01
2.423010627453096311e-01
3.049447354356078499e-01
5.008449274840734988e-01
2.896000792080116737e-01
2.416963968297871079e-01
2.093006461638204918e-01
2.484203920763350948e-01
6.388137817049429623e-01
2.169247758637264933e-01
4.037265149770756789e-01
3.093911658513393004e-01
7.076009737144055289e-02
9.622805430440549423e-02
2.043130709432485481e-01
2.183470544899172305e-01
2.512453927285940303e-01
2.191548613089422670e-01
6.446925263890417035e-02
3.067478867860818914e-01
