2.387557584420052059e+00
6.340052388407093620e-01
3.239661875377595757e-01
4.142179084996104876e-01
1.835975646298930730e-01
3.969602291750042311e-01
4.332491259908299308e-01
7.119725747324766318e-02
2.093557392224162927e-01
1.777329093400545623e-01
1.783163580787276714e-01
3.359535148162099416e-01
2.807120951914949258e-01
6.199927197744323909e-02
3.249020632957910215e-01
1.890261671762726581e-01
1.861330450939184533e-01
4.037761067405046811e-01
1.185012343043791994e-01
2.358724520874464492e-01
2.796579193032194266e-01
1.237771098832638889e-01
2.207751237840645253e-01
2.356563368538687475e-01
3.985044096439342015e-02
1.327230186784638666e-01
1.536869812455635698e-01
1.079277128132077185e-01
8.596030902958795572e-02
1.679274953345453181e-01
3.225612502034203716e-02
7.666540952583614232e-02
8.510226197811500415e-02
6.745512553948142254e-02
6.473603926133592035e-02
1.440299203356270319e-01
1.258036392932854464e-01
2.896103128618499403e-02
5.339265613378259279e-02
5.175499385341351261e-02
