9.445993933313580726e+00
2.005777428495238546e+00
3.505245139573620605e+00
9.023423945755486564e-01
7.319069558465567393e-01
2.941152747002118595e+00
7.920994202930423667e-01
2.611707034402623417e+00
1.553539969601736681e+00
1.610768312699258020e+00
3.907602820321264825e-01
1.213277265732461085e+00
1.347632764566830454e+00
2.708331417980250677e+00
1.316452818003196912e+00
2.249410091712233051e+00
1.896665342632225804e-01
1.849925313663632331e-01
2.149538556060942796e+00
4.886469749202025925e-01
2.246846045293608984e+00
4.563434306869325607e-01
1.526530844886606397e+00
2.693044553783914830e-01
5.871992212080608953e-01
2.068762588763277677e+00
6.319671292204394053e-01
2.063156071229350630e+00
1.066015846157267744e+00
5.564619042592624520e-01
3.866896015417737864e-01
7.138674837528113937e-01
1.167325415523259968e+00
1.364563535222582669e+00
5.576242188416495882e-01
1.234521185258918186e+00
4.755624348854002315e-01
7.290333965919348902e-01
1.537170364658884791e+00
5.440328319449070360e-01
