5.525647278405550367e+00
2.996215910871448118e-01
5.945544367576935940e-01
1.822230341357076733e-01
4.906161978740465890e-01
1.168252006869894499e+00
5.809783384283820906e-01
7.321664909936320687e-01
7.877619503258037614e-01
2.608968784815192121e-01
2.645052442823777605e-01
4.539100034925562799e-01
1.912200109147677574e-01
1.320139720426616592e-01
3.265059486695151003e-01
5.006307844269941576e-01
4.641696585959839694e-01
3.857423582663901396e-01
3.937713837750382306e-01
1.420535431894867084e-01
4.392207281407852770e-01
4.765541654484153344e-01
3.305617350547172539e-01
4.170590050062407683e-01
5.398648366719732694e-01
3.459464703881958703e-01
2.528776665678415525e-01
2.356909849529985890e-01
5.070247784222186027e-01
1.321901225406555969e-01
1.660428122997927580e-01
2.278072665795292107e-01
1.408291235740450897e-01
1.297063993948548710e-01
5.220307137414609971e-02
3.907894829429853223e-01
2.699623895596690026e-01
2.221204066777020258e-01
3.411884446440454632e-01
1.509026742407823252e-01
