1.434239158393146774e+01
4.454672586493416020e+00
1.320540404150058800e+00
2.724148272781953484e+00
1.928465888491304847e+00
1.018713130398833711e+00
2.558983956566116991e+00
2.230535869614711952e+00
7.679638771818192433e-01
6.285633688345799719e-01
3.624297357626282690e-01
4.372385951648231628e-01
6.162720180834569961e-01
4.204330960787587279e-01
3.963165282647397314e-01
7.453917398889785551e-01
6.265534351404620228e-01
1.996798300800432524e-01
4.988761078777489422e-01
8.475728786230082301e-01
1.536695452736404621e-01
3.893744167711137294e-01
8.453892017740741727e-01
8.896762413782809409e-01
3.641748072831504368e-01
8.155766092750079688e-01
5.516808235422004936e-01
1.386705687557676925e-01
6.459771712728624715e-01
3.710348210354560972e-01
4.420956098466553019e-01
6.911388628891033115e-01
1.526190753318484306e-01
5.789907647323950801e-01
1.036216996430188830e+00
7.353575288939218080e-01
1.631192183068981560e-01
2.268400055652476099e-01
1.456507227339113031e-01
5.649724474037701727e-01
