3.391859116932307572e+00
3.792200501433615201e-01
3.100792352589444856e-01
1.605969145049598035e-01
7.252736544098288274e-01
5.060401430069529916e-01
1.125460374292736598e-01
4.408922752557716818e-01
1.270859055376792335e-01
1.980273251295264492e-01
1.135646167066984846e-01
1.623344157753940364e-01
1.337057676582788790e-01
1.503831990964253074e-01
2.391998498828847020e-01
6.947220300286370553e-02
2.124498006289823535e-02
1.674943103012433154e-01
6.241127974267089012e-02
7.589308780952513933e-02
8.375845285195424039e-02
1.303626706853349693e-01
1.258597771327396586e-02
3.713100787104203770e-02
1.391143320388713855e-01
9.548249719148176051e-02
1.370767251961813593e-01
1.001991345941620343e-01
3.313927138423572449e-02
1.855236369657113915e-01
5.191889451456861704e-02
1.137061399420575686e-01
1.119029015830098200e-01
9.451106540372430920e-02
1.188207707999931473e-01
1.045357298005448327e-01
1.655156916452441285e-01
1.841166705968732553e-01
1.686657953857420567e-01
1.120323582113223609e-01
