1.443561790228882913e+01
2.651600814819372598e+00
1.159589099788109312e+00
1.482510837873341369e+00
1.250762348532550083e+00
9.862029938997194378e-01
2.230928314443696159e-01
2.502836257479752469e-01
4.747657801293853064e-01
1.165172012941814161e+00
1.216562234783950203e+00
1.485702126697276526e+00
5.014275839021111736e-01
2.631020322283024182e-01
8.986778791108720466e-01
8.237173851498608146e-01
4.321543520257806748e-01
2.543159189414284094e-01
8.047332669380830028e-01
3.481111183089001804e-01
1.342420897543836533e+00
5.096263565315010124e-01
6.324226916579477331e-01
9.597246565022710119e-01
3.673552874520426559e-01
3.950840367070042047e-01
6.629706210853255621e-01
1.383691273841014313e+00
9.314315658403126141e-01
2.932665225942827636e-01
4.410480119475927996e-01
3.373549788089045265e-01
2.924481076713865701e-01
3.730642096702255772e-01
4.558348189270678974e-01
1.489331090024426096e-01
2.343525468087348795e-01
8.081112678048638087e-02
1.840056594593031947e-01
1.945034995607771988e-01
