6.914409561957004513e+00
4.557620377133039802e-01
2.223294942465424695e-01
4.598094274880083487e-01
9.863914265631873457e-01
4.291993005321527721e-01
4.242636682106799562e-01
8.457033409071936791e-01
4.548734512765289506e-01
2.837026661623930357e-01
5.368707174889850720e-01
1.647894050685313749e-01
4.441136435272570182e-01
7.006373783884523032e-02
3.535547463223202014e-01
2.385933616306199212e-01
2.528251516652570419e-01
2.662039626194444564e-01
3.214070747383182547e-01
5.993167938665080324e-02
1.121546461863842381e-01
4.704566474217788952e-02
1.332140125962577581e-01
1.275085343377440616e-01
1.139873861350780143e-01
8.048959827543598899e-02
1.187186965620488505e-01
7.550421375138091640e-02
6.208002937814286609e-02
1.290279799386142845e-01
6.021654137710803073e-02
5.553029856311809953e-02
1.046422714394680542e-01
6.461345182766914386e-02
2.170744609958741647e-02
5.931771098397730507e-02
3.259170307138741646e-02
8.592618071047664063e-02
5.601018266434907439e-02
9.357244007491817561e-02
