2.196763699113827073e+01
1.051928650195544890e+01
5.121134852685720773e+00
2.445011039239833206e+00
9.487003494403608572e-01
1.134429060476135565e+00
1.636043875813983695e+00
3.659705185780330439e+00
3.471975025560975592e+00
3.145840278598263318e+00
1.752134260841332614e+00
1.573506555926855954e+00
8.688705125662937734e-01
1.147148040313499040e+00
9.786306193323904834e-01
1.241974109892277411e+00
8.582516866621870966e-01
1.432051543322722775e+00
1.974052980457021489e+00
1.056160162550165316e+00
3.398274837724024056e-01
9.402002817820638292e-01
1.165297498446923985e+00
9.456342695281605426e-01
1.340284808795834781e+00
7.021162984675652918e-01
6.969539533206843274e-01
3.184239656677073649e-01
5.970256469251682407e-01
9.060750304440333691e-01
5.171981915132118912e-01
8.504636237628772077e-01
5.709064125613293461e-01
6.666442050762358962e-01
4.478235217205669971e-01
1.777191506145592292e-01
4.883523206115559234e-01
6.068667280560147148e-01
4.671335412767737005e-01
3.015093021560221742e-01
