1.033731857683620170e+01
5.748757099170153095e-01
1.585179961235539503e+00
1.140801652327000371e+00
3.607269434828661719e-02
1.330509065048507411e+00
4.827794420205830384e-01
4.428125987002519692e-01
8.513371031315365434e-01
1.188154601803907001e-01
4.699861387642527144e-01
5.307851258178157838e-01
8.484780885592081365e-03
1.966921708088693321e-01
5.126498652824472424e-02
1.536171178050885211e-01
1.390661061827983269e-01
1.334855936759281880e-01
3.346216939107821697e-01
2.371393817257360648e-01
2.788457909819098690e-01
1.129530670244595775e-01
1.136456603071560739e-01
5.632889875682813713e-02
6.077149346588010120e-02
9.930389864664206090e-02
1.424094381838118539e-01
1.782175960646609492e-01
8.818627169801525334e-02
6.803321582941639079e-02
7.201303599993337523e-02
7.681014355482074230e-02
4.882007956392396542e-02
5.858519803923595975e-02
9.533533586698159090e-02
1.453001581958334419e-02
4.904770929546281577e-02
7.991551983598517428e-02
1.913193090128677276e-02
1.039635763421322134e-01
