1.376483275502374815e+00
1.102929682648963183e-01
2.125619902069401379e-01
8.959872029686975770e-02
1.527325912306997657e-01
2.119904166742872520e-01
1.988121782828498330e-01
1.783272402934922007e-01
1.320700453622191128e-01
1.052738617719053554e-01
9.533011308485100921e-02
2.570470415546367154e-02
8.462135260003087606e-03
8.024355153351667158e-02
3.418838892064148677e-02
1.219769819363910983e-02
6.968815037204571794e-02
3.840643749095679071e-02
6.618525769208687126e-02
3.832424156472147292e-02
3.699807045607653860e-02
4.083844677821574926e-02
1.906814718079303389e-02
2.451076598017421643e-02
1.581391635869858550e-02
1.114394319740846101e-02
2.996514645482900585e-02
3.322908102107143772e-03
2.574793242921624356e-02
3.436101838737881230e-03
2.591555308392989691e-03
1.606125870972828495e-02
3.700372125743456395e-03
8.269426376405769261e-03
3.429471140184246064e-03
1.801195714000052017e-02
3.456759207192729860e-02
1.316108115780238556e-02
1.537906693489547554e-02
1.886016926493079213e-02
