1.476368993661924023e+01
2.895246267207436386e+00
2.276907061628351769e+00
3.695701819744678929e-01
1.518553771552258180e-01
2.224176907996259889e+00
1.371046065569150763e+00
3.249272110584158213e-01
8.719872192321596049e-01
4.681391167775927342e-01
1.215191470686698860e+00
3.849179096830993019e-01
5.637782188088628077e-01
1.008688784297530283e+00
6.837507038844994334e-01
9.516765468114307680e-01
2.737832855562330470e-01
3.858350505144853004e-01
5.816508247181085833e-01
2.116619015170744245e-01
7.766754550388551559e-01
4.007949649063594078e-01
5.144034844912778182e-01
1.776778382283525359e-01
2.398438246050298706e-01
1.299300020498917185e-01
6.600185766421865496e-01
5.818669137597659580e-01
7.763695724608621340e-01
4.642147899260352095e-01
3.920432703343042502e-01
7.539840520314733396e-01
5.842364735091865047e-01
7.815110239244296153e-01
9.727513563866356794e-01
5.483400187158007366e-01
1.331182484533386667e-01
8.423213586457678481e-01
4.392972827068285513e-01
7.277099049436964728e-01
