2.271394101873106663e+01
1.410249963821559582e+01
4.289896501783763583e+00
7.066939763942393427e+00
6.775336579796009673e+00
2.260732456036163907e+00
3.464617334629330525e+00
6.128121569061106833e+00
5.812518862121367036e+00
1.643561926105151949e+00
3.042283754003568319e+00
3.553647660359266602e+00
1.806526958240267211e+00
2.205702629894341626e+00
3.268350049471521857e+00
1.687580124714302077e+00
1.186923020308016108e+00
2.601694808556759941e+00
2.369517771949462670e+00
1.064168998796676924e+00
1.364422446196949856e+00
1.104072421328735842e+00
8.781942996050492445e-01
1.232006782679767598e+00
8.876987010368372344e-01
5.455484974730605563e-01
6.067928464464965588e-01
6.366988553456747191e-01
3.797645993993131741e-01
4.982640270125143767e-01
6.195697625000257114e-01
4.276653774606914982e-01
5.286039957154472502e-01
7.635519586690732163e-01
5.955780977339609761e-01
6.437437522064889395e-01
4.448709533646338365e-01
1.490673383323690981e-01
8.056777213850288555e-02
2.379675348586701156e-01
