5.429263843782582200e+00
1.610017188096118046e+00
7.193520733665266231e-01
5.112028584159525879e-01
8.132232678084151400e-01
5.910711307374864054e-01
3.176837305537690281e-01
4.344585153130751110e-01
2.664566021525987538e-01
4.913133842110086191e-01
2.555928534302356336e-01
3.264668036884429969e-01
4.185056584095181997e-01
3.610726813619637432e-01
1.806439149190985083e-01
2.089876515457092243e-01
2.472852176957696935e-01
2.052047260337143963e-01
2.174610050693722429e-01
1.095120081379636207e-01
2.142137666738229071e-02
1.071032020003069712e-01
1.951767769534919206e-02
1.494784903868014436e-01
8.633690347550572464e-02
2.961183183344793732e-02
8.181391481389592435e-02
4.755837666306667738e-02
8.671413865650946795e-02
1.446291919247517932e-01
4.429441030706242344e-02
8.027549493739614961e-02
5.142325796012819916e-02
1.298653133734463117e-01
3.295321612595959737e-02
3.030267366146952718e-02
1.134667442854672137e-01
9.600096809566718847e-02
4.207598047536023622e-02
3.562474434278718738e-02
