1.195565786094502947e+01
3.108110095139851925e+00
1.455812056638696506e+00
1.205319078353543460e+00
4.697841520118858916e-01
1.495578261419062693e+00
1.468773605474221977e+00
1.914650919102868221e+00
1.262668067149423701e+00
8.032581807454856060e-01
3.544544269438968387e-01
5.780492601481146409e-01
1.001593932609483817e+00
1.659411905612664606e+00
6.600260174857262019e-01
8.315484361913049183e-01
1.106284123249619444e+00
2.445494045364764724e-01
4.644849584030222300e-01
3.776740176640972502e-01
4.724360438502197002e-01
1.818328510503916806e-01
1.777468012943618503e-01
3.724324344675505882e-01
8.672182838718800468e-01
1.122179966815674446e+00
9.387345912038307372e-01
7.575205571789465075e-01
8.147850151431998977e-01
9.837208252861412427e-01
6.924671738349238437e-01
6.151374162468329354e-01
6.428921365459911996e-01
4.422568102322472772e-01
3.699251224774502411e-01
2.894844489187544667e-01
3.947720966325561909e-01
5.654920662662178410e-01
4.549226298367956001e-01
4.331342210663141068e-01
