1.322721013971613147e+01
6.521836250257559975e-01
1.882502311509408610e+00
1.250718078572033543e+00
1.790053124716829425e+00
3.136564575286258538e+00
9.355641665755479730e-01
1.950202297811344909e+00
3.992390608500869242e-01
1.062137668372697963e+00
1.041284831772473218e+00
5.403657370313118546e-01
7.971116504336731579e-01
9.371735974811609138e-01
9.812963798468838927e-01
8.696673390853011387e-01
1.180073457058106179e+00
9.734427760797124130e-01
4.182844832334677854e-01
6.747602137010479950e-01
1.630475711709847564e-01
7.712803903118337079e-01
6.985485706921339411e-01
7.057930805922449924e-01
7.516831780404322760e-01
3.884059726599381479e-01
2.496418634211758081e-01
7.421499860227928069e-01
6.263094577951259234e-01
3.283715379597034745e-01
3.300552762721061240e-01
1.862297985789045096e-01
1.432477959424522662e-01
3.035258316289698444e-01
3.723237743992336424e-01
3.089486979986049153e-01
5.569922334320973611e-01
8.470020336397025840e-02
4.763997199583520636e-01
1.970474985397884515e-01
