1.839817827942023598e+01
1.260893090483067747e+00
1.883453103941911788e+00
1.940193321145826655e+00
1.297429749616320738e+00
2.947386661615862824e+00
2.440370546433132226e+00
1.944194476181060560e+00
2.521071970123024641e+00
1.902335606014256442e+00
1.469484251471894876e+00
8.955418256282023926e-01
1.931779487576807952e+00
1.527052589965124385e+00
2.403210733432294521e+00
9.523197243362356845e-01
3.830731269374342274e-01
1.022180935832355031e+00
2.033136556163445796e+00
1.937380386206501770e+00
6.912113171537713763e-01
5.234112044604317671e-01
1.277188036123113823e+00
7.580744853989466181e-01
1.000195272542501179e+00
6.619999092040862454e-01
8.889704973206791205e-01
1.294050017200386593e+00
1.046375893482358821e+00
1.008384324040120461e+00
1.110444849186030369e+00
7.178219583187821495e-01
7.324453826447420157e-01
6.682804791125919186e-01
6.248851884880470831e-01
6.587666615270244552e-01
4.584228379009951948e-01
7.181501735188255964e-01
6.458952523852712346e-01
5.420499999627051979e-01
