1.762523498397140997e+01
8.779941940970752423e-01
3.348396155962594989e+00
5.936345621271638118e-01
1.994096732253734849e+00
1.833551839039292863e+00
1.554400022704896411e+00
8.713216989213606878e-01
8.252482515693666532e-01
1.430131321351084228e+00
7.219975938639122681e-01
1.428963602859710358e+00
1.274851982304299414e+00
1.398975486931901324e+00
1.348201802367694047e+00
1.363390384934743071e+00
6.519658846082712067e-01
1.390246027436274900e+00
1.487600718536388478e-01
5.330922753146335458e-01
3.901420866677835497e-01
2.813092361460760027e-01
6.894537192474443632e-01
4.954865282455775399e-01
5.046553065252994408e-01
4.426630000081890337e-01
2.429994624434909656e-01
1.604857210415622792e-01
5.059738612499687926e-01
6.882167967304515521e-01
2.439403984679672510e-01
6.338679430177071028e-01
3.608747656654804903e-01
2.768163396081799732e-01
1.612296285017116027e-01
5.975377263921438642e-01
6.692854481513001996e-01
6.878062560876244680e-01
9.604893424100097166e-02
3.893708014558813768e-01
