6.897446313787190419e+00
5.919012398343487247e-01
2.044849933741699488e-01
8.599569181268461593e-01
3.354665661699112733e-01
7.618713012978953758e-01
2.043117190426741725e-01
2.549943946734548050e-01
6.106947777480347117e-01
4.732438026673330689e-01
3.426688140240824465e-01
1.726231629513285681e-01
1.737167260247373113e-01
4.806076351672579350e-02
1.331631353941262197e-01
1.902346929253192764e-01
1.204676127940710467e-01
3.404659429880124710e-02
3.290822369506873901e-01
1.369153294456798564e-01
1.399489453145229267e-01
1.013386580190229341e-01
1.864441331922463974e-01
1.327108692760423092e-01
3.866623617710962524e-02
2.327513845459726338e-01
9.395827762704454800e-02
4.180315686614504561e-02
1.102068598624607182e-01
2.133922362360404432e-02
1.681523031049114714e-01
8.328683258583238769e-02
1.187234901571524170e-01
1.719907303088955008e-01
7.179558033285625418e-02
1.084540624924653779e-01
2.128917447215807404e-02
6.072922908290080690e-02
3.279623529527183473e-02
6.347586748502720422e-02
