1.227515914155538468e+01
2.757075036539910484e-01
2.197759149850887717e+00
1.415423443142545423e+00
9.121935243580268082e-01
1.445157645994528783e+00
7.157043436016998772e-01
5.917302549793772570e-01
9.814842952961402855e-02
9.380612837984947383e-01
5.572603761608692086e-01
5.977118374167647019e-01
5.667919211608322128e-01
4.266201880398170498e-01
5.313030003348512276e-01
8.752662119152225806e-01
4.252762370179025142e-01
7.647737136710677230e-01
1.596963675697665730e-01
3.926978924890024980e-01
2.720699717770248549e-01
3.696092498607367882e-01
6.483732425985936354e-01
2.422884562545638276e-01
7.410475878301885089e-02
6.166627274761437433e-02
4.299902241728725261e-01
2.557594602531912398e-01
1.214376127733226285e-01
2.377306184033312897e-01
2.717006527131349825e-01
1.702201835166964605e-01
1.288522077639041030e-01
2.559938072899156647e-01
3.914681131609457632e-01
1.310089227699186010e-01
7.942157757046028332e-02
2.767319292858764213e-01
2.925478946698281679e-01
4.028016650676807808e-01
