1.327684895792975617e+01
4.107428627938007892e-01
3.944342063705178258e+00
1.649882029699875075e+00
4.998287970942661973e-01
7.426679141613914403e-01
9.442081179167827187e-01
8.341024191253766373e-01
6.558155855431584413e-01
4.730389271724739775e-01
1.224300384538131281e+00
3.012611135561344411e-01
7.080335387147104198e-01
7.201761016875503074e-01
9.716493727644366363e-01
5.096468691058010370e-01
1.082534457082295343e-01
1.063004231367163932e+00
5.767009121144330841e-01
3.473140924137092522e-01
2.514120174348716819e-01
2.849346700155726553e-01
2.392878965511707479e-01
1.766519986537982700e-01
1.647479554402394020e-01
3.226306028748024968e-01
2.466800978220639595e-01
1.119229521416217205e-01
1.605930634333857798e-01
6.526882168703784792e-02
7.806563023617074659e-02
1.423990171869830013e-01
1.037758392534314372e-01
6.026526884915183596e-02
6.529969082359671217e-02
4.195313293782497455e-02
6.070853023389453235e-02
1.524458025701625474e-01
1.875462757018433180e-01
1.317737422496356448e-01
