8.644576030072768091e+00
2.581273212759396696e+00
1.406747909539455943e+00
6.056504315384344528e-01
4.585063280313865786e-01
3.571213085646162133e-01
6.097872208217418599e-01
9.884982773800766731e-01
9.189243977433418920e-01
7.604637502798179405e-01
8.381593462152336915e-02
3.914081260143106311e-01
3.145493163170853812e-02
5.463368328622373316e-01
4.404065496970895888e-01
1.920371271886973652e-01
2.391308484262228418e-01
2.467684868570034773e-01
5.723292678923715959e-01
2.527694966977761526e-01
1.424745286131197386e-01
2.886773007357475440e-01
1.089942056051887570e-01
2.275769175222325802e-01
2.562525556547489147e-01
2.221314204697863726e-01
3.116155565495931090e-01
3.315400886904012467e-01
3.471695730338894004e-01
2.358368937287198819e-01
2.213609308356670469e-01
1.776235974573317500e-01
2.096484689000955581e-01
2.198258047668963100e-01
2.747966576521690962e-01
1.739989042177177703e-01
1.569795272202371694e-01
8.607661154281127935e-02
6.759085057387487216e-02
1.411248774152541186e-01
