1.108794801284335207e+01
9.260124948576488046e-01
8.410217306026208650e-01
1.295968397735383970e+00
5.201233480427557287e-01
1.385254826313232490e+00
9.912657301284806266e-01
1.096376373762669720e+00
7.186801721477533711e-01
6.175671915639774356e-01
9.401572996302965946e-01
1.087272205662998537e-01
1.145978999473308280e+00
6.877669782250284136e-01
8.612812511460039566e-01
6.726883438411184191e-01
3.603042364987322221e-01
2.990795212461866415e-01
8.639106696427313326e-01
7.864581431564980907e-01
2.337742044459314439e-01
5.636506983919534752e-01
3.143797212243322203e-01
9.089342260686915365e-02
4.031459447234219673e-01
5.853079585903980808e-01
1.463373734207143728e-01
4.328085970269299199e-01
3.930749229511782405e-01
2.178956390082850136e-01
2.454075066438695940e-01
1.550489242662864142e-01
1.972787426291355839e-01
1.370353748882159883e-01
1.061877182765087885e-01
7.914746919725507146e-02
2.559251914912906711e-01
9.986159783660936151e-02
2.732398886479483480e-01
3.671340134005427469e-01
