6.989867298943606500e+01
3.295989509235970782e+00
5.156149704243192744e+00
9.797401544762832870e+00
1.518459184089515857e+00
1.399280618744109539e+01
1.535276220691117910e+00
3.134187610351566455e+00
3.885958199792865830e+00
1.998662395608322484e+00
1.195821532492883499e+01
6.081714227289052310e+00
2.617880719393710365e+00
1.783592761612569744e+00
2.016557469531750080e+00
5.640770697505699260e+00
4.893661174312163631e+00
2.299809292257262605e+00
2.928275211588757809e+00
2.778803569068416746e+00
1.356118596641973983e+00
1.668242206237863900e+00
2.777462937099363760e+00
2.446929905998886490e+00
3.579824264701656933e+00
2.177526002352907941e+00
1.641231984527778742e+00
1.631959814657219843e+00
1.013595417925596154e+00
3.479876550721809458e+00
8.377221405236743301e-01
4.869875814240984813e-01
2.174486387690005018e-01
1.401128607084095368e+00
1.769148755005525375e+00
3.186447772856943472e-01
7.954723306402164962e-01
1.445749587494206345e+00
1.227701180945933945e+00
1.202522783582203214e+00
