1.431751374332947968e+01
2.578588109009625651e+00
4.329878251222556429e+00
2.737032986516832467e-01
4.466418350726135134e-01
4.770615529858701076e-01
1.231027262605106420e+00
4.958309992347184059e-01
3.844346712906396291e-01
7.366797992086110414e-02
5.886113365014380427e-01
1.086603270042023173e+00
3.273301811818993268e-01
1.019820552370439115e+00
6.009232368880054187e-01
9.631398001909191597e-01
3.540400932549936375e-01
4.411746267160814305e-01
2.320496996491827890e-01
3.139730831622282725e-01
5.190841198053753880e-01
1.454775550913674775e-01
2.490380858186931612e-01
3.488263069154393103e-01
2.146279215439631516e-01
3.649105493949544310e-01
2.373858655949447893e-01
1.295674586487944313e-01
3.102600271717577685e-01
2.211674424133874828e-01
5.822656268554628894e-02
1.157851498171610233e-01
3.738752426980506555e-02
1.546096807218163838e-01
1.506163229146987304e-01
1.817984255815429384e-01
2.090411203896869463e-01
1.769141389772473094e-02
1.444341035319492983e-01
2.104821309875195556e-01
