9.405811348786292214e+00
4.672655066684586744e-01
1.104542293148935928e+00
1.302618202105948253e+00
2.342516405483821562e-01
2.571159580015442980e-01
1.142325703944870180e-01
7.079058423067351447e-01
8.895405412744321616e-01
5.774624670530120740e-01
4.209907909029607098e-01
3.772471852901758127e-01
8.967281893240103274e-02
4.525743702522428968e-01
2.055547800910027811e-01
2.563137994429086075e-01
1.970967935834729012e-01
3.259043533236261614e-01
3.199615441895659607e-01
2.490203217975598682e-01
2.081617507068124762e-01
1.268763008262038527e-01
2.405158433784878036e-01
1.610418056901452288e-01
1.358378526974654277e-01
3.473655496278768018e-01
1.915169128974886226e-01
3.055202044269779149e-01
2.414323777745701893e-01
2.124465729740898923e-01
3.142808927431356980e-01
4.254200295597925785e-01
1.797145430935414012e-01
1.807700020277392683e-01
2.517818917243695442e-01
3.309191097908276147e-01
2.164301604562121617e-01
1.017703199029028061e-01
5.907033095536583234e-02
1.776592062562661889e-01
