1.643174368539052566e+01
2.071693227914322755e+00
2.141673851090649006e+00
2.610086672162275523e+00
7.119231493245525844e-01
4.602414320170418738e-01
1.896856571778996470e+00
9.210084393008040049e-01
9.418733393405444021e-01
1.058619069983643080e+00
1.550205425567553252e+00
7.536545566037318178e-01
6.261221595081257751e-01
1.485987646591824252e+00
8.917763354341553539e-01
9.227570732063451464e-01
1.163839800773675881e+00
9.693470782070700009e-01
5.323506514005507118e-01
7.945658050686522644e-01
1.713241785285720686e-01
1.727517281083818523e-01
1.987158153108052050e-01
2.797293242231810861e-01
4.527445660575684094e-01
3.337827242194255084e-01
2.371722524966284884e-01
2.179773819324047346e-01
4.994298213319276480e-01
4.891082737282658743e-01
8.203770602033652604e-02
1.152741909935728615e-01
1.527479825862562979e-01
2.106450789024925663e-01
4.301188851586618123e-01
4.001696787323025251e-01
9.258190527272867898e-02
1.966368930683423388e-01
2.232504247038266665e-01
2.709104117671997103e-01
