2.799014017948089617e+01
1.704363633050124838e+00
8.206302846990665145e-01
5.119899697872183353e+00
1.218199624616515875e+00
1.847174207782502631e+00
2.927436830310287341e+00
5.705730797970725021e-01
8.341068852982238546e-01
1.871547242613606832e+00
8.767674470767881090e-01
7.421817923120145322e-01
2.542982735218665691e-01
9.581458712614110418e-01
1.794826228546689384e+00
4.340243063405051505e-01
1.944072920403287386e+00
1.136118780484937529e+00
6.750279242141018488e-01
6.309248171375910763e-01
3.535245718918644808e-01
8.233068221459580727e-01
2.592362844786887388e-01
1.879878941321345143e-01
9.321922426702117237e-01
5.066889205031612775e-01
3.465134325974614793e-01
2.468273890433580753e-01
4.833061462824385646e-01
1.086544979749889672e-01
2.733301404847023885e-01
3.176068380553572768e-01
2.531454148952554384e-01
2.394399311711188916e-01
2.909563571560552786e-01
2.378979634392423270e-01
1.788918631392704683e-01
2.642651760222030632e-01
1.288697969017520151e-01
7.593029308741053307e-02
