1.711117533766341126e+01
2.045142771992008779e+00
3.169276889251567919e+00
2.858114955737351526e+00
1.670450133236039081e+00
1.214981105564202579e+00
1.168383480262393359e+00
9.851773335924870478e-01
2.329027621516418289e+00
2.027045813182817735e+00
8.562058461647992225e-01
2.846520063179752702e-01
1.376259617652203726e+00
4.460259641564730537e-01
7.428601285670413112e-01
1.047406226758558212e+00
5.737870087229182126e-01
5.435097201183051174e-01
9.898887079111277076e-01
2.435517426888961223e-01
3.872726046161907854e-01
4.953610340404370760e-01
2.816629072244095089e-01
2.733348986156365901e-01
6.746549337552777414e-01
1.661863582567001396e-01
6.785116788472726757e-02
3.314686177652974575e-01
2.233114085526405057e-01
1.223871685570688678e-01
2.707619255991635110e-01
8.701916165079232046e-02
1.360092820038989458e-01
2.808702142939973334e-01
2.632965343491145416e-01
3.594388753162485739e-01
1.858424377657650339e-01
6.805579105588561994e-02
3.556834101857883068e-01
6.559470383887827660e-02
