5.860209376273489923e+00
1.859413195198188262e+00
6.770762104849223917e-01
1.252269612419256495e+00
1.349663556139147902e+00
3.432030626844199128e-01
8.412038763169574773e-01
4.532332839632248755e-01
5.130402190335592305e-01
9.830032388475609673e-02
7.194168236455057430e-01
7.657246718633395899e-01
4.402309315849560756e-01
6.052437205009687515e-01
1.138216036631128913e+00
1.093023028398560470e+00
5.393489837880571791e-01
4.421059901688431659e-01
1.058689240054140557e+00
9.630403561423988013e-01
2.663321721074053960e-01
1.491874453158960057e-01
5.298731333542614497e-01
8.683975181196995630e-01
4.137525214694237619e-01
3.545769549732399328e-01
3.348945431459866839e-02
5.214729523631443930e-01
5.958200640998607689e-01
9.801731147478999207e-01
5.218948884494729601e-01
3.291736877925772187e-01
7.757037356503506675e-01
1.214401908061843560e+00
1.034933143191392180e+00
5.260304050509833074e-01
7.632212129715457705e-01
8.293178998251102829e-01
5.811565959114015634e-01
1.104533681776740384e-01
