4.493005211786917030e+00
1.217300549295334156e+00
9.478593350567746656e-01
8.912479773286631213e-01
9.857006355592859981e-01
9.595781767996182099e-01
7.450621221015606421e-01
5.242682019782306524e-01
4.716764666113238968e-01
5.100842433143726318e-01
4.900970291442690585e-01
4.349657980637203214e-01
3.545672543975822988e-01
2.718487584941675084e-01
3.139493615311962915e-01
3.851900114951007925e-01
3.070946981389907071e-01
2.235740889489253869e-01
1.525817361124860716e-01
1.872997113276815839e-01
1.763455270407129349e-01
1.226989854476061292e-01
2.348561922144885850e-01
2.274425056731942674e-01
3.077647924768194265e-01
3.766385473640396775e-01
4.243299348621209499e-01
4.004728049015982005e-01
3.597669371477917322e-01
3.469439059719008900e-01
3.680517651275493352e-01
3.712173295198935019e-01
2.937370887262309438e-01
2.640114924929744533e-01
2.329689990150310419e-01
2.824010994451587875e-01
3.704612001759962081e-01
4.189995251448447311e-01
4.443889242383022853e-01
4.313974806106726234e-01
