7.534315402062969902e+00
1.779385423975273994e+00
2.103419863198775275e+00
9.501005578991511547e-01
1.598043055255004008e+00
9.572030954961860960e-01
7.924123213777367614e-01
3.124834669658403397e-01
1.173881177524773278e+00
7.852022384062089522e-01
8.234902839123813267e-01
5.258879099467648199e-01
6.869201282372974227e-01
8.028066190452957107e-01
5.450867380101114268e-01
4.903682869080212559e-01
6.440441045143110443e-01
7.855248283640632323e-01
4.687747368692939953e-01
3.729268638870035235e-01
7.010999697382138685e-01
9.755480012341253282e-01
9.602786141329040515e-01
5.839036634214902488e-01
8.898195230353537211e-01
6.262445003394327969e-01
7.204481736995368424e-01
3.639683448884007966e-01
4.206216234646021346e-01
6.360486657453239268e-01
4.407242605429946836e-01
4.671239382930736372e-01
1.140878307582772061e-01
5.275065289541085445e-01
1.682196954550570500e-01
3.529986882242086010e-01
2.950264543700739095e-01
1.643750573143923643e-01
1.227583646672990164e-01
9.786718681424337596e-02
