4.484064007368271376e+00
1.217227420789494419e+00
8.072950344075920937e-01
4.511070602036028609e-01
5.879444298203744257e-01
9.939227487605307720e-01
4.880329118356154794e-01
2.745073311935614102e-01
3.653804820222031902e-01
7.707214930963313115e-01
9.268210428337766427e-01
8.171426623176257786e-01
3.363817534071913418e-01
4.748078050815733309e-01
6.920668113997392457e-01
7.079092185740715193e-01
5.590558294481541290e-01
3.713561741721744802e-01
2.978278376722029441e-01
4.949507004334464666e-01
6.013264190215377170e-01
5.492390009230851966e-01
4.578898125977141076e-01
4.708053753323171442e-01
6.014650706014582626e-01
5.620260091775477473e-01
4.458800126177306367e-01
1.973960425920722184e-01
2.273921961560909644e-01
3.939312161477487306e-01
4.342154491629144908e-01
3.663784579155512366e-01
1.955838746083481960e-01
2.336207671448269074e-01
4.228688463775914230e-01
4.645887337915877158e-01
4.202821593723388149e-01
2.387873331633346696e-01
2.269650073937080625e-01
4.805985674886706915e-01
