3.775118872199677611e+01
2.484402988147318414e+00
4.923374243459543997e+00
4.497126911593574583e+00
4.556254585695627135e+00
1.209296757229648245e+00
5.725641587988366865e+00
3.760747567217173071e+00
1.982308934727427197e+00
3.007849662428970561e+00
2.459406209323570902e+00
2.713504637313466361e+00
2.637864277139800873e+00
3.126265677325865688e+00
9.209238489189199850e-01
3.236230803157399194e+00
4.517927168413653938e+00
1.510012955237522103e+00
2.223493047523703137e+00
6.481283155796537798e-01
1.878767204348241071e+00
9.797930831233672144e-01
1.235841778967972093e+00
9.422028700924719447e-01
2.018120994653377576e+00
1.958200837293137209e+00
2.169586226782055594e+00
1.191958443638280851e+00
1.567204503103548419e+00
2.504425969339836300e+00
3.082622205934758775e+00
3.099291996117909953e+00
4.904072490293391873e+00
2.184424692167738158e+00
8.250822786645503060e-01
5.920554043445107162e+00
2.968999505489786195e+00
2.477273156623995387e+00
5.114978153169086106e+00
5.834930582455964299e+00
