6.371148599099721643e+00
9.189450219743250381e-01
6.923482872390192000e-01
4.293823473365045995e-01
5.048696374912331475e-01
2.362787509871473179e-01
5.633950569975019196e-01
8.264644293878548043e-01
1.501132036191838437e-01
1.050787228578368593e+00
2.926795151765096969e-01
9.869555596689888466e-01
6.055107248672516596e-01
7.680082813041063661e-01
6.676609734871705726e-01
7.816137845044268673e-02
8.104594569475960242e-01
3.984929264475315924e-01
8.930431416200846906e-01
2.786774667090444191e-01
3.534254227498968004e-01
3.742679246731819287e-01
7.827259096325250853e-01
4.092940633078300805e-01
3.268509656740656855e-01
6.588712184273158856e-01
4.070793339233700903e-01
3.260606021969312263e-01
3.570802666947975323e-01
4.961864002874499247e-01
2.907087451587183069e-01
1.984985197376180066e-01
5.823986945966116990e-02
2.111954655624153909e-01
6.263078667119654774e-01
1.181099826592440782e-01
2.591734417431102444e-01
2.818529889590526971e-01
3.949085814813494966e-01
1.982097942206487440e-01
