1.455884326184813382e+01
8.079868840918337014e+00
6.425250923493001309e+00
6.587164979881538152e+00
6.746054216035561879e+00
5.978336151636154838e+00
5.484674475203862087e+00
4.090356899269254498e+00
3.294093352845971268e+00
2.374822550375845776e+00
2.147878209092784374e+00
1.511113667262165228e+00
1.994328055711921177e+00
4.489012455942280044e-01
1.452877367980883516e+00
1.131806471196195929e+00
1.379503541904160357e+00
9.093160169319445263e-01
7.861101229868322493e-01
9.897410964762871632e-01
3.517624069218571181e-01
6.266150128180674184e-01
1.085406036240205596e+00
4.100982955925238649e-01
5.343974668241112669e-01
7.926629368758988381e-01
1.171078145189846875e+00
9.135382954323655325e-01
1.443888031652935000e+00
1.615176855394715671e+00
1.508804621155017012e+00
1.072526743094118551e+00
1.671948512180468027e+00
1.400089677800068211e+00
1.557311116226496761e+00
1.042051880102235151e+00
1.644921032654940163e+00
1.041797397808919445e+00
1.306677322534126384e+00
9.794373110270173655e-01
