1.917158283350555692e+01
2.831789149748849432e+00
6.842845207634356441e+00
1.779580170120875326e+00
3.101141482158451979e+00
1.967874450828369870e+00
3.226452132406436579e-01
2.738313007083923001e+00
1.707581364967948767e+00
2.579340424732424530e+00
1.897136752438029150e+00
1.299199452182977721e+00
1.400154794485411580e+00
4.141452421043696486e-01
6.318648099704661236e-01
1.699285086974098746e+00
9.438273926655684765e-01
1.651123649973046614e+00
6.076078526791286460e-01
2.496105240481557352e+00
3.433170558487041446e-01
1.409482221946326774e+00
7.191505702839847691e-01
1.369566971589892379e+00
9.178560563234717806e-01
1.869580244383462819e+00
9.597975151360950141e-01
2.831668783149513757e+00
4.471653731525876418e-01
2.841656131540290176e+00
4.776269073074304594e-01
8.792478613054997005e-01
1.667154567731157222e+00
5.965426622850503735e-01
1.676133668475116245e+00
5.626584753843593134e-01
1.087822118467778987e+00
1.174081881996254406e+00
1.381301656334018801e+00
2.443411444742765060e+00
