4.102727867249978289e+00
2.147069828029208316e-01
7.477930986370050492e-01
2.674399529665379416e-01
2.904088451491372291e-01
3.903086293949720176e-01
2.251465401101745145e-01
3.419440972308296356e-01
4.033214921502760730e-01
1.382664004682960524e-01
3.965385323486156910e-01
2.057777602038273757e-01
1.429838735932866256e-01
2.563491741838367366e-01
2.209940138668755327e-01
1.857597032815302140e-01
5.440276796156612305e-01
8.701093305337749551e-02
2.592414663830504007e-01
3.116517225983599926e-01
3.269480354648640064e-01
2.744020466698210425e-01
9.277017946390228587e-02
1.451760556464403440e-01
2.182516393462859139e-01
1.604271053904235134e-01
1.020059690415382470e-01
9.630992936786010594e-02
9.873876592399860597e-02
1.794254391638517021e-01
6.862032559959173328e-02
2.276697594915245149e-01
1.932143103770805059e-01
1.167253020177693723e-01
1.880615685022584693e-01
1.378619010420872315e-01
2.646374066523495827e-01
1.434688880146008927e-01
1.271559228067690728e-01
2.362655214706014806e-01
