2.429035810899236481e+01
1.190497115994435440e+01
5.603681597440381523e+00
7.348685295901253411e+00
7.499903067562139647e+00
3.484107958592940424e+00
1.652371504366900279e+00
1.879937429423163220e+00
1.947536833774556664e+00
3.019751234504111981e+00
5.288044584916452351e+00
5.993047070860738401e+00
4.994532539378672809e+00
8.305811927175158260e+00
9.160659114485124377e+00
7.232589479218962225e+00
5.694675959891033479e+00
6.618426080049302662e+00
6.279819705008376829e+00
4.167856020791666616e+00
2.893009618928470417e+00
3.680101293792083617e+00
2.920665090281054699e+00
2.465272187902125545e+00
3.939492205448635875e+00
4.391834614350796251e+00
5.090091842988323734e+00
6.220719694200520955e+00
5.987790785215953981e+00
5.515770761501816999e+00
5.411925671342373789e+00
6.058282976323649649e+00
6.159355508320386363e+00
5.035076211175449679e+00
4.437779926787680296e+00
4.421872830868553095e+00
4.448666164000713685e+00
3.660862369241221881e+00
3.562815105987553466e+00
4.197378835294062860e+00
