5.358796959207047905e+00
1.241040877076407645e+00
1.247378100380708510e+00
6.746134385197382066e-01
9.783676320568894802e-01
4.815680352748297754e-01
2.146682791126316436e-01
5.865982782102804327e-01
5.246806056353073844e-01
6.547397659987752583e-02
3.405730159790836820e-01
1.501612118959608777e-01
6.673856060415351843e-01
9.524536458893251289e-01
5.178521413842618326e-01
5.644886456031105171e-01
6.210112969188906762e-01
3.420713260533843059e-01
3.209341474777139824e-01
3.771358709421481215e-01
3.337286420694497990e-01
8.906995723902668693e-01
4.667387970072448544e-01
5.730603284011566156e-01
2.720249841217967091e-01
4.288993083595779576e-01
4.292806357120549920e-01
3.561037534896013268e-01
5.597265136616760284e-01
7.471394186303620399e-01
5.332860272532171653e-01
1.453085894501815745e-01
3.112612116304529497e-01
8.862925892284231888e-02
2.836438895283676098e-01
2.593403479389080335e-01
1.647464396554078336e-01
1.592457178771012061e-01
1.858314600924128035e-01
1.406403481429225610e-01
