2.249372715224290431e+01
4.978310463083117199e+00
5.213853515355991064e+00
5.449370606202469602e+00
3.200327559429658741e+00
4.282396849064680211e+00
9.063086132602353739e-01
7.886597571096485293e-01
2.247752778134785689e+00
2.698133934792145361e+00
2.802262768165268980e+00
1.554862787966527549e+00
4.694079718283395763e+00
8.288604140999326075e-01
3.256858848261568795e+00
4.811759905460487374e+00
3.392666708878354864e+00
4.578371446679692980e+00
3.249761633073152467e+00
3.720511054826249886e+00
3.508866803147805857e+00
1.064016500548364164e+00
4.337471997529915413e+00
5.227239001622975278e-01
2.748964012973952098e+00
6.851591513699081260e-01
3.103599424627875525e+00
3.461545172786726354e+00
1.263184374875007343e+00
3.626180231494215533e+00
2.758839935659189724e+00
2.244126934624205649e+00
4.780873938149657221e+00
1.175987379142339861e+00
4.366706694238676967e+00
2.223339599024233504e+00
2.518276155688517814e+00
2.515653796639603534e+00
1.348376200221299781e+00
2.516325859002403131e+00
