3.369656470100699686e+00
1.840474944060765117e-01
1.982641627762790626e-01
2.045682987913707562e-01
2.409696988358918102e-01
4.180920051371118107e-01
2.924835431399642194e-01
2.581969944026367147e-01
2.499182302224767505e-01
3.652663487740738790e-01
3.178409397005536596e-01
2.176232636274499921e-01
2.901095265921425637e-01
1.171006982518504602e-01
1.738826046478435527e-01
3.061526182988714706e-01
2.231273367653083817e-01
2.585152098978963364e-01
1.608983036351722684e-01
2.205822056838137868e-01
1.439808451169847237e-01
2.374878837587991454e-01
1.662538688049122193e-01
1.107746717399614028e-01
1.708131385514607969e-01
1.833827302547836324e-01
1.977198446020900224e-01
1.986633094035486213e-01
1.281812286468565487e-01
3.005156553195047486e-01
2.381244665822478956e-01
1.352043373399850479e-01
2.265884232824922073e-01
2.230755420230473851e-01
2.365272129491701458e-01
1.119904812074370704e-01
2.633967915377144475e-01
2.872773835185994384e-01
3.138356519940186384e-01
2.694107177184677515e-01
