3.807786083585637193e+00
3.501013080946607237e-01
4.147606188533394800e-01
3.567947986043318309e-01
3.802962734632795438e-01
1.943622205878853815e-01
3.231324609131554504e-01
3.399105850491000447e-01
3.755605485594226689e-01
1.326730825804278147e-01
2.011730338312423261e-01
1.562275507088553839e-01
9.972676522963554169e-02
1.329817871566993659e-01
1.188724716146570826e-01
4.725997062357416983e-02
1.343213223300236681e-01
1.232539156988742834e-01
2.063173269850629432e-01
1.173919259673543991e-01
2.516102957626626391e-01
1.851740469600020034e-01
2.801306168519614448e-01
1.922752586040139544e-01
2.178624934097457555e-01
2.357285412701883021e-01
2.583905391406795538e-01
1.714299228943103326e-01
2.939935182520053147e-01
2.405357934746302218e-01
2.802176827943043680e-01
2.306880576030238272e-01
2.459768033630781725e-01
1.646615772087814955e-01
2.166809913226873108e-01
1.533844416235124741e-01
1.793369393270049239e-01
1.120045336667826047e-01
1.735725684301061555e-01
1.792942397083190920e-01
