3.761215551447580907e+00
3.057317062606881297e-01
1.975420963607729397e-01
4.679849522302720333e-01
5.194595367714278655e-01
2.503275423077125916e-01
6.292221926408146926e-01
1.158114878480994425e-01
7.595642286469253546e-02
2.293977059631810422e-01
1.266710929255814300e-01
1.871401469549328622e-01
7.104713943112746233e-02
6.066026358855566847e-02
3.444669552603194657e-02
8.923498421947860526e-02
5.413215257570038602e-02
1.206562789787903878e-01
1.345877935353055610e-01
1.233274488928880336e-01
7.184468701270566027e-02
4.283092388667335271e-02
1.216270386391023750e-01
1.486054592373797778e-01
7.928862031260605625e-02
6.384627476912049793e-02
8.778054098771190250e-02
1.230067897492913842e-01
9.690647366767458915e-02
6.095309355427686038e-02
6.795297077376871719e-02
5.115913711138792702e-02
4.744978789716820106e-02
6.970652257778865712e-02
9.808932364606147425e-02
6.853341454907874164e-02
7.848952204305928437e-02
3.085019559224243257e-02
4.790557357119253762e-02
6.580518916921502745e-03
