7.533428093805405013e+00
1.714895786946224021e+00
4.722947070366521616e-01
7.491859758790516688e-01
8.348093205465632050e-01
8.169306360048024240e-01
6.969662540034408937e-02
3.998286911277607741e-02
2.412599493429375130e-01
8.013585639433722374e-01
2.005223161640728169e-01
1.244608961929051655e-01
5.883730259614809999e-01
3.634773161470887803e-01
2.518218938439457100e-01
4.228227478796752759e-01
3.091670314901987515e-01
4.672013831027835296e-01
3.456925296873348263e-01
2.351328312794902231e-01
1.456825127063245406e-01
2.295957188412498795e-01
2.866803535608173359e-01
2.427287890631999179e-01
5.624636552656122473e-02
1.521674646056660474e-01
6.701954193794071313e-02
3.253390667605342984e-02
2.730563612411086027e-01
1.591271553329793309e-01
2.067624274780055227e-01
8.430157369709043169e-02
1.900664290067125006e-01
6.039854124266719887e-02
1.312506581894781754e-01
1.399928807988180535e-01
5.796602747747009454e-02
2.430300029734299913e-02
8.402407548563409212e-02
9.507864236129812130e-02
