1.042897662033982620e+01
1.481829255072653062e+00
1.646709495347969732e+00
9.143308344342359062e-01
4.870205629777926148e-01
1.012758745433591567e+00
1.060239455170540301e+00
5.464757303005157718e-01
8.191920793920868249e-01
1.453402157062531064e+00
6.500076779012434747e-01
1.025417023845153430e+00
2.278141035979462936e-01
3.218106550968781454e-02
2.106768407865078074e-01
3.413071972896421502e-01
2.099992201520403390e-01
3.118639578591210770e-01
4.123532938819106097e-01
2.970684101541209987e-01
3.074699980434326685e-01
4.363223047043589542e-01
3.305736983794932415e-01
3.962144922721940188e-01
2.174395703966881255e-01
2.651546617685778817e-01
2.576653165147959057e-01
1.049592136797560527e-01
1.710321847481513502e-01
5.472244487442687877e-01
6.107142506661306092e-01
3.292891250346590692e-01
2.649229963897147266e-01
4.451814939457858777e-01
5.846364639515501116e-01
1.734969871593667057e-01
2.748223762323017683e-01
2.000445518419706470e-01
2.598740901911197887e-01
1.341806466022920641e-01
