8.909793906990564949e+00
3.982876088244418078e+00
1.990636467124411446e+00
6.147237849555682310e-01
1.390820803067192468e+00
8.179003371411719403e-01
7.603542164580516793e-01
4.919015407844318788e-01
1.147306142713616861e+00
9.243422345043500465e-01
6.567637967702421031e-01
7.653126876717164517e-01
4.273344344359945590e-01
6.272390860977633542e-01
4.243458939131399821e-01
3.690303484855409488e-01
3.605849382492828936e-01
3.554511213623429700e-01
3.215147661367516174e-01
5.224571932001975672e-01
4.625342631065150756e-01
2.800834172882525896e-01
2.831666047572626299e-01
1.044886985161880139e-01
1.964783243058043083e-01
3.317910986057889811e-01
5.978387405730151150e-01
5.788254516607244105e-01
5.702582169694763170e-01
5.607313669431079894e-01
4.829366768586081382e-01
3.298941427305568941e-01
2.672043446381812681e-01
1.008171195179051322e-01
1.315418431139188382e-01
3.168993225150538162e-01
3.738269530847613820e-01
3.245772669259028853e-01
3.648397579568722349e-01
3.646177318199227968e-01
