1.571430022442387298e+01
2.167145152668724428e+00
3.135501827582580336e+00
7.992624157290799669e-01
2.147795526481111494e+00
1.573440188927640815e+00
8.006411448509080930e-01
1.402462319976309990e+00
1.010517085319792674e+00
2.940141923685644643e-01
2.151574187618939538e-01
4.200239579941978385e-01
4.467920181779791444e-01
1.131463448708247554e+00
4.630014897742650848e-01
5.680451048671544267e-01
1.336074492617753406e-01
3.323208593590987192e-01
3.217999061138462347e-01
5.269618606343221545e-01
6.928320107279728468e-01
4.809108095164501551e-01
3.991792042885707881e-01
1.666636008689842685e-01
1.183060224772045643e-01
1.658712484187583325e-01
2.211403737576165401e-02
3.581988929588195703e-01
1.695598669545454185e-01
3.175822257984738939e-01
7.656011023588467357e-02
9.460485835449720105e-01
7.439265084332300493e-01
3.490310151116975401e-01
5.611975628615467615e-01
1.676504992654095916e-01
1.732650615875125089e-01
2.607634269870804378e-01
3.627495678879483765e-01
5.620861664423982829e-01
