3.144174701849238751e+00
7.006466747324840982e-01
4.111969772529074363e-01
4.875381515139736721e-01
3.348105111742754603e-01
3.637065121931001843e-01
3.365737712415896588e-01
1.180021138677411485e-01
2.185596920357494866e-01
1.814781663035172632e-01
3.329350400128104348e-01
1.716166470799778965e-01
2.846254647231274415e-01
9.754245009469485195e-02
1.514569161521086837e-01
9.137199811836857477e-02
4.572847035454166709e-02
8.545929208640203056e-02
4.025150570894999585e-02
3.323798439027338125e-02
9.180431821219736666e-02
4.338245100603917853e-02
1.427379772522132523e-02
3.202249328599376249e-02
9.692660387404921155e-03
6.195297106184718960e-02
7.941818897878633043e-02
1.010048468540102051e-01
7.435173361907576606e-02
5.141361271673773430e-03
5.308711562867453847e-03
4.859231557513901678e-02
5.323260038134413480e-02
1.041624321462213121e-02
6.979470148500362126e-02
4.712318174444123792e-02
4.272500576908069836e-02
2.380047491766306908e-02
2.505203743734772670e-02
4.142326852845687468e-02
