6.518240813666380973e+00
6.763993155079380815e-01
1.177340219775781183e+00
3.792380252269261232e-01
3.588412118908920201e-01
4.667024195466523140e-01
1.785093327251103812e-01
2.431522957479606006e-01
1.167025174122197501e-01
9.008505401547195479e-02
4.004194905870328003e-01
3.606516673848765286e-01
3.122164781627816410e-01
1.776382229784483624e-01
8.334596896586791981e-02
2.048902200127554474e-01
7.572037050621902021e-02
1.399607704718490442e-01
7.312632629617366042e-02
1.063106212590751581e-01
9.879011510106994187e-02
5.901777486725263977e-02
1.412391639352480327e-02
3.003240908671670276e-02
9.596604038525935465e-02
8.888313659774439712e-02
1.001447433863563441e-01
2.544691826858229769e-02
1.369784341517878666e-02
5.737538374684360981e-02
2.672029429460422503e-02
1.779268713015842371e-02
4.191842368710627098e-02
2.889208043458206532e-02
1.473322732463473728e-02
5.693467995342616633e-02
1.788268303863577158e-02
1.265458917880642534e-02
1.671541874109443854e-02
1.970237563480265255e-02
