1.830221566698647440e+00
8.290910474065659175e-01
5.018575787989306702e-01
2.504798457434453951e-01
1.369084989539577357e-01
1.209522932118520522e-01
1.769148583054058754e-01
2.365314044237981361e-01
2.353341354174452171e-01
1.703359196184620061e-01
6.768103703903431689e-02
7.287456842177712779e-02
1.025746883410243032e-01
1.970062347249486312e-01
2.184098332727196223e-01
7.182311535024092641e-02
6.081809994568491973e-02
9.775523538264450918e-02
1.320685866410879483e-01
1.149957420744329994e-01
1.433122344555293470e-01
5.297538750417076642e-02
1.211550116456132538e-02
7.728875596661341496e-02
9.216596346679389873e-02
8.408650576392379117e-02
5.049998582672626107e-02
1.616346842972342032e-02
3.405170047080328943e-02
7.243458371302248511e-02
1.768043528868809208e-02
8.685013808444568342e-03
3.717859442943540621e-02
3.496927718311704236e-02
6.511923522373268269e-02
2.511425688319588942e-02
6.113148774014109249e-02
4.876731589442474812e-02
2.993335116360217041e-02
8.204212080778362781e-02
