4.001562248201416594e+00
6.460640723614784198e-02
6.465626004025859519e-01
3.040415551870736532e-01
3.437616959016887574e-01
2.093368321075252669e-01
2.519496214844831328e-01
2.178403877039620795e-01
2.481407242604750096e-01
3.030339392370702822e-01
3.051156492554288890e-01
1.537977266559271416e-01
2.491464844105151788e-01
2.337907046848141102e-01
1.746756234383204931e-01
1.073168498951148075e-01
2.079832742537553736e-01
5.528093128680077600e-02
1.483379688188185275e-01
4.830909262646892327e-02
2.323082411175808326e-01
1.751151853860091756e-01
2.361878855924000598e-01
1.915007124967231522e-01
1.680441782004870113e-02
2.191262888491011251e-01
2.549703472033473806e-01
9.087404438570301224e-02
1.893262422426197078e-01
5.874247510208412820e-02
7.073737039415325945e-02
7.999558506250821488e-02
1.804195829755405600e-01
1.049377417718406758e-01
1.235089945026237174e-01
1.249778621715340460e-01
9.058379985031701775e-02
2.894291196671909538e-02
8.339273199432097050e-02
3.114576330374317290e-02
