4.964838968125080854e+00
7.175569011752630511e-01
6.957760767311754746e-01
4.731466344777522370e-01
5.441867423291876227e-01
4.166170121543547600e-01
5.472775712629552869e-01
6.452008514499609770e-01
1.880158271183557384e-01
2.775108066659152661e-01
4.529937526041765139e-01
3.701380030103313401e-01
5.314323309999000600e-01
3.016962631792947103e-01
4.031314588350899397e-01
2.791449192657884937e-01
3.071082936393291773e-01
1.620762374258432892e-01
7.650391646415651004e-02
2.019124829199109850e-01
1.220987329862700393e-01
1.367042462015162219e-01
2.008238816150483552e-01
3.284784023124146662e-02
2.521611955093777668e-01
1.150550101369360034e-01
2.522248302478869442e-01
1.988837518565529650e-01
5.335058301533912584e-02
2.279060113650898112e-01
3.885526058574065855e-01
4.066199620967382855e-01
2.790959077622753859e-01
1.873578622046528364e-01
2.842327125748076999e-01
3.356739438198891312e-01
5.313631642349740947e-01
4.052003751602094028e-01
3.217268847056861669e-01
4.669128973198143351e-01
