5.524131882261463034e+01
1.650982552509836410e+01
1.053991582379894254e+01
5.576651135872524812e+00
6.228800623958091087e+00
3.599923443219520625e+00
4.515982290010225775e+00
4.487939243382934151e+00
4.303772993220952081e+00
8.008017213555504554e+00
3.755892172282450314e+00
4.063716922940852072e+00
3.732406961170371407e+00
5.054955676410801679e+00
3.765024250478943735e+00
2.162360941893993527e+00
3.872345481052915872e+00
4.182977668689525252e+00
4.953188565650671116e+00
3.979182163603927957e+00
3.087024796696085538e+00
1.822178898504893452e+00
3.102446415143179426e+00
2.095159046926399871e+00
2.275492813036508188e+00
3.962006890653054225e-01
6.024910898870928788e-01
2.051333244628551267e+00
1.531088396673778718e+00
7.872015640816042437e-01
2.265267208653976461e+00
1.411897029799860981e+00
7.957052623725294760e-01
1.308754695788391542e+00
7.264766734303732543e-01
9.798305151091714349e-02
6.809945016319103317e-01
6.197904562779821269e-01
9.138835256124698825e-01
6.085843811015636540e-01
