2.768868950571890508e+01
5.270276955534613172e+00
3.970655165480810211e+00
3.701562512343314015e+00
1.424746649446994695e+00
9.291328434223981025e-01
1.820552357553025802e+00
1.205901764259978526e+00
8.854863128888976198e-02
1.065941444316944375e+00
1.951995806341553674e+00
1.659265537268279411e+00
1.223034009867624894e+00
1.710985110893451289e+00
9.045429740289518961e-01
1.145279686396174057e+00
3.463233882773671390e-01
4.133793620080490894e-01
9.206186114096327477e-01
9.961717734079399422e-01
5.850442065942623726e-01
1.679101590351471218e+00
5.112827294272188627e-01
1.040539491252349569e+00
1.531009803373457601e+00
1.026289779410056946e+00
6.619270524835630942e-01
4.445774460455632626e-01
8.166972012914011092e-01
4.197138623090331810e-01
1.682158597909207409e-01
1.722983984676657032e-01
7.384668427252877310e-02
2.253814105680113922e-01
2.325023029742712966e-01
1.285399201554028592e-01
3.080449734736034340e-01
4.043096422924922773e-01
1.854080701504928208e-01
4.376492060402005779e-01
