3.278075232223957869e+01
1.892674297306419229e+00
1.069754533081484826e+00
1.678410712840011199e+00
1.626017661258238434e+00
2.136591698714930931e+00
7.593984856651803117e-01
1.468333887688267225e+00
1.574929353852499991e+00
9.234734453348940608e-01
6.186614260856293512e-01
1.078664518962597629e+00
1.026545771486567782e+00
9.266078732271991747e-01
1.018277917588462644e+00
1.313191426696634245e+00
1.257993703557598542e+00
9.681779668238084113e-01
1.045886332716057021e+00
5.194346069569184543e-01
9.279347504763842958e-01
4.908631982153509044e-01
9.323117067463720931e-01
7.408007866153204501e-01
3.727024296827708971e-01
5.908923117872167952e-01
1.701125606635585097e+00
3.258295589390509117e-01
2.708015975378614826e-01
7.953480704488667952e-01
4.621211195083888001e-01
1.613868012286255871e+00
5.366552995994986475e-01
6.716607833412159279e-01
5.901195142469717325e-01
2.820392988841547988e-01
4.224353418749486333e-01
9.210525717459187023e-01
8.683199517474321505e-01
1.005540941490113527e+00
