1.990182842788635043e+01
2.054893936445078673e+00
3.032462517311364181e+00
2.688665601935101179e+00
1.802368543384814670e-01
1.261684674352381741e+00
1.222953859746201299e+00
8.454674149110008585e-01
1.377807428441843784e+00
1.728311157676948984e+00
6.286889839138599667e-01
1.610578094095123092e+00
2.021493789570547595e+00
1.408081560520923814e+00
1.114459959153314639e+00
1.824965611569670410e+00
1.152895761991403534e+00
5.931542653035770662e-01
3.613991562700516469e-01
1.326539618867794923e+00
1.124914689752474883e+00
1.353484970371878093e+00
1.312302477051688676e+00
1.233595873493392503e+00
1.046914358044421345e+00
1.772040026181344707e+00
5.549996605511493541e-01
1.399131637994327937e+00
1.142626531986797644e+00
6.326712917144367010e-01
1.985202835804564525e-01
1.156993637507770734e+00
1.166823832309501485e+00
4.301525232979760971e-01
1.130805808198336093e+00
1.041657331638836004e+00
4.996635944102423843e-01
6.642164990113371692e-01
1.064704414389229914e+00
4.574475867535361950e-01
