5.870437884186208777e+01
5.879480125902468046e+00
5.257980452504596336e+00
3.826611010798534718e+00
3.043834182899806784e+00
2.200573569294503873e+00
1.280876616533918710e+00
1.994918777310074942e+00
2.846550265370410226e+00
2.265838999704571144e+00
1.438820921588218393e+00
1.904646793478042888e+00
2.004931729498268922e+00
1.960997801269577012e+00
3.002305265098726306e+00
2.593701420553856440e+00
2.562041601296518145e+00
9.188819780875920884e-01
1.617464100477982836e+00
1.553479220676207584e+00
1.426245393278076978e+00
1.661931863202130710e+00
1.272330939760713209e+00
1.136535953476872640e+00
1.808061273956962145e+00
1.356011541441036083e+00
1.963836799387854271e+00
1.631464610098548818e+00
2.138278960301471798e+00
1.470982026681114663e+00
1.649051856309478481e+00
7.980014687671981299e-01
1.449772852212648511e+00
2.016301632132741162e+00
1.767211387493992092e+00
1.317424885112654875e+00
1.309172557753502275e+00
2.420363483904285129e+00
1.582733982612112067e+00
1.452940806255899497e+00
