1.399209515292035348e+02
1.996264622794334898e+01
8.100758215108962546e+00
2.064774011458300862e+00
7.147972586092559588e+00
5.512641385385204096e+00
3.309445041724389469e+00
5.752303970372058650e+00
3.983805277692010538e+00
8.707308940244738338e+00
5.930290652889120828e+00
6.187445411954460184e+00
6.934058496005000904e+00
8.320342840193220013e+00
4.948448275744380176e+00
7.109272995632561098e+00
5.159602552639063866e+00
4.749142702457938015e+00
3.047727484479939797e+00
3.534509489145169603e+00
6.084085973754692844e+00
5.886750922521054363e+00
5.410778177885235074e+00
5.676118741981818872e+00
4.874822863388613925e+00
3.171669423184832581e+00
7.028331886517539928e+00
2.714372682519932134e+00
2.694717363006648991e+00
5.264989049012303468e+00
6.023664835399282325e+00
3.051959919699540613e+00
3.397998854230639409e+00
6.554079268760363064e+00
6.834014162960199812e+00
1.006144019657959632e+00
1.987580956253016895e+00
4.095173853124595809e+00
7.438717139027678726e+00
4.837884186698255817e+00
