5.849500852998932743e+01
5.470347954009913138e-01
3.273372386683114588e+00
5.972947825752866535e+00
4.853978624062000868e-01
4.569061626425738876e-01
2.496721245604545114e+00
2.232998643226104640e+00
1.755178266743249393e+00
2.286631773915289045e+00
1.141286087056405441e+00
1.616262172916994588e+00
1.207088869857565028e+00
1.865049164203651522e+00
1.121584069661806016e+00
2.334905217823208368e+00
6.329841303556430487e-01
1.928275647447343255e+00
1.723303529156088088e+00
1.247360665281977310e+00
3.933313707260799319e-01
1.269579248456243814e+00
1.028143223766964542e+00
3.383413264120602726e-01
8.130566309628590727e-01
5.936254710432923298e-01
6.486194780011360628e-01
1.183935630511358639e+00
5.429820784389863819e-01
2.088962699549725410e-01
1.843727677149162580e-01
6.606802969467476805e-01
5.226577570685003726e-01
5.347532432602295493e-01
3.963571478816151350e-01
2.708858156237626269e-01
1.598632520548510794e-01
4.097321261389772484e-01
3.211599362627893806e-01
2.780351350880861938e-01
