6.615230189362586088e+01
7.081560840368871901e+00
3.377596391834580380e+00
2.782821476177042896e+00
4.437515085386852576e+00
1.822389037353183250e+00
1.040272005780172648e+00
7.115524482617883173e-01
2.016635310074740506e+00
1.341185088231664269e+00
1.191115006359274142e+00
1.319811251101947969e+00
7.893219937262562214e-01
1.306896547068969072e+00
1.038031074528109832e+00
6.605292744863624499e-01
7.375329606327359899e-01
5.583701965092948694e-01
7.887008032190455653e-01
3.676258867373497496e-01
1.468396898464670697e+00
1.526839130719495952e+00
4.265510070798085862e-01
1.785057600742712358e+00
4.249551037643224949e-01
1.341481866326067696e+00
9.247001032922542718e-01
7.424192592449405659e-01
2.137066839353115588e-01
7.346136383335113429e-01
1.000989771601693112e+00
2.773041410888997804e-01
2.705449688218470317e-01
4.154205122586881460e-01
6.418091524292840466e-01
9.562109488662706713e-01
5.377921906680098729e-01
7.839563330746105452e-01
6.748158337848276789e-01
4.815568401737240767e-01
