2.208402605605466533e+02
1.093966731753055832e+01
5.433233410772551508e+00
2.675291001224587184e+00
5.052909743369525586e+00
9.307032741385873109e+00
5.063262040614358028e+00
6.882088613849032477e+00
1.164891334564746472e+01
8.664906816489191144e+00
1.109839894166526175e+00
6.118472713228969795e+00
6.527799941436299491e+00
2.103449385258653770e+00
2.695852573503036531e+00
4.157472233963103392e+00
3.060665136971497446e+00
3.385522422972766066e+00
6.141501394313023665e-01
3.043249992747674604e+00
2.636204946563987406e+00
1.957668331841907028e+00
1.727742212076405881e+00
2.360048963384218546e+00
3.548119269324907510e+00
1.599614704120892128e+00
1.538770533191106793e+00
4.197449042466366298e-01
1.065893842637721578e+00
2.886166934940357365e+00
1.293194571344236765e+00
7.115391464570847146e-01
4.420382129130652760e-01
3.210350801936480813e+00
6.710742118162096315e-01
1.134264662651503386e+00
1.038120931147885395e+00
1.642716700868711799e+00
9.091367274524420061e-01
1.319271578478896645e+00
