1.605504441554724622e+02
2.813920641204111206e+01
9.705391963762645346e+00
7.422499508493083376e+00
1.820391045451484757e+01
1.518490352362887030e+01
4.749969836023679726e+00
1.379386628413034721e+01
8.982666199020924225e+00
5.956738996942985587e+00
2.958782328200179279e+00
8.369759359903190088e+00
5.800322745306383254e+00
8.512029810556335008e+00
7.003012905173928715e+00
3.886748003445822608e+00
5.415419862637457449e+00
8.849465602252996277e+00
6.442048976964254159e+00
5.842734164693063725e+00
9.012606200952916202e-01
4.021652098844525902e+00
8.989479247400595341e+00
6.786323700763579048e+00
3.506044014092053018e+00
5.956822076311978797e+00
5.080257324794657414e+00
6.845539841322769714e-01
8.433840145680415290e+00
7.036401287294996365e+00
3.894468308375186094e+00
7.742590141359412259e-01
8.382880326889257105e-01
8.502053938651490839e+00
5.495138116886751689e+00
2.635248089295961549e+00
3.343985564569116775e+00
8.769619861138143735e-01
5.953473216039895100e+00
4.670669334455920918e+00
