1.604213607497005256e+01
2.957567576269287901e+00
3.194816184304939632e+00
9.847184367382404435e-01
1.406152119301356640e+00
1.733541744048749500e+00
7.540791980785936932e-01
8.549324242248576011e-01
6.550342002772768790e-01
9.334539428728033661e-01
1.155192454372487632e+00
9.955012002402360283e-01
7.408893215604985816e-01
6.315561208217586042e-01
6.107934940134497337e-01
1.213595745507163731e-01
3.689846057638296317e-01
7.490981398716369810e-01
1.133603097935093063e+00
8.420319193397056701e-01
2.023270643743575736e-01
6.888801805355189156e-01
2.580651006041476125e-01
5.175369211005143022e-01
5.807088597728738977e-01
4.852162565845621889e-01
5.130739763251852548e-01
1.916320341971690377e-01
5.267729920742243443e-01
5.936751619694409232e-01
7.109113685940592342e-01
4.478397349134073946e-01
5.722048838535088722e-01
9.348850538888324735e-01
8.526299573852459401e-01
4.365111292163044721e-01
3.272585239494106846e-01
4.138095251776837680e-01
2.448544880710104010e-01
1.931819819206774536e-01
