3.056355260692049569e+01
1.547571484168608125e+00
2.019705328741402128e-01
6.330075751358669178e-01
1.512229987582933033e+00
5.285231264846075305e-01
1.213076821188503018e+00
1.018592970215566718e+00
1.108769400344353118e+00
9.545311596558840872e-01
6.789970566047828227e-01
3.898035077536908810e-01
7.905951183479025257e-01
9.601041787306045794e-02
4.773254797013731232e-01
5.474546555162176364e-01
9.835582971071601954e-02
4.581384007162808691e-01
6.601213596876844836e-01
1.790833603854291300e-01
1.604392137258186801e-01
3.249147156696196026e-01
9.185158037218821292e-02
2.933190399968926276e-01
4.325405107567082408e-01
4.528778438376451776e-02
1.410962700836121686e-01
2.319718422511039546e-01
1.948271613070714781e-01
2.681157768101494754e-01
8.166977600505948010e-02
1.257900300175773985e-02
1.900568383572257547e-01
2.500829655009014774e-01
6.709913583856061403e-02
1.096346601250119124e-01
7.718336469734105032e-02
1.207371950182254683e-01
1.333230040324327181e-01
3.012844766266977586e-02
