4.427399510993490139e+01
1.893839494815814928e-01
2.292109705398639008e+00
3.378500041292430200e+00
2.392469354715446972e+00
1.577032917961515901e+00
1.572994709550333381e+00
2.549793306758071587e+00
7.076983885274388264e-01
1.220199595048209407e+00
2.454387065583437888e+00
5.825313131595083460e-01
1.908276946982206512e+00
1.596863197740594265e+00
1.729452052545943808e+00
2.279889512188202794e+00
1.123452252870166701e+00
1.191402227798434410e+00
1.711995256032484258e+00
7.322321537994700424e-01
1.145790792739198150e+00
1.495013944369811387e+00
1.269955627193587899e+00
2.659299848448111736e-01
7.393487112539912642e-01
5.125358196134713884e-01
1.939376684678084939e-01
8.725579571578997440e-01
5.813698566748272123e-01
1.044577060294400728e-01
3.904452895767659970e-01
9.490772022335296487e-01
5.620401599207087706e-01
4.398825633159103021e-01
1.912906180875382500e-01
3.816258826283605576e-01
4.040698850332062886e-01
7.092146836501644902e-01
4.305985022441811139e-01
5.557222703214368398e-01
