4.384546938069719069e+00
7.100900071245300205e-02
1.716546018055355172e-01
4.881438509094868650e-01
2.160113513425692966e-01
1.736704767009769335e-01
1.538889163191994591e-01
1.443308809398594350e-01
1.963972207776567280e-01
6.364301992223672100e-01
2.919656793312674359e-01
1.168960805881838066e-01
2.951921567767209487e-01
2.852126271811047942e-01
4.105160270133230149e-01
1.037306152873565535e-01
1.367252988944008263e-01
2.471779320634459320e-01
1.782756817887350964e-01
1.025606924963576166e-01
1.318807030253015544e-01
1.277576907538560680e-01
1.899293101768721181e-01
1.152930113298652887e-01
1.267878972775270674e-01
2.446835026565726545e-01
6.202920302527248353e-02
1.809269547981422477e-01
1.004895423191732029e-01
9.091216481526655235e-02
1.116290889592681801e-01
2.599903984303738036e-01
2.172109310076795752e-01
8.375206724985705120e-02
2.007765135839802983e-01
6.776114863357882157e-02
8.545801313349529749e-02
1.557151620948095949e-01
6.529938340172317113e-02
1.514047842567958768e-01
