1.569040374982274599e+01
1.327109488243245483e+00
8.680551459227036082e-01
8.563224987294385526e-01
1.467867225825334465e+00
1.076512445014555786e+00
7.232478054942225176e-01
7.430243567465960597e-01
1.077331762803548809e+00
5.675775202701540678e-01
1.011619781857077793e+00
4.005906603075275463e-01
5.335926099644812126e-01
3.977896505579537334e-01
2.721018556385025322e-01
3.295767151234572090e-01
7.181127262615336071e-02
6.566514220351753195e-02
2.128730265091015039e-01
1.325804791090533785e-01
8.615450734069507455e-02
9.609803014520840181e-02
2.255443875890582872e-01
5.630195678129970571e-02
8.018567029855515338e-02
9.568990188826111132e-02
3.609199818142463934e-02
1.076493115641762553e-02
1.218137706621813393e-01
8.114274357218805023e-02
1.024356637498559375e-01
1.212588000122162418e-01
1.371655445708965249e-01
7.798804745853389619e-02
6.821508006148059577e-02
1.646205911709774927e-02
1.746843286343080850e-02
4.685017083578153080e-02
3.514400552120750670e-02
8.746760248094723189e-02
