1.704157482868072293e+01
1.348745076460668546e+00
1.362814962043941591e+00
1.791547260100643690e+00
9.685742837487635315e-01
1.156248577575664793e+00
1.830012879376899715e+00
1.870132378021129416e+00
8.449152287462681210e-01
2.353659761572079734e-01
4.051454423873003252e-01
1.403397187664440882e+00
2.630526875293976441e-01
9.651633369399835460e-02
1.386386890811771133e+00
5.221749051125208485e-01
1.044692816748736375e+00
2.286376588311769265e-01
7.362060462055947108e-01
3.696723900890037662e-01
5.068560524386107602e-01
6.041000067476105517e-01
2.820794839878924543e-01
4.362270847370884330e-01
3.745168589477550491e-01
4.482765548974831371e-01
4.124367849973558098e-01
2.458786961874311616e-01
3.208196105436653678e-01
3.505938950933378262e-01
2.507631842180659820e-01
3.013900381226815584e-01
3.200655838217554283e-01
2.222785370188777865e-01
2.710790505449988536e-02
9.508109132693012833e-02
1.436424781483416069e-01
2.004657819009147690e-01
2.161055520047367728e-01
1.732087762685172172e-01
