4.472743760674052282e+01
2.942733360867233028e+00
4.893131284852866969e+00
5.969308618382989096e+00
3.521631642658791250e+00
3.905536667339367440e+00
4.682891453076980959e+00
1.983099249970475819e+00
1.903265407709926693e+00
4.967534355674207092e+00
3.206291509732514644e+00
4.498035013742629040e+00
2.725933726754115050e+00
2.824485064223472452e+00
7.072501201498596624e-01
1.568750965504692507e+00
2.033452656349239884e+00
4.596410070295963712e-01
1.136574142960387057e+00
1.741998129408104667e-01
7.603194816461230632e-01
7.167887695818209171e-01
8.164813886396202758e-01
8.666860429071651106e-01
8.812507300427641077e-01
4.156504282936284711e-01
1.333246722164385778e+00
1.274954214782819117e-01
3.939302233001751308e-01
5.147783618936744299e-01
9.219230556875545046e-01
4.207887387246017630e-01
1.341553848187075015e+00
4.972751037277331476e-01
2.645382812896989178e-01
5.204869671295578870e-01
9.083522817403573146e-01
3.275076243454836389e-01
7.133031336899280372e-01
1.862387457988094464e-01
