1.258874527983397584e+01
1.782778024483735457e+00
8.443194359010515182e-01
8.173796362875782595e-01
6.999739228179194805e-01
3.482709024677601573e-01
4.770374159347126608e-01
8.458220838452085166e-01
4.242473953323999125e-01
7.997177926363545630e-01
2.140596340570266043e-01
5.590936195052146340e-01
1.591103395572855961e-01
4.720362083017738963e-01
2.162007043514917529e-02
4.849326423515416540e-01
3.765236925365403886e-01
4.122012857972751076e-01
2.013141724527022502e-01
1.635635251260719736e-01
1.869263818506699537e-01
2.086698532873675349e-01
1.755770716045746416e-01
1.867444326726342418e-01
1.327341367116078863e-01
4.866644123971850533e-01
3.587578374362234146e-01
2.694141743373688544e-02
7.958160371635716879e-02
5.874340593368602981e-02
1.701513708459580221e-01
1.995573194294359975e-01
1.529101407616687558e-01
1.413785563192435091e-01
1.034686915165302645e-01
7.855300778306270604e-02
1.846127034658409938e-01
3.192678243680763250e-01
1.632297625818534825e-01
1.183146206921213417e-01
