5.729647953577126884e+01
1.082352502119227111e+01
5.404462206306197558e+00
6.628462348237981416e+00
4.681483124770783988e+00
4.359468404759452298e+00
4.369810694989171296e+00
1.759273000811785836e+00
4.053398904957985494e+00
2.289475339954909927e+00
1.247135544285718378e+00
1.001073738678836422e+00
1.307841560554002136e+00
2.642513994088521390e+00
3.140886011657388011e+00
3.230705048273889268e+00
2.715727544279673111e+00
2.564580361588412405e+00
1.192096081617378456e+00
3.815158810418763924e+00
2.114541808507401033e+00
2.576477676177428400e+00
6.449216806755571074e-01
1.320507087934942092e+00
1.786561173292130267e+00
3.103056987012002832e+00
1.196709564300260542e+00
1.625389431425649622e+00
1.964403064424335321e+00
2.528096716940572808e+00
6.817629184136759779e-01
1.887575980960773947e+00
3.753889759721878772e+00
3.511699602908340268e+00
2.419812044823041131e+00
1.994519670448527737e+00
4.015417376777142167e+00
1.419607609345419297e+00
1.610531460091592093e+00
1.827932641894118859e+00
