4.294278645221381652e+01
1.941813495162853842e+00
1.780555034400440828e+00
1.386157983171778518e+00
1.450877527432022474e+00
2.251623085944332914e+00
1.718408181935151102e+00
1.121604177216762865e+00
1.293436438497183483e+00
4.295344235346454931e-01
1.165367983392558537e+00
7.713710663854967953e-01
8.957902545070145495e-01
8.536163802549958657e-01
3.312936815669291768e-01
1.200753748140825250e+00
3.131522004019033356e-01
1.112715802214015115e+00
3.868641244076334584e-01
1.613315159289683276e-01
6.667081358566577798e-01
3.119516780966110070e-01
5.963075683147692763e-01
2.322345797818902921e-02
1.894247406160431690e-01
9.310434751055320091e-02
2.878002479732461039e-01
3.964685287955724835e-01
1.391636460047944446e-01
1.128022574020783458e-01
1.737673452778142058e-01
4.042257484564738546e-01
1.608102927569629859e-01
2.377429079942576795e-01
3.500261625768313345e-01
3.601687104822099972e-01
1.896584487335291613e-01
4.257159688291207722e-01
1.642293331419522606e-01
3.056901210209373998e-01
