7.525645889665872801e+01
8.214828329672901219e+00
2.922892312234495193e+00
6.322274140989204483e+00
2.813703383406107594e+00
2.233383150328523303e+00
3.069855270259377100e+00
2.949659334404909128e+00
1.328650317663618852e+00
1.203877649668232630e+00
1.021749592515634131e+00
8.362093811070517857e-01
1.452977628694638534e+00
1.891764077834022117e+00
1.385318638648679768e+00
1.747671072883848709e+00
1.760206906004328220e-01
5.631028640162207832e-01
3.011702297633054859e-01
1.487746947081235005e+00
1.640024217363106995e+00
4.540575705172260612e-01
1.917290724484558062e+00
1.018857312366525436e+00
1.502583222577558386e+00
1.946798325749851566e+00
1.020550770957770359e+00
9.741800876272977971e-01
9.846462986777851922e-01
6.882827560103546016e-01
2.168224020668931828e+00
1.532360626823617622e+00
1.052270671998114082e+00
1.193210388216402462e+00
7.818237831532192095e-01
1.802596379738633070e+00
1.023922774130057167e+00
5.893465083594278120e-01
1.036939864961839985e+00
1.415969092263497098e+00
