1.138398769240370711e+02
2.449171477483567116e+01
1.907501075630935716e+01
1.768328799343867530e+01
6.734912496152441364e+00
1.102126229821537251e+01
9.906926314381294674e-01
3.181449543349955444e+00
6.538567091290677702e+00
1.610856804060176950e+00
9.106498815474482811e+00
1.339571006702370681e+01
7.718145637399861592e+00
1.270626514882588154e+01
2.661289040871714917e+00
5.400116696948652262e+00
4.267664018703030138e+00
7.274053939114655698e+00
9.716296362085206084e+00
1.268480095016188258e+01
6.265479630855424809e+00
1.044836581569291312e+01
1.348074195362225680e+01
9.559824586901601862e+00
1.058057351041830074e+01
1.235677180299582822e+01
3.121831916808372576e+00
1.353712783834180833e+01
1.259680065174069519e+01
4.703267519612665204e+00
1.147342974493006551e+01
1.202268742817353875e+01
3.137786244560016868e+00
1.288837778149452440e+01
4.112480329495679321e+00
1.375667312711944312e+01
7.719195917049816558e+00
9.560940949730882821e+00
1.568225857907094856e+01
7.174575856437956922e+00
