1.942504230465053752e+02
1.878643120179799908e+01
1.819118142462474097e+01
1.312395528916757037e+01
9.592328847259485869e+00
1.188931933399344665e+01
2.037152105595888330e+01
1.659882472996095260e+01
1.737427155535091217e+01
8.941861292004180228e+00
1.588453577388462712e+01
1.829708457268123922e+01
8.905021661928781640e+00
1.349068678418279532e+01
1.916925950794562539e+01
1.392022098303301370e+01
7.294647374614025459e+00
5.950165040917052117e+00
2.150925143180314336e+01
1.505431984548280688e+01
1.463057992054874745e+01
1.508793668781729558e+01
1.217993862761179713e+01
1.131095477474026012e+01
6.978146729460378950e+00
1.592408814566788422e+01
1.626904055034781393e+01
1.662013888023053809e+01
1.324443900550971343e+01
1.060750568209479283e+01
1.045828706593415625e+01
1.267224016928490116e+01
1.424788003476542997e+01
1.765631460027467980e+01
1.976568886579942230e+01
1.363556985573745273e+01
1.244330026574656323e+01
1.067867748523827132e+01
1.132802885402728421e+01
1.370894023564309805e+01
