1.190030698323021028e+02
1.646183051392505092e+01
4.898782293474305050e+00
5.285767387314364463e+00
1.386630952276643569e+00
8.578013784890213600e+00
1.844147667295396698e+00
2.419652429474584032e+00
1.958516240142066600e+00
2.916177344256647430e+00
2.375337702196222978e+00
4.340343457054924414e+00
1.533333586372369606e+00
3.808919112274372853e+00
1.648159624211405161e+00
7.309107773170993028e-01
1.704378156787706100e+00
2.713889729422200414e+00
2.442645814163196594e+00
3.049392619394573067e+00
4.015002943316178907e+00
2.514389841731548447e+00
2.085050537974959539e+00
2.270028234872409900e+00
1.314602347564464369e+00
1.435060513333086707e+00
7.035413165967788762e-01
7.382208728518910856e-01
1.330647416780684988e+00
8.827587716163406428e-01
1.501185240812665800e+00
8.118295845773461084e-01
2.365136100747610826e+00
8.046663651913995574e-01
6.374508225669779371e-01
1.698888789783572273e+00
1.982449512954554294e+00
1.208568970384666486e+00
1.876511330437652170e+00
2.612535278668307814e+00
