9.499645881192593322e+01
2.423239803013261806e+01
1.404822251116700116e+01
1.991381030653009176e+01
2.079284663027405600e+01
2.413798679051497587e+01
1.353761023095675320e+01
1.515665141414356221e+01
1.583462528751518938e+01
2.078406875245016394e+01
2.088511063896926956e+01
1.446563753127542817e+01
1.385130000553767893e+01
1.657266207397444191e+01
1.623763017670012943e+01
1.404691030972967525e+01
1.654338455189763835e+01
1.869867956832200662e+01
1.406397882017262368e+01
1.308558175608589913e+01
1.294157465145993235e+01
1.307843718449091774e+01
1.717654322323227234e+01
1.523972183086448773e+01
1.200190167201916047e+01
1.208329713876978673e+01
1.728800759621806549e+01
1.881327111925125450e+01
1.035128704984360404e+01
1.250518197741939375e+01
1.838766508088034968e+01
1.968099455660926012e+01
1.851351071745125410e+01
1.615088611258482487e+01
1.515456288502257287e+01
1.343628432487110658e+01
1.988695749953151193e+01
1.864141794291307264e+01
1.314720713565227861e+01
1.758718667966888205e+01
