2.216815082117974498e+02
2.032411246898145052e+01
3.187213683613407866e+01
1.004780175823799127e+01
1.534074723895140480e+01
2.443529368372027832e+01
2.544204804332861514e+01
4.003691167752914737e+01
1.785571973899372722e+01
1.889718633404624626e+01
1.803429077954412918e+01
1.835936674146935133e+01
5.667448884643657259e+00
2.252486271158061371e+01
1.067219435993217225e+01
2.389701918580156104e+01
1.033047838992605527e+01
2.208751754496265818e+01
8.758181641952747398e+00
8.252458154340908791e+00
1.857377321761733668e+01
9.119003981301712969e+00
1.211504589130439591e+01
1.430999787833211379e+01
2.379665802219869164e+01
8.315891661508587163e+00
2.181333962747035571e+01
8.527962788339916500e+00
2.214692070712694694e+00
2.609755943208099449e+00
2.157884518189536394e+01
1.479317682574589732e+01
1.438025004123225870e+01
1.277353403130562270e+01
1.556284907130493167e+01
6.564919888919193980e+00
1.363323341292040958e+01
5.994174129237404891e+00
6.847598764799774251e+00
1.321300853573798406e+01
