3.778754243354697451e+01
5.094013893807662008e+00
4.449194701540952201e-01
1.436373965581885237e+00
2.504613194420613809e+00
3.398927524033958480e+00
1.648183566146739665e+00
1.387140032259190692e+00
3.009276112769834199e+00
1.547368752865683428e+00
5.346636219863299955e-01
7.870500656461995037e-01
2.719035231249487539e-01
9.041355988778980723e-01
1.354039359502466899e+00
1.458894263269066238e+00
2.375835888124577355e+00
2.219959981624391787e+00
1.539346543104973097e+00
2.307939618989651720e+00
1.135192376166805239e+00
1.304484146008468182e+00
1.298944747063060179e+00
1.877533017599647636e+00
1.897031809009205316e+00
1.112086834278537939e+00
3.444459874590329873e-01
7.133059768766674136e-01
1.514657094204716392e+00
1.265371514508466966e+00
6.373356010464354959e-01
6.345522183497162017e-01
2.998785772271982619e+00
9.676563584504114246e-01
1.117985502596192671e+00
5.290259283954943381e-01
5.965805074824666043e-01
5.643643293817866002e-01
1.017755582872798437e+00
1.217192532190703558e+00
