1.003082953770113761e+02
4.473176864154456212e+01
3.128404216014832429e+01
2.067467666995021602e+01
2.650881598846087428e+01
2.693739669858847918e+01
3.039801580528667913e+01
2.026276618870929624e+01
1.896110217445204071e+01
1.572004988308994200e+01
1.876017680839440160e+01
2.059096110797946722e+01
1.669255425035733253e+01
1.179452532377822394e+01
1.659350406958770208e+01
1.541978759007307609e+01
1.164064271750773294e+01
1.023387110997365745e+01
1.187462538949731261e+01
1.596197296718948699e+01
1.019625314129915061e+01
8.470434736240896711e+00
1.048802592921409627e+01
1.086262450388795742e+01
1.070640382131997548e+01
1.281503155396528371e+01
1.067669174140821298e+01
1.012031731202795548e+01
1.062230609131338532e+01
8.932988017267168956e+00
8.262915893944507317e+00
4.776742688440808848e+00
4.558837603558878016e+00
1.227248361165138490e+01
1.069385112438110852e+01
9.001617810086123939e+00
7.220887017772356309e+00
6.863357087131877421e+00
6.116970704097006717e+00
1.000196136184322171e+01
