9.774616958680566370e+01
3.560368324645096116e+00
6.607972318036123838e+00
1.531456389490083447e+00
3.053905575959531937e+00
5.311482512025988534e+00
9.569036814854116058e-01
6.018548846202627089e+00
2.916221034727501937e+00
7.394252178698030420e+00
3.797910671283468265e+00
3.741922808206277207e+00
4.347451144073782636e+00
3.195058189771605051e+00
4.739963967581607984e-01
3.429487055208247925e-01
5.680597564439452185e+00
1.598548198346557481e+00
1.336863264866473555e+00
2.651604268813588128e+00
1.695878477761507241e+00
2.034824426521297802e+00
1.227985024982098938e+00
2.760716566242081171e+00
1.952766098487064728e+00
3.245136130660749019e-01
1.215835495120686893e+00
8.800528854956807256e-01
6.326905183443158887e-01
1.680619680329697108e+00
7.707461795735132126e-01
2.823001693512888099e+00
5.141156263396232662e-01
1.104079830599860923e+00
6.537343503059460659e-01
2.271501755962863189e+00
2.155967303825727654e+00
1.209939473813807842e+00
1.484312154176704812e+00
1.203927480371288050e+00
