4.465861982685635212e+01
2.958440877882303255e+00
5.411923972640152236e+00
7.393355147627879154e-01
3.479401568411539802e+00
2.226989103401856074e+00
1.318910581640016622e+00
2.278224122911555849e+00
6.904969333142206844e-01
3.115247441182150911e+00
1.720415904092753134e+00
1.191207962903589213e+00
2.366291968019531122e+00
1.664765494292814507e+00
5.523853942211257584e-01
2.441695460117665917e+00
5.115226604904210550e-01
2.936107522637189327e+00
7.904316874203108911e-01
2.660598347239583106e+00
5.289068694433094464e-01
1.110719214804895660e+00
1.047762746773313491e+00
1.446087647249250541e+00
1.267078308553592159e+00
1.924659951942823355e+00
1.590478852878829619e+00
3.214892554917739620e+00
7.088195716470364616e-01
3.158556361734087048e+00
1.812655810668522882e+00
1.009256110448450316e+00
1.270726753592978486e+00
6.233878396388266019e-01
1.779451311202164820e+00
6.408793778996494384e-01
2.034486912485021559e+00
1.374028764557409854e+00
1.872688057557250429e+00
2.894340369345007158e+00
