1.458277429960440408e+01
2.271884025196434231e-01
8.518590447061537285e-02
9.673340958728730843e-02
1.313132660594527878e-01
1.475573593126774941e-01
2.334753005472385845e-01
1.158968656154142768e-01
6.532715364239746747e-02
1.315566320179737680e-01
1.057462262159912236e-01
4.852015097079433875e-02
1.021918317758097466e-01
1.096836317147641404e-01
4.086680116913615768e-02
6.995334143949301364e-02
1.663672085762205599e-01
6.861277254954312177e-02
8.445132478871821002e-02
1.530084072731143496e-01
1.380800795891662658e-01
6.127070283091577696e-02
2.361258366493275695e-01
1.292912200666039568e-01
3.407552115775401569e-02
1.358900206754744544e-01
4.057190575261354626e-02
8.869124364724138843e-02
9.942799113209248307e-02
1.754299585246509030e-01
6.457062020801924984e-02
9.048045334633930681e-02
3.542016185105103382e-02
9.763953233352951067e-02
1.162412802969817055e-01
2.018116838178532213e-01
7.107461320649582914e-02
6.785732544161332536e-02
3.517895590382069670e-01
1.107786622833307200e-01
