8.754762265772386343e+01
1.620079658487321694e+01
5.501307930586905037e+00
1.434186530710592766e+00
1.846197679525302560e+00
4.034626648715962105e+00
1.506910021992764026e+00
3.416899599656464392e+00
9.469980597949315682e-01
1.266977833482429761e+00
6.576447560135119108e-01
5.794941310385715916e+00
5.559216172652715615e-01
1.843614792002671088e+00
3.528620466399461364e-01
1.659350580828397925e+00
1.423885621011292679e+00
3.553471496479967406e+00
1.728436688678676614e+00
1.876556153379046465e+00
2.089058148289526073e+00
1.283421951820284290e+00
1.663638808509439126e+00
2.469302293010458893e+00
1.254931384633456881e+00
2.493084233111380055e+00
1.259893069426220702e+00
2.916804726230042277e+00
8.391146981950925454e-01
6.641604143533550442e-01
2.160470273053635704e-01
3.762949458817569370e-01
4.451913226686411429e-01
3.151331083716927273e-01
8.642436965148554417e-01
8.488541621660571357e-01
1.673569623368617032e+00
9.865290310118491890e-01
9.025008737494725208e-01
1.018667966672467395e+00
