4.737424324064633652e+01
5.987142890378136961e+00
6.923271443230030187e+00
8.033300168231642502e+00
2.738690607399968613e+00
4.093544106047086295e+00
6.320929537692593136e+00
7.503373149689863908e+00
1.044157573449740717e+01
8.790306290955083313e+00
4.662320249330488053e+00
4.793222257698627864e+00
2.712653403620596482e+00
6.310264235126142651e+00
7.307438477679812472e+00
6.006063571166817106e+00
1.035319155556979354e+01
7.317826202303984395e+00
3.896353111768333211e+00
3.858316774721216813e+00
2.085753143249595265e+00
7.051684843767628941e+00
5.893108604662672612e+00
6.443353892611968448e+00
6.776367897742336943e+00
5.692263005989762981e+00
2.908008094825515588e+00
4.685814359862011003e+00
2.311856135401595846e+00
6.411259338935759722e+00
6.410042900922375608e+00
4.482045787469944642e+00
5.636672072007995915e+00
4.912241846008821966e+00
3.795328838892334744e+00
4.746327566520278651e+00
2.529767795600844860e+00
4.374471537409235111e+00
4.749455744499823773e+00
4.765608179522497601e+00
