3.366096117844608671e+01
1.888674699025634895e+00
3.123211140242665440e+00
1.350583251766704018e+00
9.874684881375788148e-01
1.149620264415998294e+00
6.184628721185480016e-01
1.107644849081126814e+00
1.991609177982058609e+00
1.112243854937770005e+00
1.582658074161871209e+00
4.773525587807579962e-01
2.779138008370355184e+00
1.661902358400174862e+00
9.323648092282177391e-01
1.458195665367830074e+00
5.879457112417022513e-01
3.832583344942848691e-01
8.323572208718015286e-01
2.920769863802249455e-01
2.157669681258962135e-01
3.963572521101350055e-01
5.513935394752825792e-01
2.892231404586106391e-01
2.002665506413123520e-01
1.149199580690413169e-01
8.333580862794134347e-01
3.730369187359963146e-01
4.364197551680166764e-01
8.740089416901896113e-01
9.502967086699086741e-01
1.422529609551666852e+00
1.079099270552260625e+00
3.942517059021994896e-01
3.660209649672023779e-01
3.002114816395222707e-01
6.882744219864961321e-01
1.057092250617680973e+00
6.332737912574126771e-01
1.448473408768965465e+00
