1.577631306116342280e+01
3.600120184701816495e+00
3.307766502122120755e+00
1.293380156777194756e+00
1.684392497399755051e+00
2.136727703395596922e+00
2.243949245116759528e+00
2.167915963012542413e+00
5.675967659515105401e-01
6.705753157803219233e-01
3.031630421906345019e-01
6.562914799274661704e-01
1.253821521184781185e+00
9.947379705371235392e-01
1.252633256176514776e+00
1.649210405234124321e+00
1.218678109627667094e+00
1.455964466774459787e+00
1.792586995055559296e+00
1.395834936896844347e+00
1.691386620970126708e+00
1.646058511704457494e+00
1.132172754760560451e+00
1.434867323909996717e+00
8.536795395250160734e-01
1.546603490123904523e+00
1.211357128192018129e+00
1.433853481446216493e+00
4.164551449605342071e-01
5.681559477837644367e-01
8.948635551190837756e-01
2.810734101434946841e-01
3.001942574873033287e-01
5.076952301871617834e-01
3.011168218345394165e-01
9.603668441095171149e-01
1.036943204969147159e+00
6.226734136626027594e-01
1.250840815360603209e+00
1.067214158395779933e+00
