1.231367458418347525e+02
9.358241201911496887e+01
6.334239722746310974e+01
4.432202213955590508e+01
2.716970871586338632e+01
1.850368588547646809e+01
2.707295904854073854e+01
2.932957274445321261e+01
2.287278475145685874e+01
1.700659808199801049e+01
1.186870793671135438e+01
1.128311708372919142e+01
1.121325547044860116e+01
1.170649800103175231e+01
1.374000798747896468e+01
1.528231890985269992e+01
1.414681607571454336e+01
1.253214924400095143e+01
1.074250256485441213e+01
8.264308815825421206e+00
6.436499306876247495e+00
7.573019205413336508e+00
1.186986325293466393e+01
1.560062269431860749e+01
1.812957121006203209e+01
1.998126302815390432e+01
2.114168747300259810e+01
2.136916720034331973e+01
1.984722986306112702e+01
1.906974564626777635e+01
1.468197509879325224e+01
8.364734910864076056e+00
1.808730585858206119e+00
4.102853133355251813e+00
6.932896743708013787e+00
7.793221660568165454e+00
6.134738874683146825e+00
4.061415139511800554e+00
3.323436236497418150e+00
2.475728683582445022e+00
