4.132764837027592897e+00
5.076953671394597301e-01
6.768825724370034491e-01
3.874378080998827079e-01
2.885870954464675453e-01
2.083351538650899670e-01
4.764599155360509375e-01
4.334816322958676138e-01
1.512018583951545425e-01
6.047029542578934436e-01
3.531129551230774433e-01
8.512218143433032680e-02
4.326150371474840606e-01
2.502616681241688346e-01
3.127122160786146438e-02
9.187087823528534980e-02
1.206506354772630546e-01
1.215224913941574669e-01
1.325437568362853868e-01
6.903215846310629955e-02
1.046848424253426085e-01
9.636068876897183055e-02
2.499905964621624843e-01
1.604338888385925255e-01
7.888982038035739774e-02
8.001526823770845065e-02
2.076280661832343166e-01
1.326839472545645604e-01
9.988705230937054702e-02
8.789170205810691028e-02
7.722275486264189304e-02
5.019390891691665607e-02
8.242403344587125036e-02
1.328102832695488011e-01
1.098659948864510461e-01
1.819508083624854777e-01
1.330399090908465087e-01
6.594850148750085184e-02
3.996964975646905005e-02
1.190066424184564736e-01
