1.635053988497365651e+01
4.417690406695085947e+00
3.498311850634621134e+00
2.366533717187750963e+00
8.649715306731255993e-01
9.736751560086124302e-01
1.576484097861593714e+00
1.561646200206675106e+00
1.130683884356259883e+00
1.952956885991203317e-01
1.620671820349705028e+00
6.007044659510835105e-01
1.053312893623218116e+00
5.619048831727657678e-01
6.902536401169994118e-01
1.492145436586971963e+00
1.305359522040406173e+00
7.630297573012995160e-01
1.744148031823362643e+00
1.276842327772776953e+00
9.227330644038315155e-01
1.838642398422080326e+00
2.052098900100010948e+00
1.062513888551892771e+00
8.516569583526413245e-01
8.935318433714328767e-01
1.029128552278401498e+00
6.147417678968722932e-01
3.820271070271891167e-01
5.927672974531115191e-01
2.840233109451390514e-01
5.073139126098158425e-01
9.156180066047792110e-01
1.234065356442526573e+00
6.452906107644116318e-01
5.660310360592445411e-01
6.722114859826633371e-01
8.124595170556780932e-01
4.701463112535465005e-01
1.253378940156089083e+00
