1.377048425257424924e+02
9.531374767720591024e+01
5.087953680556693570e+01
2.216324857013829330e+01
1.977415552291241996e+00
1.867245817237359162e+01
1.272144004319878974e+01
2.054470780314871448e+01
2.902161390765999016e+01
2.716120534623109606e+01
2.329819935808700393e+01
2.063127246163383077e+01
2.411479559504946835e+01
2.998608262741743147e+01
2.806674795906757325e+01
2.265394902565727975e+01
1.382696238922400234e+01
2.171422060940132237e+00
9.916275444116362081e+00
1.629588633345856152e+01
1.833746044220321991e+01
2.044480716789872332e+01
2.268571047823007092e+01
2.288975764765139687e+01
1.678926132119754655e+01
9.480253109760923280e+00
1.027812179033648299e+01
1.530349830549743295e+01
1.548878936716960020e+01
1.537404190253274194e+01
1.967164179079466635e+01
2.553333856723205031e+01
2.400507836143745877e+01
1.349615988091020391e+01
9.269033743208058951e+00
2.171864223419172291e+01
2.804456916795751908e+01
2.224151036718327745e+01
7.979241077252154923e+00
6.928320642031703613e+00
