7.484921816860352806e+01
6.577660959983033351e+00
8.193386216035488445e+00
7.178594194064144673e+00
3.979025012990196952e+00
2.403352098482711252e+00
3.280514915096850892e+00
2.950487817241000510e+00
1.645777116366354820e+00
2.541799925117573800e+00
1.909513917720005560e+00
2.434766649891877410e+00
5.386070152692912671e+00
3.996670040906564747e+00
1.791791877637499975e-01
2.118197524193096815e+00
2.346625877966512785e+00
4.241768644872845329e+00
2.698045777447731552e+00
1.006652472763404305e+00
2.339087157505465253e+00
1.714189812514917755e+00
1.668290714081397841e+00
1.070339934462894327e+00
1.691577858532427481e+00
2.535135506539405448e+00
1.334128877738259389e+00
6.551952285840358936e-01
1.917727753016971459e-01
1.516010433302918736e+00
1.806624144399785914e+00
3.449608483417024862e-01
8.242464717641170280e-01
2.064593488897606410e-01
5.335737563776240533e-01
2.065213406690899478e-01
5.140040562616402520e-01
5.906304717895398682e-01
8.641184844077016702e-01
3.228263379485840634e-01
