3.352980072031562031e+01
4.826218758296955791e+00
3.096713489433949640e+00
2.158665781844456344e+00
1.089854030905174076e+00
3.491994966725201710e+00
4.204462309528104180e-01
3.199858531802359241e-01
1.122041152589662083e+00
1.818052590280406777e+00
1.150319006426031798e+00
1.575004518959743915e+00
1.421173316241230333e+00
1.864087777398465207e+00
1.155474005168756424e+00
6.748662363464134062e-01
1.164026330840913115e+00
1.023502505697072851e-01
1.359784820774569081e+00
1.815846571499208473e+00
7.896090622824903926e-01
7.800369224237044818e-01
4.128694782670204177e-01
4.261574256826756169e-01
3.802398895492097863e-01
6.734745048789594346e-01
9.807721655890991874e-01
1.891604392581970884e-01
9.057275183669337704e-01
7.474886102791546971e-01
5.831534395704243146e-01
8.489067442184464740e-01
2.437302976957018696e-01
1.135495553941493041e+00
7.121720718990428578e-01
5.603277090854941189e-01
8.489845880360818997e-01
4.957471463030233005e-01
1.392868831619531012e+00
8.348992639493066914e-01
