1.767994592437046819e+01
4.075678299731869458e+00
2.239171190467059258e+00
7.835211158233462703e-01
1.371219194104276395e+00
1.564792604384083408e+00
1.831898413079693588e+00
1.248039242666260318e+00
9.623661958369850167e-01
7.360077177038168994e-01
9.709468750511297541e-01
1.599242521846196530e+00
2.237245556793016288e+00
1.369134932304914232e+00
3.717999742827577947e-01
1.347567095824364625e+00
1.317116342703041010e+00
1.704698607229778506e+00
1.236620757426049044e+00
7.640127886505080346e-01
2.909461754193201077e-01
2.907711382041310855e-01
4.371270733682579568e-01
4.560252679523847386e-01
4.463462433564044374e-01
1.691429548460503599e-02
6.744833133923503476e-01
1.916853667653204696e-01
1.301311880117986541e-01
3.451886543005107666e-01
2.583069522610540458e-01
1.348681969863275709e-01
2.505197500412068567e-01
2.072739756048633530e-01
2.685836877170507120e-01
1.792800928413165462e-01
2.312401101183193808e-01
4.806077472659294608e-02
1.089485188376451835e-01
1.653291255923510783e-01
