5.764045092554066940e+00
4.497782809634112144e-01
2.706299756999624440e-01
3.620750025042542286e-01
3.932433669550819411e-01
2.937446913425981188e-02
1.839363214514404821e-01
1.876254330625985733e-01
9.424055106769357870e-02
2.291918722068547742e-01
1.735444619224743856e-01
2.115915673415225406e-01
1.098495080065080842e-01
2.806087038019914881e-01
2.405428113383758504e-01
1.485540103954404445e-01
5.704073132564001919e-02
2.009696029576246989e-01
1.925987836722415913e-01
8.896622046801516692e-02
3.344928945532403552e-02
1.886693860932731059e-01
1.959228150372632205e-01
1.128704918058213574e-01
4.586068145856483230e-02
1.074085037081226879e-01
8.574103819193189258e-02
1.984974152607129894e-01
1.948588894590680409e-01
1.527878100785784177e-01
1.095989703084478406e-01
1.844192452270633220e-01
3.088921134326419460e-01
7.883220456140066501e-02
1.637443495450272013e-01
1.688660211341995177e-01
2.474933435379856606e-01
7.095908571106271379e-02
1.740568519486761501e-01
5.416347356830866766e-02
