2.219413652260423575e+01
1.878202942263509589e+00
1.609971030290477279e+00
3.425663402176857275e+00
1.720017226257090304e+00
1.390022768981910684e+00
6.461558622576791810e-01
7.235359329557744523e-01
2.954045244016322291e-01
2.374904924166361564e+00
1.302053367486619262e+00
3.323602673023307585e-01
8.647564095925326377e-01
1.024864197406169408e+00
1.314237800793818023e+00
6.197424744543786890e-01
6.762896851526063458e-01
2.757465928803294886e-01
3.537564356262890009e-01
8.687211314792931960e-01
5.549141284210689085e-01
5.648905887063386810e-01
5.840574672845141313e-01
6.251074302513665026e-01
2.267334711137850567e-01
6.636855462026336472e-01
4.742234346945365386e-01
4.525003538006329706e-01
4.182786176909611964e-01
4.084407839952523545e-01
5.534773815488601700e-01
5.096743355423677402e-01
7.951181239595420669e-01
3.027749589189707713e-01
2.730983750781584840e-01
3.122768314665068101e-01
3.315441136192780469e-01
6.151569421963005713e-01
4.866735472967917420e-01
1.595741294523247422e-01
