1.085756475204765437e+01
1.222223561189503815e+00
1.040022690499522451e+00
3.340147232867246574e-01
6.649946834508917437e-01
7.421307521469396873e-01
1.302350193113126275e+00
1.034571514815595838e+00
3.968456168574019394e-01
2.713421813845549035e-01
1.400372367256080552e-01
2.165370941916177350e-01
2.268871432383273434e-01
1.469464498060325253e-01
7.592760375199188172e-02
1.471168177562852675e-01
1.541914602939307988e-02
2.257002404671848775e-02
1.588150285223183245e-02
1.286045375901072318e-01
8.388353211172761004e-02
7.614832262363013804e-02
6.923399249131194366e-02
7.602134719518609252e-02
4.275710964364995426e-02
5.314983393292593145e-02
1.993073634336029604e-02
3.509536378347077878e-02
5.123576314568557138e-02
3.291413728873408828e-02
5.177746106624021849e-02
8.855330128174422610e-02
8.457784000555269854e-02
1.630037346172296536e-02
5.018321619124040817e-02
2.198702922013536995e-02
6.560810149903467670e-02
8.299576760049798274e-02
1.518389283715679272e-02
1.842053684782318790e-02
