2.369895181501269832e+01
3.201578975117839398e+00
2.670193681925058904e+00
1.613385020844244622e+00
1.201657804068951396e+00
5.071866470581314346e-01
1.742453063401850466e+00
1.085033739271363373e+00
8.708029015808641526e-01
8.613471929989134912e-01
3.766029609718334337e-01
2.626612577673045346e-01
8.870203676971361029e-01
2.218660570025002166e+00
4.327749779865641133e-01
2.226050464981083277e+00
8.158265291956723342e-01
4.488810809716611838e-01
3.151012508608378448e-01
1.710064687102703374e-01
3.793687088139537922e-01
6.260894470022646541e-01
5.140129266227939642e-01
3.511571127123862546e-01
6.458800258518795356e-01
2.442316764637095239e-01
1.529103854115317074e-01
2.160747953139484090e-01
5.857757025054253219e-01
1.033582321885985200e+00
3.957611430019445375e-01
4.654652992087907615e-01
3.921534680056072419e-01
7.972662633293644552e-01
6.504904080493371099e-01
6.945373158703611605e-01
7.478783627473957196e-01
1.680307750847275461e+00
7.302502846973358830e-01
1.313739066296610414e+00
