1.669800634573194031e+01
2.340700586626972779e+00
3.354857818884383835e+00
3.303857208157253478e+00
1.593716301848372430e+00
1.724540484166417587e+00
2.713141586856691045e+00
1.947723262100545805e+00
1.441810908841696826e+00
6.550697258146063184e-01
1.124280455572367776e+00
1.754048517012471997e+00
1.295880908078936855e+00
8.512484331147611716e-01
1.221715390407133173e+00
1.398496306099649589e+00
2.713471948547223622e-01
1.770742571604847715e+00
2.029201868199808079e+00
3.593394361907502610e-01
1.415247105015999818e+00
1.380053454459764239e+00
1.323382898463079105e+00
1.922835515073065604e+00
7.425331765484357582e-01
1.965389028075211764e+00
1.524301715676569691e+00
9.368584279137966986e-01
1.433470930958506750e+00
1.855327363703767052e+00
9.600868454558965093e-01
1.907530087548860998e+00
1.643244418351799130e+00
7.192052661415146986e-01
1.771121898953596174e+00
1.487268478068343613e+00
8.933958109317658991e-01
1.623923380452447329e+00
1.508471252370415572e+00
9.095634823789808809e-01
