3.354916319694847715e+01
4.604135127065197786e+00
4.422283344959279106e+00
5.857323609342952153e+00
4.357826213313515495e+00
4.146544594801380157e+00
4.956401350462972033e+00
4.359646966247037625e+00
2.563832972290312817e+00
1.491064953380055513e+00
1.893317363289414246e+00
4.552822849186638265e+00
3.102510408602931147e+00
1.245494299793294957e+00
1.262298031678792620e+00
1.071438808496285366e+00
2.671776919751592816e-01
1.368703409900943857e+00
2.777986656960386824e+00
1.631821389355902374e+00
1.707207236636916203e-01
1.228712272809694417e+00
1.673232370727981477e+00
2.032993008381676070e+00
1.341625012801797245e+00
1.974110388966211271e+00
2.143052146110171030e+00
1.843454420669234262e+00
1.352114077950308024e+00
1.942332386965259117e+00
2.254664056284573892e+00
8.323590565984539946e-01
2.140906354257743338e+00
2.337559932172928789e+00
3.337899951647743890e+00
1.523756235485120403e+00
3.170070320524380758e+00
1.676977909218712259e+00
1.021935590884518019e+00
2.282451620722954377e+00
