2.340671458702303909e+01
3.506693766904590781e+00
4.647016218751272021e+00
4.395788255496438701e+00
1.299817071072727925e+00
2.636832960298001627e+00
2.788684911763005925e+00
2.022552784245759128e+00
3.048016465554143739e+00
1.726749615978694585e+00
1.177134699499045478e+00
2.888625907507997859e+00
8.811283867768187061e-01
1.619666400393385386e+00
2.146905000105656214e+00
2.006167343822280458e+00
1.913599676465002286e+00
1.352079178203124732e+00
1.851759418399293589e+00
1.864369629487171165e-01
2.268182631867270427e+00
1.630222861101547904e+00
2.763213313720267905e+00
2.566603276565960101e+00
1.323051311131429042e+00
3.189553357220382690e+00
2.158947581291069007e+00
2.314557734140826550e+00
1.740175570837716457e+00
2.137485075510503041e+00
2.427349469209425070e+00
2.550757881860207466e+00
1.122277416090280200e+00
1.744269349256232227e+00
2.986391470270491677e+00
1.147656131160598836e+00
2.104292583919419535e+00
1.473489100765969173e+00
2.134029654120896513e+00
1.661802711231740837e+00
