3.752941458837411659e+01
1.692997923798981574e+01
5.825185548780571487e+00
2.379539489230710902e+00
6.108049896829266245e+00
7.365277648677689193e+00
5.656221524526812594e+00
5.067602575536755083e+00
3.060319349211999995e+00
1.047291510987918839e+00
7.972915527964478111e-01
5.718787497283793764e-01
3.448973574923091423e+00
5.408278069025588941e+00
6.033406583723985861e+00
4.907653091323638250e+00
2.788399593963220013e+00
1.667790832323596817e+00
3.241216724892122869e+00
4.458766555339548354e+00
5.949410971037265128e+00
5.301515756901385323e+00
3.143782705692541590e+00
2.831146083784358503e+00
2.067681591280196685e+00
3.414831892180286932e+00
3.741519067130139042e+00
2.505180910487087687e+00
2.556618106347809505e+00
2.343469530901784559e+00
4.430978252890713787e-01
1.662145080324479496e+00
1.454833360682691756e+00
1.177526593606354588e+00
2.842688056315377132e+00
2.592620602211828995e+00
3.947922209143706063e+00
4.113161520225208534e+00
3.741056866028821037e+00
2.801400853462844509e+00
