2.821955692440150187e+01
4.673231930076528151e+00
1.108326135953982439e+00
7.515469428179100131e-01
9.236437605745337898e-01
9.957154877577452101e-01
1.021832784888750734e+00
5.881711641298490445e-01
2.414776378813752178e+00
1.016946363304747525e+00
1.088849919034440283e+00
5.235505969687848093e-01
1.364329427266252059e+00
1.276980349249820623e+00
1.695861126099055705e+00
1.253400620434959700e+00
1.173415205899706937e+00
1.028949886926725954e+00
6.190754918862463319e-01
7.200169691231914637e-01
1.682596200231834871e+00
5.144280295338680142e-01
8.065663103026602387e-01
5.638721719512603814e-01
1.120147736348081846e+00
1.674783918146888650e+00
1.467557392475029587e+00
8.403681241857512418e-01
8.337483395054943180e-01
1.617459407354294942e+00
5.965066325286103588e-01
9.516580857154965933e-01
1.321472350554382391e+00
9.413398009802114164e-01
1.201365079081415876e+00
8.254698408152471023e-01
1.041902778081758019e+00
5.104714485055450446e-01
1.058190782144619480e+00
1.034744025495545783e+00
