1.871284654734193964e+02
2.886875135123040792e+01
4.756153534712183983e+01
7.950581114814420758e+00
1.783180292756224006e+01
2.945335331088876529e+01
3.644943146348164476e+01
4.584725415908030044e+01
2.876582142227731609e+01
2.718871496119373532e+01
5.676546578514645169e+00
1.241000620008819944e+01
2.623628845590552672e+01
3.516361767080400824e+01
3.563817973146967688e+01
2.609881223830081964e+01
2.482138354794529533e+01
6.250051426100384333e+00
1.931444691549474157e+01
2.224344422185360060e+01
2.789268221069028186e+01
1.880070061816795146e+01
2.057822589209544972e+01
1.230493905524243203e+01
1.042428238264587215e+01
1.318814283513707331e+01
9.730849032621398109e+00
2.403187980185768424e+01
1.447382768852596335e+01
1.605628021495026658e+01
5.924647058615481576e+00
1.129075525187592000e+01
7.154964504755112031e+00
4.018937458734481716e+00
1.682624442634612194e+01
5.123951520720501307e+00
1.447095227058014721e+01
8.383797477318797320e+00
6.356809567835682628e+00
6.110660890244511201e+00
