9.497653146725589579e+00
1.532233732157520567e+00
2.169131290019925551e+00
2.607789921250272425e+00
1.276381444503697171e+00
3.179198044700345172e+00
9.795570959100934338e-01
2.329227429533957228e+00
2.585642095005919128e+00
1.280123343191834406e+00
3.087523354172541534e+00
1.469142811918326297e+00
1.710454714526636666e+00
2.143667256674773203e+00
1.312323027974484191e+00
2.133173838139212464e+00
1.793597052591632934e+00
2.394265967035492437e+00
1.858295317304972771e+00
1.190190753920858047e+00
1.849041847027726337e+00
1.965832973243768045e+00
1.503200889097504378e+00
1.319200645499682523e+00
1.704929979073052104e+00
2.044616029109310507e+00
1.454866688727262325e+00
2.055103371517651656e+00
1.551089596391951986e+00
1.945660757001934860e+00
1.215349959545104053e+00
1.224632750054221120e+00
1.730475262692355187e+00
1.653465147172099581e+00
1.996553480047863260e+00
1.732844511218820660e+00
1.547373926770314378e+00
1.648647628830476108e+00
1.984936437484299487e+00
1.490381488486575368e+00
