2.552161754602845178e+01
4.655738635033351613e+00
3.769307706619468679e+00
1.087513152418648543e+00
2.342273070003681124e+00
1.164751108264389989e+00
2.206084445516378612e-01
1.285396442349076018e+00
1.621028150494639997e+00
2.365565687833165676e+00
2.074851255025366381e+00
1.370252651654032094e+00
1.188886806551769482e+00
1.097931595885243361e+00
1.649068992164369751e-01
7.360768910534198906e-01
1.813306871522332164e+00
1.364558352570257371e+00
1.279997896594867957e+00
5.577881205443550039e-01
2.128683185104648157e+00
8.782016305579340987e-01
5.077916512766190715e-01
8.671742003589674175e-01
8.680501442268676593e-01
4.712428105298700487e-01
6.266420083159073284e-01
6.347405850453590181e-01
1.894741198943684368e-01
1.492672608373354581e+00
3.195374735324327808e-01
1.061355637193581947e+00
2.245410309574664975e-01
7.054692013735243128e-01
5.086892933966921104e-01
1.166041094660719146e+00
9.138985194307721605e-01
6.022064645788394177e-01
7.144642252227796364e-01
2.527756602941118591e-01
