3.156956272746468173e+00
2.678069579636536135e-01
1.734499891685809814e-01
2.040349365720736108e-01
1.697892607456892577e-01
3.216033486865030877e-01
2.251430273310811581e-02
2.258207704448182140e-01
2.933047781516563424e-01
7.955891588880617538e-02
1.202638646158099150e-01
1.608305918785591371e-01
1.248069866297040753e-01
1.493986689079608299e-01
2.436229171451298123e-02
7.528169614222671169e-02
7.969719151048716699e-02
6.549134576284454390e-02
4.654329684857405613e-02
4.175804447745613823e-02
4.273765788821159983e-02
7.632438191251997295e-02
2.900564445375969705e-02
1.893463297515402335e-02
4.195886858644218287e-02
2.523781545697976678e-02
6.279364257119685044e-02
2.897649198178489649e-02
4.368321663865242649e-02
5.621800143880403139e-02
5.349584889902482543e-02
2.893036326695721389e-02
4.634745005453443784e-02
2.047031992557026350e-02
3.263721344858641626e-02
5.060694402393890040e-02
5.628220630260157703e-02
2.575865046392826485e-02
1.195508919257593297e-02
4.642655367647476050e-02
