3.016171176974172852e+01
9.060602825055083187e+00
6.279492287190298505e+00
4.610543579707631068e+00
5.212507790286427856e+00
4.712524711714088710e+00
4.468461097275976179e+00
3.768881421117205477e+00
4.206897686161002348e+00
3.815437564916489332e+00
9.413094887753058471e-01
1.433232686738896255e+00
9.772304625659087307e-01
1.601582368337663154e-01
4.671118148151851557e-01
7.746925761778941100e-01
9.505023965331953484e-01
1.161986831921241636e+00
1.134506444117274970e+00
1.008940046348670627e+00
7.943189741205353149e-01
7.546923300472178076e-01
3.151448708248070774e-01
4.862872862095714011e-01
7.258929154852374888e-01
7.886537502352160001e-01
4.601184744344609667e-01
4.144040685059957041e-01
3.129049427335875433e-01
3.534452631538640421e-01
4.168533552702292089e-01
2.215804180129322676e-01
1.552496810563229745e-01
1.679063497491626866e-01
2.109542505198549467e-01
1.863656184229844359e-01
2.812699848396083557e-01
2.242261569120996278e-01
2.809662386897179287e-01
3.872446376021593806e-01
