1.524765512293422276e+01
1.241716643273250487e+00
2.263863302707452618e+00
1.095762740974208560e+00
1.127963102825127351e+00
5.864248103546467750e-01
3.969123090359313877e-01
6.436739353708247346e-01
1.074268332800947023e+00
4.476511633365708454e-01
4.316978357483619577e-01
8.364102602321660251e-01
2.815275123677447033e-01
5.742617454492767726e-01
5.532300478992898674e-01
6.937744550174831382e-01
3.411223973363663453e-01
2.686813263856807077e-01
3.117813337513281047e-01
4.784359618846850126e-01
2.244089545072276426e-01
1.738353240360532848e-01
5.285174134804170309e-01
3.940172008542894844e-01
2.539570766169468863e-01
2.732830021908010387e-01
1.425824150637964860e-01
1.261877234724508856e-01
1.627125350958599434e-02
3.175682916325566624e-02
4.527245807753536577e-01
2.155945934988565682e-01
9.940571823287698561e-02
2.214617105320114063e-02
1.830740708029033048e-01
1.342130488544078792e-01
3.855784800708593196e-01
2.728488380433735094e-01
8.277995323947824613e-02
3.351476966299289928e-01
