2.019799305642674625e+01
8.106718059632294526e+00
2.369120209113450670e+00
5.165885988400408024e+00
3.665021438297826339e+00
9.381035889780744430e-01
1.255518850378545714e+00
1.058651773848092503e+00
1.329616764299889065e+00
1.284907429714826188e+00
1.601013457307764343e+00
2.056155603139587118e+00
1.896217836629576992e+00
1.899060635061629476e+00
1.900388927709491194e+00
1.514460226956854560e+00
1.066931505743747843e+00
6.006160847444935724e-01
9.826388659123890257e-01
1.929306152649473693e+00
1.986464000276902064e+00
1.887869106305512190e+00
8.171944360557550358e-01
1.292823159060638494e+00
9.531926672208052009e-01
1.039019742290886450e+00
1.440188304818573739e+00
7.914994933571031233e-01
5.995589223562777237e-01
3.979004068772702407e-01
6.215639147991325331e-01
6.006746536414689919e-01
4.964193976404943087e-01
1.068861182451994019e+00
1.053448225962693163e+00
2.940984029857933724e-01
6.079233091900638764e-01
5.001841724892522878e-01
3.563083843868626310e-01
1.092934590762010494e+00
