2.454595744706575289e+01
1.504068956336134910e+00
5.959226957533643620e+00
2.195091396008479911e+00
4.107830098178026468e+00
1.371748991778465765e+00
9.019958759522105352e-01
3.484191615795522612e+00
7.275918989792342639e-01
3.863481640646944548e+00
1.258519705933575095e+00
9.121332702379860713e-01
1.357318555134198412e+00
8.432909477111883989e-01
1.215334145730607496e+00
2.444588347121434246e+00
4.672167778468465649e-01
1.409315618438806039e+00
2.139351381727216672e-01
2.838814594190492979e+00
4.687848816033757249e-01
8.137012147719007160e-01
2.909980595150743476e-01
8.365757615732372088e-01
1.837999395102888345e+00
1.691862812232457935e+00
6.848947450659498282e-01
2.073562118282900713e+00
4.292967530307917334e-01
2.868121783209928832e+00
1.728480322011831882e+00
1.513032928188015935e+00
1.957841645947343334e+00
8.194018340064830319e-01
2.880272344269586338e+00
5.625661361486771206e-01
1.587176904651604215e+00
1.144044471842159627e+00
2.251814570303583007e+00
2.057677356874931807e+00
