2.805739579082442248e+01
1.144313524095184142e+01
2.563529106558319892e+00
2.847281379521962030e+00
6.411342241301166922e+00
6.611162790720044313e+00
3.932399622159797214e+00
2.812595997870653619e+00
5.958574666865399827e+00
5.861170319044224364e+00
6.758358340456680935e+00
4.422051073683285871e+00
1.093648967478618284e+00
6.348618685376478332e+00
9.052307844171826545e+00
5.697207668666504965e+00
1.208761809976154566e+00
2.798487465333472368e+00
5.984647073587188615e+00
6.514823229454048459e+00
4.208797532659109386e+00
1.865034394947079788e+00
3.046248087625301526e+00
5.588535522961965540e+00
7.076090565167810986e+00
4.576204942642173812e+00
1.338053201885028853e+00
6.430292699720219218e+00
7.921246336755018547e+00
5.725364042812706167e+00
1.609818112782574806e+00
3.000580925910776742e+00
5.515758012807664201e+00
6.419310690697420441e+00
4.914404805300583767e+00
2.599234448566789091e+00
2.351483548413256131e+00
5.768197199294434974e+00
7.145832258766999345e+00
5.794644092059568763e+00
