1.912974590664513030e+01
3.841555115964952805e+00
1.787757292389076325e+00
1.736172730230810979e+00
3.289495107687436359e+00
1.633602916026551277e+00
1.485896027272837427e+00
2.068181849307542564e+00
8.550788703214154962e-01
9.209008908981431984e-01
3.180656019467542062e-01
1.096205243375272476e+00
1.591828065162493200e+00
1.442287747305700973e+00
2.088509030807394584e+00
2.558476694407036067e+00
1.499027640918035864e+00
6.683851084926123454e-01
1.882417965572718010e-01
1.241440518386287550e+00
3.978096151785368018e-01
1.730836880286284574e+00
1.950107458693839613e+00
6.184425432656983634e-01
7.609769786677066383e-01
4.226051871241479074e-01
2.012798625254988150e-01
1.506311237390857816e+00
2.155382352067694907e+00
1.095682513888368570e+00
5.984949308969734760e-01
9.023134219940264211e-01
1.028442422145145363e+00
1.433032517079681156e+00
8.942444547989003567e-01
7.955259722941058209e-01
1.121316794169709308e+00
1.076349218240419958e+00
1.167475523090168332e+00
1.535529231802880146e-01
