8.777651120079346114e+00
1.104162652013937596e+00
1.077293936216718206e+00
1.760125169964600056e-01
1.126436634983383200e+00
3.299107865910710924e-01
8.815663201139640748e-01
6.392921574450538547e-01
6.642272794424787241e-01
9.470059331563388527e-01
9.506331210472417359e-01
1.237254110265711526e+00
1.229517788907215636e-01
5.536336542848449005e-01
3.952211449577643365e-01
9.632094728865902011e-01
2.638740427280574230e-01
5.689022638813987509e-01
2.576723938029488181e-01
8.567302848459803499e-01
7.927951783015286802e-01
5.453397955855973089e-01
5.832699592307418746e-01
6.385627492668287664e-01
7.302307211450973501e-01
4.579057045780883239e-01
9.238808853368334351e-01
6.047536854627461045e-02
7.652520059643259653e-01
6.602856484818554750e-02
6.971128624677868091e-01
5.326422690868113374e-01
3.516270696179752409e-01
2.866757313064635659e-01
5.711346971446639165e-01
7.872938781305650613e-01
2.338284878600579708e-01
5.649784646376652120e-01
1.766029222915842245e-01
7.114312112442991998e-01
