6.655488796500711146e+01
1.692163375312176754e+01
1.015653742565166162e+01
4.754869701541590388e+00
4.804868174261686775e+00
8.341869829651628265e+00
8.350261976634339334e+00
7.198679789662439710e+00
2.705311131238175903e+00
4.139855571926247535e+00
5.128150024499944948e+00
6.770943979011955882e+00
6.081553857259294205e+00
4.704086639469854170e+00
4.695077013547694023e+00
3.297473603677926857e+00
4.678264612661449995e+00
2.896818245037244832e+00
1.311634479557308941e+00
2.660343284395962904e+00
3.161814587973652557e+00
2.341829466915633429e+00
2.966923592323148284e+00
1.641448710751055140e+00
2.097105776824202739e+00
3.075081621057888626e+00
3.677277422360619052e+00
4.571963701571364780e+00
2.375443206703895971e+00
3.894340947104655282e-01
1.698170493918283341e+00
2.496374015044287020e+00
1.414561935036342533e+00
1.831503616553741720e+00
2.478313164634112553e+00
3.058632794495611762e+00
3.389819645791139813e+00
1.807658686570196682e+00
2.317808151084572277e+00
1.068869068555003299e+00
