2.802784996600024314e+01
1.793297264648505873e+01
1.327902394560759092e+01
1.176848483091041508e+01
1.068462810523646844e+01
8.971017931714831306e+00
9.091811890861599466e+00
1.138742618606222834e+01
1.109267523164702141e+01
1.139354750243454539e+01
1.049275956376359886e+01
1.182428406610187643e+01
1.098552829702547129e+01
1.038608536688312078e+01
9.534480544521310108e+00
1.017881718103238242e+01
1.007723334194267473e+01
9.907720515101944514e+00
9.907916514372629990e+00
1.001074456034404392e+01
9.567935424894647767e+00
8.171853882358872667e+00
8.896887434579717535e+00
9.570605749466128742e+00
9.792784507272543237e+00
9.624997596307288461e+00
1.049065200228949024e+01
1.029979202258029147e+01
9.034942192818387952e+00
8.290537868239203689e+00
8.998702422456378969e+00
9.691935068198565872e+00
9.112006936762970355e+00
9.509999450278638022e+00
9.908459737913602794e+00
1.023804873278353789e+01
9.557015378889145651e+00
9.567866408872529149e+00
9.813171675194389820e+00
9.121833844812922365e+00
