1.845741091511488463e+01
3.001441560107490414e+00
4.301648359762949569e-01
1.346526046049191239e+00
7.107104774998324048e-01
1.119490382835928166e+00
6.154152859999793002e-01
2.004476631886403570e+00
3.852373983336935814e-01
1.241335989608507440e+00
9.527735849242955357e-01
6.403787941862871813e-01
9.861543280219420282e-01
1.258586020645310111e+00
8.897476299819397916e-01
3.855547990362561128e-01
1.039427552925286991e+00
1.449454050832723828e+00
9.986462476674171640e-01
6.003025260591082768e-01
7.015120893580536476e-01
5.587131140006557084e-01
8.520018899576177196e-01
9.148545267218657351e-01
3.218852350400884799e-01
3.907346181288104958e-01
4.255661965095758337e-01
3.209212176917307091e-01
6.717738290455453620e-02
9.629626808772030755e-02
2.398138359112791940e-01
2.409676327507606908e-01
3.598811913918320560e-01
3.405287249833419683e-01
2.575148737890640138e-01
1.935698876308340408e-02
2.781245582464089150e-01
3.932694445710757658e-01
4.197040517441851248e-01
1.759843849237267832e-01
