2.380972513828415771e+01
5.914941807093564208e+00
1.205492543360704438e+00
4.118760238264993490e+00
2.034403872059620699e+00
5.596296605860926476e+00
3.376146878376436344e+00
1.381249822639506908e+00
4.094754437466017194e+00
2.756284270786103718e+00
2.480569130864654248e+00
1.846271604549001522e+00
3.648929503424671150e+00
3.827174844815219412e+00
4.011751447850406826e+00
1.671028292430323470e+00
2.787046641024615301e+00
5.006386622494973793e+00
3.356275303264963927e+00
4.425874530026801423e+00
4.484406005939102435e+00
2.871542961547881134e+00
4.946863378020957214e+00
1.554904073984650026e+00
2.989668219520803749e+00
5.054588336394953529e+00
2.267114976592554232e+00
4.086299134508805331e+00
4.194660164853543982e+00
1.394742227215280295e+00
4.105437268267006168e+00
2.811949103473270206e+00
1.488195609968912647e+00
4.404325106922939881e+00
3.375080807970813890e+00
3.026853158708092462e+00
4.215581725426986281e+00
3.733658650770427023e+00
4.235814963783705700e+00
3.309367107766314930e+00
