1.550311200015575785e+01
1.928994857099995741e+00
1.600384338729339495e+00
8.372031486773680031e-01
2.116540241452554927e+00
2.290651537497355505e+00
1.023330823019121372e+00
1.091335224557160366e+00
4.054931125229427336e-01
4.075168328605404122e-01
7.572453082768122457e-01
6.155417667801631465e-01
1.363756073979950356e-01
2.297442090542347881e-01
2.188546639243225955e-01
1.980482966664352529e-01
1.386444493202035333e-01
3.047644117905314032e-02
1.713930458528523382e-01
2.195680750029990191e-01
6.327407844789036118e-02
2.037121580687902000e-01
2.162377751330200881e-01
5.228166346119619140e-02
1.190583837777764026e-01
1.938200330870363253e-01
7.104325219947099646e-02
1.406119536563203987e-01
2.292617013964858563e-01
8.680589435668537024e-02
1.408207625209492997e-01
1.519503930622459198e-01
6.460615899728053280e-02
1.556089577496466425e-01
1.514635588531611510e-01
7.114348772330383874e-02
8.238631994557767124e-02
1.184770864319716899e-01
5.258208272222831409e-02
2.299731538296541367e-02
