2.538658590093694301e+01
4.162675617719288290e+00
1.841649912174541770e+00
3.651434284683416465e+00
1.697081301701658163e+00
1.846696755345703655e-01
1.092294494186910603e+00
9.047356336768468399e-01
8.766686616111385444e-01
3.041762340468619374e+00
1.116862106967032364e+00
2.092423972861818526e-01
5.116439191559875033e-01
1.378132373042061654e-01
1.046956503470542810e+00
1.263225543391578665e+00
4.498978755120655593e-01
4.148330933382913255e-01
4.010128276032291494e-01
3.863084029206241832e-01
7.423037217855318892e-02
2.457627402725235111e-01
1.901416855646711479e-01
5.398080590784806176e-01
4.431057508250175747e-01
7.132557099131489053e-01
5.526597080314589183e-01
3.760766415920264172e-01
4.361763266125378014e-01
1.918617446039176944e-01
3.580379834675260220e-01
3.227546483917762554e-01
2.383658801662428828e-01
2.893272628674618541e-01
5.126639163842621194e-01
5.608224325666846255e-01
6.971694324032652323e-01
6.582241286370125177e-01
3.879214943561771767e-01
2.765879390295067353e-01
