5.720740392806710162e+01
1.015127304831052335e+01
6.007402567829599249e+00
3.238320641201087202e+00
1.705954990017585882e+00
2.248457605458268116e+00
8.388873265889559283e-01
1.505285692495915706e+00
3.398701192614569599e+00
1.894535140261988548e+00
4.152453567366116260e+00
3.505653681859439708e+00
4.543342063592983315e+00
6.089889226405477807e+00
3.870846913893394525e+00
2.412829229369613859e+00
3.302722660475676086e+00
3.391716076854087714e+00
7.804325375174415713e-01
1.373469847481011641e+00
5.341571912857828730e-01
1.436065836608803048e+00
3.627607213174205980e-01
4.920086935404491268e-01
8.296869131773012551e-01
1.204133054777287937e+00
1.090767677202296060e+00
2.215953302338623754e+00
1.428323290193452610e+00
1.336692699270844775e+00
1.514966621487736198e+00
1.391832948688632055e+00
2.171949948688133514e+00
1.804234906588857656e+00
2.037428251678721214e+00
1.979937704653128128e+00
1.026657936940859495e+00
1.419108573614565660e+00
1.136435734748143078e+00
9.126828100928440213e-01
