6.829887858398416256e+01
2.391406640302900843e+00
4.164724105819506583e+00
6.164819955826725817e+00
3.764422206992846132e+00
1.757562861334909465e+00
7.215616667069512324e+00
1.124864070047283393e+00
1.925231539263497493e-01
2.171904061079251047e+00
2.303637554690871170e+00
3.959450239416852035e+00
1.858412055708276167e+00
1.608287621927554589e+00
1.159811053506894396e+00
9.148499758001812365e-01
3.954268856112041597e+00
2.450880231048770064e+00
2.430851626424726852e+00
2.063466920770366642e+00
1.580284977218767484e+00
1.005149688790825113e+00
2.715380695869643035e-01
2.165721762271222151e+00
1.168472817760980664e+00
8.074562037477258647e-01
1.338782551660182563e+00
1.341594951690347370e+00
5.515584840067601080e-01
1.656247493805018678e+00
8.728833499253912942e-01
9.816138644595943097e-01
1.385026245327818151e+00
4.310327555163359081e-01
9.339712908200484831e-01
1.608163894556131401e+00
5.835167743169266119e-01
1.510567021811812793e-01
6.892356613265623322e-01
4.184033315213924187e-01
