8.063356305257403278e+01
1.204974701723325659e+00
3.377205314827571137e+00
5.339700601316772932e+00
7.777666859096106222e-01
1.264005442719129402e+00
1.372953536928244400e+00
2.781562953959647810e+00
1.417089237144464997e+00
3.268786029175920316e+00
1.227489209914461199e+01
2.237320673529461512e+00
2.435458520469711896e+00
2.311294553003913954e+00
2.791406124784783227e+00
3.884366636054467636e-01
4.254603867123938343e+00
1.254533734708532355e+00
2.240964191546883644e+00
1.621184972074956931e+00
1.185157693822274982e+00
1.165708097662340625e+00
1.584014195279202619e+00
1.151534342339818107e+00
1.642804753545174856e+00
8.272741074339755585e-01
1.643582734802745193e+00
8.967547479544807354e-01
7.505444617234245941e-01
3.195752025277178721e-01
2.185937478666849509e-01
8.853128755357249080e-01
7.600496235693114944e-01
1.002978099212099350e+00
8.483994190659099877e-01
1.735663480388590640e-01
1.570535362825856707e+00
5.397471772829534054e-01
7.108135079214852325e-01
6.751188637158118677e-01
