3.192081973714279286e+01
3.025430602919951806e+00
1.442922293679521184e+00
1.069793037251928647e+00
9.107565350144709582e-01
1.619478732631648432e+00
1.265052019147250073e+00
1.833945903927955978e+00
1.111657456889849627e+00
1.261024309864761550e+00
9.983642198687016078e-01
5.062640376177612866e-01
1.153084497466447395e-01
8.006944550683052775e-01
1.509026155298100802e+00
1.406494538085207191e+00
4.771593389165726951e-01
1.296269753161576777e+00
1.139270272891867331e+00
8.721049349166393183e-01
8.640231630505408322e-01
1.212551630963137894e+00
1.957533782812977685e-01
1.325590996928436072e+00
5.635329695392528038e-01
8.025245218893146681e-01
7.370374173657603389e-01
6.032278241902915283e-01
9.029998035869454265e-01
9.807427132153355709e-01
6.119867448693885326e-01
4.873338044443827899e-01
1.577624897237589474e-01
3.792425887897773462e-01
4.213640128977995114e-01
2.979764513649996727e-01
3.364076963011115584e-01
3.448628492814473367e-01
3.977486026607444936e-02
4.170799237544629001e-01
