3.892241494193941520e+01
3.595758289075278391e+00
3.374456105002893835e+00
1.726781466817079336e+00
2.650308738556589883e-01
8.543321354703022896e-01
3.977699706231006438e+00
2.481682114425437291e+00
6.359359338263794736e-01
1.203150145797475590e+00
1.406498683739775046e+00
2.209602798246014022e+00
2.494152260934142440e+00
1.745167050866309300e+00
7.777907908948655802e-01
6.218531163870896217e-01
2.062239856511735248e+00
6.565675247092325195e-01
1.820229407854386583e+00
1.561996289744460809e+00
1.847747814551588430e+00
8.186481258046374165e-01
1.220609992251359133e+00
8.291247267815318178e-01
1.075553077188143192e+00
8.630069601126214573e-01
1.021752632257571181e+00
9.488532758328377392e-01
9.245737653021394165e-01
9.562162135670104757e-01
1.187594651961135783e+00
8.464251311157199309e-01
9.984191045766017680e-01
7.573341855636606113e-01
1.145677692710706186e+00
9.321802920085250355e-01
5.920673981419309895e-01
8.004758350530684075e-01
6.943763278539736294e-01
8.645066765516539187e-01
