5.304637030260708741e+01
3.204075329657662508e+00
9.781321251051556587e+00
3.398426133469645727e+00
3.786173749263098465e+00
3.513991712865685457e+00
3.620000790675507396e+00
1.979318228314860928e+00
3.837060892592688344e+00
2.905159802129156255e+00
2.148996444940079797e+00
2.322657298778964652e+00
1.446421746440548439e+00
1.755352623772385323e+00
8.851519914489416330e-01
1.099776935584003912e+00
1.494772478931507331e+00
1.092839922284739806e+00
1.498349789174699964e+00
1.271333665865484353e+00
1.437135443495401788e+00
8.000754276375766638e-01
3.674609853653914571e-01
1.846163009547579614e+00
1.119579707486570014e-01
1.632329883634470180e+00
1.133202058107268151e+00
6.104269282541009423e-01
8.748664252810749442e-01
5.391109260053805058e-02
5.492269379134775420e-01
6.072313824859578713e-01
1.032979026542925949e+00
1.007262751914269838e+00
1.601650043935699541e-01
1.376412893203305066e+00
4.899717420900834286e-01
7.345219791372868956e-01
2.887744445029282736e-01
5.501803404780539752e-01
