3.975845676695722375e+01
3.592810566871671885e+00
4.295130393762740972e+00
4.309715472788917978e+00
2.576757780361492056e+00
4.248096742114955582e+00
3.769414901180817790e+00
2.876293605434676603e+00
3.995627670011550947e+00
2.267243079524593252e+00
9.478384041978366037e-01
9.987067392745573313e-01
2.016197927232698639e+00
1.445236951119558411e+00
1.592365947033113738e+00
3.714415842751733754e-01
3.698918201941394646e-01
1.104919921089839052e+00
2.081834032177993787e+00
2.320921918269878592e+00
5.967864340989306182e-01
3.267054619157608308e-01
1.455156521036277795e+00
9.046221330117724113e-01
9.592105123244768494e-01
6.243433366082405955e-01
8.860512812267999916e-01
1.491654069348204326e+00
1.133722018263281894e+00
9.033861883684605187e-01
1.039654957106829203e+00
8.687615385134513923e-01
9.312524332070890587e-01
6.505502330385356524e-01
4.355551520842800284e-01
6.323698658439274034e-01
4.095703635559519440e-01
7.114754821697858445e-01
5.592343384329795386e-01
5.548243892256384813e-01
