3.374983161966824241e+01
3.358077818120145164e+00
2.199335941327839272e+00
2.733033114975391697e+00
2.876369714219782381e+00
1.797076327380725314e+00
9.922059154128438641e-01
1.770383773964017582e+00
1.777501560985614626e+00
1.379603319061138089e+00
4.975559947227891078e-01
5.555579395735764647e-01
6.629785949740737427e-01
6.634650749549562132e-01
7.650072345320984013e-01
9.687403237605988204e-01
8.935032630164787548e-01
6.867747890938029620e-01
1.246164599334461665e-01
3.725003059888257750e-01
6.270511519339869166e-02
3.637713468448639520e-01
2.413056514071108827e-01
1.646914668262737247e-01
4.187544353002647379e-01
2.516343475782932826e-01
1.384066659407030553e-01
1.003576255988193611e-01
1.525516329349468625e-01
1.477255245364299807e-01
1.215719043524350479e-01
3.528879434182233266e-01
3.125830339166424388e-01
8.947142975841862467e-02
1.667256130095390865e-01
5.086113775044191765e-02
1.191827610338987709e-01
7.283846293015613926e-02
6.086545368575664583e-02
1.069355794868614845e-01
