6.266864156589736012e+01
3.252119095184751174e+00
3.484083318622355763e-01
7.306224712955764922e+00
3.623066143472968292e+00
3.668182174758826797e+00
7.185803975042374780e+00
1.274785227556464395e+00
5.275678814124508120e-01
3.073801882896495474e+00
4.195629492688731088e-01
3.466848195805358301e+00
2.438215084536690558e+00
2.289640180669576086e+00
4.251502239848381492e+00
1.659101030433386859e+00
2.930142729379232147e+00
2.377961380819209047e+00
1.205856613389878706e+00
2.363598249601112311e+00
1.773782197293271912e+00
1.356960755845390443e+00
1.514160165141676284e+00
1.856063651388009106e+00
2.271885507412108929e+00
1.522214899679990463e+00
5.131376639547419183e-01
9.613233917894848934e-01
1.464415318398472943e+00
7.651830464680284827e-01
6.421977149280237995e-01
1.199420456065637852e+00
5.928205850061352145e-01
3.795442957287814001e-01
4.272858098085404177e-01
5.996039654012045306e-01
3.874873527113392169e-01
9.059529118401613568e-01
2.782834177735891701e-01
2.297367336087512146e-01
