5.631556907883100394e+01
2.711079896512637255e+00
4.599866259461070861e+00
1.864562116395627189e+00
2.340816042586056689e+00
7.163086087975352179e+00
3.074080045581758291e+00
4.156319735252251846e+00
3.363994036147978761e+00
1.011016948384698688e+00
2.727212352250485417e+00
8.937446475307629923e-01
2.730020304066657300e+00
1.311057928595075417e+00
1.371069690162102006e+00
1.341356263435203422e+00
1.407598125855525684e+00
1.624635698841665477e+00
1.836025308003528922e+00
1.560120471266259301e+00
6.933473599660574527e-01
9.461553157167115202e-01
8.358158123819406926e-01
1.583459927764255815e+00
8.065626434418356194e-02
8.296575699832201556e-01
1.121273678946439256e+00
1.738487003794241537e-01
1.088019232307456452e+00
2.265925798269993741e-01
5.223941248004158877e-02
7.834748669724524994e-01
6.980930947473228398e-01
3.545728865059126766e-01
5.280117389167038322e-01
5.283995182358710574e-01
6.444993239884316827e-01
2.418900015057517117e-01
2.656281459482168761e-01
5.553283972488660680e-01
