6.816718904025363202e+01
1.085164862906724181e+01
1.386545247957009863e+01
1.842878500657830898e+01
1.093376070271432532e+01
1.199995354017859306e+01
1.463380010386158325e+01
9.391141754058580204e+00
9.376577462361764148e+00
1.044524892393788384e+01
8.778986795377743846e+00
9.458008771361630096e+00
6.478035845703900009e+00
8.102393390772995474e+00
7.461483330428304583e+00
4.900145368217688535e+00
3.615849726102167150e+00
5.152505783461782229e+00
7.077642051256517242e+00
5.007822460525099828e+00
3.087747717401884362e+00
5.437152479405952477e+00
3.520271774258336261e+00
6.402583471640498125e+00
3.546529669844098454e+00
5.368203554218929696e+00
7.853582835759048031e+00
6.528961420666875348e+00
7.121504367569008842e+00
6.909179708105387618e+00
9.268841889600215822e+00
1.132892305807641975e+01
8.479094400990851099e+00
9.892139180356629424e+00
1.034051007522297994e+01
1.267059992673927482e+01
1.108325444156892559e+01
1.033965857407221556e+01
1.076666237169044571e+01
1.163054275972538498e+01
