3.935720947270641545e+01
7.688680461845699421e-01
1.179382211372054234e+00
6.293305407123910289e-01
6.010746776234842104e-01
2.903546990979801290e+00
3.339667089762918817e+00
8.994179172979441805e-01
3.767035414652176173e-01
2.526598360303358604e+00
2.255990367469502544e+00
4.328120504471029140e-01
8.043739146940624973e-01
9.544121148415090072e-01
3.216457579614159457e+00
2.791235784129661113e+00
2.394805617784069973e+00
1.420920597479432557e+00
1.557444009344416624e+00
8.768991227498926788e-01
1.869404513161969206e+00
2.730661780463490729e+00
1.623883874888402357e+00
2.150665217216897185e-01
1.479422885354662709e+00
1.976622799105741235e+00
1.208940757214568507e+00
1.911570160770991178e-01
1.794047665429890248e+00
2.235531673446650824e+00
2.613351570510471067e+00
2.153428813729462377e+00
4.590788344767611773e-01
9.239025185926843520e-01
1.556953145323263010e+00
2.569809217864150064e+00
2.021053315474790946e+00
1.599707479043718461e+00
5.572003787464318014e-01
1.558035425038478694e+00
