4.190065457754194540e+02
7.596727426950816664e+01
1.421392160798294135e+01
2.498802365502233513e+01
3.706147712364322189e+01
3.114577646713550152e+01
4.168831350041605788e+01
3.291971722762710328e+01
1.858388756069818726e+01
1.021611349705091953e+01
1.838214958457569281e+01
8.439250797041275121e+00
4.703648888253410121e+01
4.274563508904000741e+01
3.514501937162815182e+01
2.574581434136133495e+01
1.532455413651645593e+01
2.903156003294977694e+01
5.122361058621017804e+01
4.660605828666917461e+01
3.175570695090209838e+01
2.784017764278592821e+01
1.856585525287794525e+01
4.616728107780088664e+01
2.786944073531430277e+01
1.089359590125138233e+01
2.569441353380601001e+01
3.009189201733167351e+01
2.645170042707831470e+01
4.213503047018293302e+01
3.945436145774690573e+01
4.656513176848143587e+01
3.480560421272058136e+01
3.851578998761053185e+01
2.022377497998689222e+01
1.387665602062843107e+01
2.879432212829717486e+01
3.202460286721483840e+01
3.059805118461356699e+01
4.069293381141798704e+01
