9.494394253469698697e+01
1.689241138978963264e+01
2.129572395665551809e+01
2.254494339663757430e+01
2.696606770629908834e+00
6.543942430633133078e+00
1.387652055655372330e+01
3.851731307895434053e+00
1.155908977309188224e+01
6.093689183602543302e+00
6.721348811511727916e+00
1.721149688600304373e+00
1.795235124756756617e+00
7.622945901812454572e+00
3.801370228211153002e+00
1.419735175368849189e+00
8.421425138913175346e+00
3.377293338170922699e+00
9.625933666818085044e+00
1.166269812145208995e+01
7.173010037002253370e+00
8.605700380340245204e+00
9.101890297767807780e+00
5.064213089302416648e+00
1.086277549562293210e+01
6.876337431215295837e+00
3.852613686716025221e+00
9.616804085383989786e+00
8.396326456953822515e+00
3.378008570064633620e+00
1.028004195661034359e+01
1.113253290227404868e+01
7.127087651061742690e+00
9.568360318091691852e+00
7.982893786197750252e+00
1.653224001976472790e+00
8.957708984500801108e+00
5.061178265354956629e+00
7.880980139273686902e+00
1.284549718459000900e+01
