2.691932056124028350e+01
8.545701575464779154e-01
3.815736769161611086e+00
2.833149278861911924e+00
4.402074478302374083e-01
1.318148648975314474e+00
1.085542531960450363e+00
1.417079674009707135e+00
1.762033544742010127e+00
1.690681535797246227e+00
1.039952562585961360e+00
1.615402547719835935e+00
1.597660055904237542e+00
1.387117025617440103e+00
1.234110519753375712e+00
1.702641852882160078e+00
8.708616260681967258e-01
7.549593411541599686e-01
4.023546516704635811e-01
1.310893116684437532e+00
1.021422265346549452e+00
1.383693541198326660e+00
1.322214643355597907e+00
1.093319188070078107e+00
1.286207525922190342e+00
1.788904840670108243e+00
6.613286168119664188e-01
1.469741790381274615e+00
1.126870331472505926e+00
5.786563297267214301e-01
3.016055983283412179e-01
1.101831703099135362e+00
1.136097268150386475e+00
3.569303260456510030e-01
1.103008419186422895e+00
1.197990510243651885e+00
3.157280747888130401e-01
7.445163610498884976e-01
9.810333857354868181e-01
6.420934916784502011e-01
