1.043605569892044400e+02
2.665368598720511883e+01
4.021139865956443238e+00
1.200940934682771655e+01
2.540717672416910133e+01
2.166508231888988334e+01
1.090771760937751900e+01
1.623633108584203200e+01
1.556467864456099370e+01
1.379405047978967858e+01
1.120559826634467626e+01
1.780613696640629939e+01
1.131884573513949910e+01
1.354545265728205372e+01
1.642971239354050184e+01
1.629823625810043097e+01
1.616611236556506626e+01
1.235707012351962497e+01
1.199355407050832234e+01
4.816357038582959937e+00
1.767781991849498979e+01
1.798834487834202633e+01
1.179695956992576633e+01
2.775297093567901108e+00
1.037783180220297652e+01
1.470597175864958395e+01
1.268240838023653261e+01
4.596369443285287737e+00
1.015421779049843565e+01
1.263428705661913298e+01
5.557379969514950169e+00
2.862568731532804112e+00
9.510824494549355634e+00
1.335698253205219288e+01
5.768140927936620699e+00
4.998384160139137222e+00
7.996614745468151320e+00
8.270985004055345868e+00
5.430508117034110960e+00
5.572589162734627344e+00
