8.483490747432253443e+01
1.483715883876588215e+01
4.723129829764592280e+00
1.403518654973604640e+01
9.043195842010874230e+00
5.586456264806267669e+00
2.535836037546588262e+00
1.196574971619211780e+00
5.879427475421026728e+00
5.423574698510727821e+00
6.956291008128099307e+00
6.329144100067130019e+00
3.641595550646003154e+00
3.818854694590900323e+00
2.816784231962886853e+00
2.493751943587369180e+00
1.320291406280298174e+00
7.647645727379049907e-01
2.891571451191540465e+00
2.990292173313911839e+00
3.012063767412691995e+00
2.318907862092307148e+00
6.192410908775384470e+00
3.665524780442026120e+00
2.318470945622829849e+00
5.380485716660398765e+00
2.741037402002655554e+00
3.485319406697372280e+00
4.588644211980344778e+00
2.418446067606958572e+00
5.704621682187497989e+00
5.363347359696271077e+00
2.858925410883730756e+00
5.256479938757826709e+00
2.327897061781800225e+00
4.526609575434154542e-01
9.045808247283122494e-01
4.202569645745827032e+00
4.250021563537602631e+00
3.105904320414353936e+00
