1.795726851764694061e+02
8.733445039393732401e+00
1.314539755324374726e+00
2.239160359199197980e+00
3.062852864719714407e+00
2.053894970583093560e+00
6.829626303240552865e+00
5.831641653571787209e+00
4.605836209062018405e+00
8.349239122140243552e+00
2.075700029468552810e+00
6.022325668507471974e+00
5.213449018534703328e+00
4.419672806955674105e+00
3.595849276418038087e+00
9.699236626605637568e+00
6.011546025169276497e+00
3.632093935275139351e+00
3.917351337364391117e+00
3.528606669210459845e+00
1.140322359282470499e+00
1.566523091421372804e+00
1.882718582443715150e+00
2.806079548635266541e+00
2.132944767733575553e+00
2.757841228080046392e+00
2.493999478443804652e+00
1.915585262353199036e+00
3.642554625566245097e+00
2.596316307799404033e+00
1.784245950096262412e+00
2.756963394367407894e+00
3.038720611421654283e+00
2.885660822988012519e+00
2.287821105323495363e+00
1.582606704913257500e+00
1.298651379744127699e+00
2.038039454358824720e+00
1.895222483481651121e+00
1.787399247403163027e+00
