1.016288955322058030e+02
1.246712779976296304e+01
6.189083700302846047e+00
7.833768920910003430e+00
4.980291498179270526e+00
7.210900487561185734e+00
4.526664413427238465e+00
2.452479488322070189e+00
3.063540366936060355e+00
1.607038918574440034e+00
1.322005301049136605e+00
2.783532341019367973e+00
5.260685666055252563e-01
9.040249808736418036e-01
2.729045678518926543e+00
7.483413410443415792e-01
7.102052914010800189e-01
6.495062832148036647e-02
6.178270491567989797e-01
1.641422220344580518e+00
2.390861026635624942e+00
8.295118463617572324e-01
1.765201639388704002e+00
1.176112136341308734e+00
8.614093278375800633e-01
1.066259003852961795e+00
2.766880194502654988e-01
1.041718143816738662e+00
1.120842831741533541e+00
6.673529681664147617e-01
1.359506069350731483e+00
9.944089559296435121e-01
9.252615010938006757e-01
4.297625917369128912e-01
1.026778106920445133e+00
1.511272195308242416e+00
1.048078591350385835e+00
5.752407924423992291e-01
8.774948191568183731e-01
7.414078055454299543e-01
