6.815371535756163723e+01
1.478197842797873385e+01
1.586658734376837465e+01
2.188201170825037778e+01
1.305392419216942823e+00
9.703687644761798126e+00
1.560075691143085663e+01
5.232423986892129619e+00
1.122111726383745278e+01
8.512255778801272044e+00
7.689413940428726946e+00
3.220114992940543708e+00
1.208482374838500961e+00
7.322268155974675174e+00
4.499426186782823578e+00
1.619781113033722075e+00
9.818654177164392038e+00
5.885348780006573577e+00
1.006592421982351482e+01
1.334195737382589542e+01
6.096109890522495078e+00
7.478486623143666634e+00
9.032806513115398062e+00
7.737998819759775770e+00
1.171968319893799659e+01
8.486139632426052515e+00
2.154094142800914824e+00
8.314023456124960632e+00
7.173049076807101798e+00
6.296688383447057724e+00
9.897164702158512739e+00
1.126489308781496135e+01
7.389881438670681035e+00
1.050143680853817862e+01
6.040431858451174030e+00
3.642935676744147866e-01
9.815230553197755725e+00
7.595966579396803198e+00
6.945000011042250065e+00
1.486931998542987010e+01
