8.113565677322908698e+01
1.064793323934633484e+01
6.570617513760581119e+00
7.157856216725392073e+00
4.276147140019261883e+00
3.360271458659909616e+00
2.484435156181690196e+00
1.386149407675715484e+00
3.897849557262532127e-01
3.063054100050414785e+00
2.142433300254035000e+00
1.649735132789636127e+00
3.363791832288479888e+00
4.651999211527193090e+00
3.005694621564326763e+00
4.014454060621640563e-01
2.819912166325343250e+00
2.153835559751155593e+00
1.203022211432998478e+00
2.559420907494559749e+00
1.462632578602893307e+00
1.871622010617525866e+00
1.245350071466778674e+00
1.198213125485724229e+00
9.470660486179052207e-01
1.832202861099032853e+00
9.809147016451534862e-01
1.341436522030984069e+00
1.545077722919002416e-01
4.901762261676675947e-01
1.757283114253939571e+00
9.166808253217187952e-01
8.795352893044317000e-01
5.534731371941786771e-01
2.449527238692987274e-01
8.466711341904069599e-01
4.252451997671933270e-01
7.742705524268549411e-01
2.066369558149379948e+00
1.395874009041582653e+00
