6.735658888344357820e+01
1.037195520103684743e+01
1.348073771473111027e+00
3.520432617965067568e+00
1.408080500243179767e+00
1.192585222337403161e+00
2.056193483863089533e+00
2.572169277945272281e+00
1.860434533501420962e+00
2.279806388669911588e+00
9.300892199300585528e-01
1.563959461340084456e+00
2.369163183919365867e+00
1.506534696367148207e+00
2.490285070020950897e+00
2.640195054910825068e+00
1.409218093291200846e+00
1.471510778194033753e+00
5.889401034551027259e-01
4.909708495148287777e-01
3.936880309488091090e-01
3.205019958054373674e-01
8.525077193008177012e-01
8.549940840868009984e-01
7.275721072568791525e-01
4.508452879265009150e-01
5.965480333186526929e-01
8.885001848771205690e-01
9.490813523249921335e-01
1.169882998772529437e+00
5.258051065680652281e-01
1.025913331383603078e+00
7.432052882590201026e-01
1.028811649258903227e+00
1.096617250148345102e-01
7.585601041294272040e-01
6.477993012871101630e-01
1.412026214634251264e+00
3.330077252223540563e-01
4.823297980815412500e-01
