3.648477303283423367e+01
1.354756138039469704e+00
2.350008042708656042e+00
8.860561303965006630e-01
1.108399821047885148e+00
2.100366507324989307e+00
6.281815322502023458e-01
1.741670829149754907e+00
1.674863165571412127e+00
1.260884711601290009e-01
1.006118166692269833e+00
7.318193076552355070e-01
4.000660240397335699e-01
6.757920296389060555e-01
2.566467783208023490e-01
1.230751995300644275e+00
2.951398773498969952e-01
1.344558509880856789e+00
5.713431681118513739e-01
1.330773697142001166e-01
8.239559441136582452e-01
4.546979719802324293e-02
8.314352473825388223e-01
8.053180654168061448e-02
2.047525728362889486e-01
1.420458493307962811e-01
4.276283196773657536e-01
6.455695762577144947e-01
2.457178450862185504e-01
1.815654267419122281e-01
2.295547493819984075e-01
2.562903249680600903e-01
1.687003895882880633e-01
2.290096246258687684e-01
3.790771835979749871e-01
2.276544004769450180e-01
3.166690203797724590e-01
3.592581704462741166e-01
2.140178330255814165e-01
3.216233481110695736e-01
