3.658274374195332967e+01
1.742724764445897634e+00
2.034003556626123199e+00
8.201573273729048097e-01
9.027262344067864541e-01
2.026468309034853643e+00
9.636863098559965701e-01
1.570378353494870316e+00
1.203684688870862995e+00
1.815253945046646777e-01
1.200732466758655637e+00
7.572527159221345006e-01
8.234403124402206453e-01
9.173825614365298531e-01
3.474764675578111972e-01
1.142253354216050232e+00
2.728125375841753408e-01
1.140101646615925501e+00
3.616588158349644533e-01
2.387991845231764720e-01
6.827465222984636650e-01
2.760592179504455235e-01
6.252750275842310357e-01
2.802008212184996586e-02
1.722122863947127269e-01
5.920336494932051247e-02
3.076369450822613594e-01
4.159776996134255667e-01
7.951499502102647721e-02
8.729857076743309519e-02
1.319842762060609298e-01
4.037936710440191979e-01
1.845568850317168275e-01
2.244737007762019620e-01
3.688653937293875917e-01
3.433599193561326368e-01
2.279957509953143557e-01
4.092353760210700742e-01
1.514656183049262195e-01
3.012691521153075258e-01
