7.383614752525735980e+01
7.720877832292377896e+00
5.405956791437193765e+00
9.677651080255328608e+00
1.446973314518602782e+00
3.077626753008327221e+00
6.320962565605282357e+00
6.461836615046626875e+00
1.193927625600005626e+01
9.209588611431447802e+00
4.665105440559279337e+00
6.043520058098024172e+00
4.939388807676221016e-01
8.310988446263698037e+00
7.721853055268777410e+00
5.694656211321275308e+00
1.125807771093984044e+01
6.661115910230848591e+00
3.642090640874084073e+00
4.434381710974409252e+00
9.971573047993852468e-01
6.595044836054801074e+00
6.352604522260338449e+00
6.732364506963339323e+00
7.332881802208465416e+00
6.513966717601591405e+00
3.842544192536249348e+00
4.423991260070733844e+00
1.980368838805253384e+00
7.331911492408115016e+00
6.472792798163663264e+00
5.208514970623248530e+00
5.078899417672930738e+00
5.703769456738812416e+00
3.525493089533612956e+00
3.263203084326787184e+00
3.816079734585355876e+00
3.166367304280183870e+00
4.861664260610409016e+00
5.295798841673383883e+00
