1.483237014658240582e+01
1.222234105233975132e+00
1.394912369960489951e+00
1.213554163699130717e+00
5.530690080565556777e-01
1.056227703364996051e+00
1.382652360659210933e+00
9.170091354416816110e-01
1.954833231637499003e+00
9.316802462612899793e-01
3.718494379981290288e-01
7.530630386500051232e-01
8.251185983873621232e-01
1.784437837828294349e+00
2.177837973944939109e-01
1.383681977797308393e+00
1.310575124283260395e+00
4.061810512239663606e-01
6.500635243489983894e-01
3.897489550786935042e-01
5.810111564583411159e-01
9.240925541600577553e-01
1.152965760270090234e+00
4.432744625802584326e-01
1.441961706695882084e+00
1.487949959288974000e+00
5.591046863189365057e-01
6.454340222923600212e-01
6.572092459329248459e-01
4.806537580589484437e-01
3.955287618400930016e-01
8.164587812843645542e-01
1.485423647413845749e-01
1.218866056092553718e+00
4.255328035274807963e-01
9.639491803581213825e-01
6.699815565628679526e-01
3.225574193714916826e-01
6.429850066956742660e-01
4.756662625373557773e-01
