6.260775665383985000e+01
3.556260309834327416e+01
2.741204626677247802e+01
1.734087997464686737e+01
2.179693163541048051e+01
2.059977376741863964e+01
2.404603713226125095e+01
1.942051217209898795e+01
1.958540793368426236e+01
1.631810943399402447e+01
1.789669135260454169e+01
2.069292998231404468e+01
2.039777748153929693e+01
1.855984560741112688e+01
1.879025019055573154e+01
1.555411074591222409e+01
1.415573858778062011e+01
1.474331408867733728e+01
1.402566829978556839e+01
1.712030464660438511e+01
1.232729265627652104e+01
1.173469475274077567e+01
1.378047144602008167e+01
1.343825146168069651e+01
1.370681934831603144e+01
1.415093870185993197e+01
1.273167599949324114e+01
1.029865675869563901e+01
9.778801923134579965e+00
8.677017738663153068e+00
8.188238432801817623e+00
4.167512617794916885e+00
3.317736956216737809e+00
9.716829784504691148e+00
7.460969794645277986e+00
6.219823504089469601e+00
4.038999572130700599e+00
1.724641160815132190e+00
2.329627345326303001e+00
6.212363346687536314e+00
