2.920610367344913172e+01
2.972282867904214143e+00
2.604042793677458167e+00
2.164598300245530016e+00
1.870155602344587553e+00
3.197801462801845851e-01
3.993352563647733167e+00
3.562049543826568687e+00
3.078828790988440200e+00
2.741652295245665449e+00
3.713114076647208606e+00
1.542380804871767985e+00
1.587850434261346866e+00
2.828725234953518353e+00
2.256949880253117158e+00
1.624090106375005726e+00
2.048162568206848722e+00
5.108092887071746802e-01
1.340544220221179694e+00
2.658651418472678940e-01
1.091639569165348433e+00
1.003092890634603052e+00
9.085073413916476825e-01
1.431076883348579853e+00
6.684452382304376661e-01
9.222326178226565307e-01
1.067311430570272002e+00
7.696034051700531009e-01
1.048960671459052918e+00
1.049398541325937462e+00
1.045777775371586449e+00
9.683179007653712755e-01
9.636572812349376571e-01
1.432905963550012762e+00
1.605268969355631015e+00
1.206461184858512281e+00
1.379414902783344221e+00
6.844490397991102038e-01
1.876457204532978373e+00
9.865301109915300959e-01
