1.378554474058587971e+02
7.197934535521531174e+00
7.690402002324561614e+00
1.468811620318833633e+01
6.633814667573153301e+00
9.258837396108788198e+00
4.695969126972003416e+00
6.582583761357060581e+00
3.858669573944973230e+00
2.558653279317212093e+00
5.474454557622845385e+00
2.123463982053491250e+01
2.964764316706429259e+00
7.265969324842142640e+00
2.172305104662982433e+00
6.533417690966325075e+00
7.751723150474357560e+00
1.509670359315419930e+00
3.571509476705543751e+00
3.910069765699969224e+00
9.170906191988993372e-01
2.930799821494590063e+00
1.919111423185095866e+00
3.425241101087964424e+00
1.019196038591005937e+00
5.630344010359856100e+00
5.143088304156333557e+00
1.049246261058442542e+00
2.997085052490729762e+00
1.223160607361571284e+00
3.253424180040560554e+00
2.590924470602764984e+00
1.193526265092026861e+00
1.975998762302650480e+00
7.221664739303125247e-01
1.087549056535755954e+00
4.199090011681711587e+00
1.450897462723439890e+00
2.883971296522386485e+00
6.499680346614167270e-01
