1.060887684703656646e+02
3.599151353797638286e+00
1.656502403053204064e+00
6.406575046317930955e+00
7.597036635476738242e-01
2.114565477044785258e+00
4.268143436196198515e+00
3.047134357332887067e+00
3.786617348015715923e+00
3.950787448935473289e-01
2.851482600154957581e+00
2.047812266276250348e+00
6.636439474282256334e-01
1.347982997785090786e+00
1.792989587734904910e+00
5.920522713302012185e-01
1.045358690658941159e+00
1.575238115299854469e+00
3.978756383059202650e-01
4.258345501492372120e-01
9.375062939219049873e-01
8.647945800690601814e-01
5.270249972238914005e-01
3.657249831870746926e-01
7.650599066435885831e-01
3.827238428035376061e-01
2.106322482309219146e-01
7.616116375674982786e-01
5.173061519187632795e-01
5.231139680657902469e-01
4.978041888058892805e-01
2.957470037126823659e-01
3.091962423504835966e-01
1.735169416140392440e-01
2.038621559234042313e-01
4.560202467296251005e-01
8.537831766654904730e-02
2.092660108090820814e-01
2.495009599220129881e-01
4.831478008686188597e-01
