3.400527311668911068e+01
7.217894958234618130e+00
3.439997499667928782e+00
3.885893230434235068e+00
2.774373088515015962e+00
3.189430744235982829e+00
1.692074559325453365e+00
3.472509656704290126e+00
1.689820856397581395e+00
1.249429148296426373e+00
2.574368154405359377e+00
1.175863357020579869e+00
1.813396598163699691e+00
1.940784955885210161e+00
7.300805292549337189e-01
1.334632807613174377e+00
1.286301568943168716e+00
6.826745653786679968e-01
1.739898086029400659e+00
1.514621973469558291e+00
1.347973081948086405e+00
9.747973072318208976e-01
7.609307478859490548e-01
7.409795973222976784e-01
1.498456310019281368e+00
1.667730560053355848e+00
1.321404487745950984e+00
7.284127055686753227e-01
9.233410981386527272e-01
1.147476009935453733e+00
1.440869611604919109e+00
6.328018563033744881e-01
1.377398212364659758e+00
1.502883249965061507e+00
8.184150078733070099e-01
7.344279312536488025e-01
1.490773227979546478e+00
1.336380254704836679e+00
1.039092720397804204e+00
1.340571710017927076e+00
