1.586825072470552129e+02
1.395466626893675688e+01
1.239163473394319936e+01
1.240505531337027811e+01
1.096716429060964337e+01
1.421357882527118655e+01
1.358651578200735166e+01
1.243286495593505769e+01
1.039750278733047217e+01
1.141808408644854822e+01
9.601799049281392939e+00
9.494185315790339530e+00
9.966751781325106307e+00
9.150528209619267273e+00
8.600082019295340885e+00
1.128629597899226233e+01
1.230220445336448520e+01
1.209241075152538691e+01
1.079719365920466245e+01
9.857247339799370067e+00
9.721767168752846189e+00
1.114070726533799238e+01
1.101325670582285632e+01
1.163133773367091983e+01
1.164490137387197422e+01
1.045787550701763280e+01
8.708447196818948299e+00
9.711706346626909792e+00
9.715247579574159076e+00
9.543095911741218629e+00
9.897000264846926854e+00
9.327998947554355880e+00
1.157193684250638555e+01
1.089915785382857827e+01
1.100689365035984046e+01
1.145883780398436969e+01
1.060851613377313107e+01
1.115750942986445615e+01
1.241245306233031798e+01
1.333205075570653442e+01
