7.498569391930445249e+01
1.834392964885291732e+01
4.221836775261579078e+00
3.761789109489961369e+00
6.725909256821047677e+00
3.573100785114077027e+00
7.993735444755446506e-01
3.676868314638674029e+00
9.391333470857556875e-01
4.412814913792826310e+00
2.737276744181500465e-01
6.040357943056830159e+00
2.648796916006932456e+00
4.385558950014860180e+00
2.738534919991415961e+00
4.424051264645552095e+00
3.594665527654583581e+00
4.379142867734679534e+00
2.178397173711273282e+00
1.180155328009586002e+00
4.734779490696475968e+00
1.976647468736383750e+00
3.657866158481976715e+00
2.554093102086234524e+00
4.061680815312405102e+00
4.887903819549524798e+00
5.384152250139163876e+00
2.356391913582973174e+00
2.286387284600853054e+00
2.936310414057623941e+00
3.563933095014883978e-01
1.432605602499560371e+00
9.497129921553201237e-01
3.030920091189661658e+00
1.564022999893472710e+00
6.309570916605390378e-01
1.089919271180023852e+00
3.018770559109745122e+00
2.573364264334756957e+00
1.423421882383187898e+00
