3.447098023908054643e+01
1.984946841248814708e+00
1.171271336571079402e+00
6.513471801141779149e-01
5.437672723797746244e-01
3.416562515801400579e+00
2.858290277936989643e+00
7.561082599601169907e-01
4.240689405877067775e-01
2.070605552955663065e+00
2.221443088323246329e+00
8.940776677490378521e-01
1.063083101867123181e+00
1.103693726713963930e+00
3.610741136774444193e+00
2.556429888148316287e+00
2.417126535456267877e+00
1.246120353481239951e+00
1.531681928933195103e+00
1.189484400358175042e+00
2.029337541367631115e+00
2.769715767489973057e+00
1.420314137336072813e+00
3.792160624296185278e-01
1.448424253163713704e+00
1.852709324672929148e+00
1.187138846960907657e+00
6.174140529679235101e-01
1.690624779821094048e+00
2.272136106109418296e+00
2.532640462502822043e+00
2.011654850130288885e+00
6.758251193148203662e-01
5.315707644088947248e-01
1.619620281339143375e+00
2.684549620225225919e+00
1.930904028450936005e+00
1.548333399256909493e+00
6.191347468805512566e-01
1.621653069351426613e+00
