1.539497517715024344e+02
9.694962410408852094e+00
8.268932371107210244e+00
9.354315005327228150e+00
8.157622714329296087e+00
6.945767129510910465e+00
5.710888379501263046e+00
7.677287256412076211e+00
5.029929989492377906e+00
3.833449509453317638e+00
3.301627072332778745e+00
3.809628350612047409e+00
2.480598197986535247e+00
2.640558670949820108e+00
4.869185057762549285e+00
2.589700215067319178e+00
1.028515076650229565e+00
1.946196317836826228e+00
9.180702497920338878e-01
1.511873646752585731e+00
3.621552678641945633e+00
2.244528467564590013e+00
1.750870700928341739e+00
2.353452880596089258e+00
2.819597861403589256e+00
1.790323977573833325e+00
1.292484254651341979e+00
3.027170076133019805e+00
3.160420095046275080e+00
2.599314847245854487e+00
2.339643527111443966e+00
1.195158721321492257e+00
1.479477929539334768e+00
1.090409256978628560e+00
1.429935613107236270e+00
1.348787647984064142e+00
1.820517810979279671e+00
2.905582392792502300e-01
1.106737269370571930e+00
2.069826234465798720e+00
