1.834264750740681791e+02
1.686194208228984692e+00
3.960092835325027760e+00
6.329049732095143099e+00
1.685089577257224969e+00
8.538118324971913919e-01
3.749509475876573017e+00
2.054235755691641518e+00
2.577983703367225488e+00
2.948579787820282849e+00
1.397461069553746604e+00
3.865950987152098950e+00
1.014929653768979589e+00
1.114046651295881096e+00
3.184161817064007582e+00
8.050930484315987901e-01
1.806550348852342225e+00
1.687314047449149257e+00
1.044564513417321594e+00
5.583476912863549746e-01
1.737594222442879976e+00
1.267404914700237972e+00
8.675270749091077427e-01
8.996625245588899533e-01
7.751551432257135499e-01
3.309911704072232563e-01
6.056776799876917305e-01
3.366881518247233362e-01
2.547923253761145146e-01
3.285342201483636426e-01
1.130216242447738217e+00
1.394080647294081987e-01
1.023997472026813432e-01
3.799867557651072092e-01
3.494817093957767185e-01
5.250208646628553577e-01
3.817782171871979546e-01
3.755714236050440302e-01
2.609780028898935900e-01
6.186474532823326156e-01
