1.275036077529865821e+02
1.644306551849507514e+01
3.613318194830142005e+01
2.994486156576753189e+01
1.544284028814022847e+01
3.386778465724465548e+01
3.665542001470978750e+00
2.288414032815392574e+01
1.707049833007778261e+01
8.241370504477846026e+00
1.609586581268172978e+01
6.657123965158339374e+00
9.504645911335598996e+00
7.216398777155340838e+00
1.330663271789422453e+01
8.350708618037407049e+00
8.341453126804490026e+00
1.608288831623442405e+01
6.124772907540142697e+00
1.828123123885633561e+01
8.706183639354152959e+00
1.500644822234182385e+01
1.946499781111276661e+01
1.080580215477883321e+01
2.449390201434710335e+01
2.156974023754257530e+01
1.310870726481721071e+01
2.662409092127683152e+01
1.025360655769548224e+01
2.148968459859973024e+01
2.237655682390595757e+01
1.373455368809981358e+01
2.812081105034561901e+01
5.930476297859316404e+00
2.346570770131419081e+01
1.634789241863461839e+01
1.027869294487485874e+01
1.719033796733512176e+01
8.215431429870024616e+00
1.855496074313089494e+01
