1.670614378695039761e+02
2.751169186132632305e+01
1.047917490385250616e+01
3.289430995615498787e+00
4.746738303982444229e+00
9.164686063700703045e+00
3.979499858669111489e+00
1.436640806103101076e+00
1.172530448733708575e+01
6.067652662760747440e+00
2.508045406986844306e+00
2.787777376795915529e+00
1.258499733688711375e+00
8.760123612874639587e-01
1.412629013272078238e+00
4.044253341525830159e+00
5.905575556241343449e+00
1.844907074440293338e+00
1.045769206513142535e+00
1.697604970808664682e+00
1.353217200554996058e+00
1.997027949149043025e+00
2.190593212469387652e+00
4.035697162407686278e+00
1.484287804335936656e+00
1.411172767419795360e+00
1.760422785678621427e+00
1.604713655600803479e+00
1.700865210205070532e+00
1.613951802764191479e+00
1.001103934279993224e+00
1.269390991548999370e+00
2.131086797436935854e+00
1.478428760410175125e+00
1.835351799602772616e+00
2.015794070239945501e+00
2.316671821068866155e+00
1.768683122633211147e+00
1.632158366538176031e+00
8.467492772521686417e-01
