1.289171647288495990e+02
4.379841319183476145e+01
1.443395016092893890e+01
3.446466219599397363e+01
3.017818314442280681e+01
2.273501321917512996e+01
3.156556471520974938e+01
2.022595820507627806e+01
1.886460826301272320e+01
1.608437436435167811e+01
1.846763978038391585e+01
2.137694878655365827e+01
1.336803223643370941e+01
1.500300564211024223e+01
2.244640749459746232e+01
1.017139748818832423e+01
1.385824807262801883e+01
1.947995547362526381e+01
1.316873009985879683e+01
1.221583061216189847e+01
1.745226579807079048e+01
7.171108591285903167e+00
1.058455229393667096e+01
1.774567404609383559e+01
1.268052184748104594e+01
8.459930966584026990e+00
1.362149892789907568e+01
1.165664225348873906e+01
6.222340113612347068e+00
9.792029008585647176e+00
1.017889828446623923e+01
7.283148470010010200e+00
1.098802691408435450e+00
1.698748189804689090e+01
1.673873531391832259e+01
5.657843917146392343e+00
8.795319899927315888e+00
1.381761830621318410e+01
1.041191343225800381e+01
9.845319422320860880e+00
