1.634919472442178403e+02
1.014608556327998912e+01
8.138238414080902317e+00
5.552437461823884313e+00
5.845068115776562045e+00
3.402503531288656458e+00
1.618810653803032684e+00
4.686812316948205215e+00
2.436787480326892741e+00
2.086635740137072315e+00
5.470413960005618748e+00
1.311020857430372999e+01
3.792969950656495115e+00
6.257761225744688183e+00
5.246075180017896855e+00
8.242580498968449021e+00
1.532572598850189038e+00
1.891453928553534336e+00
5.497140735006725620e+00
6.057304132747870717e+00
2.036498578139030791e+00
1.817224799972506355e-01
6.886494070752736896e+00
6.499377598082459961e+00
1.694564071188533028e+00
3.500745712174468505e+00
5.060602887058296417e+00
2.831649840117058226e+00
9.346905482578908853e-01
3.013338462044126143e+00
1.978852592502873042e+00
1.217469770506734328e+00
2.926799013015068951e+00
3.102369427960184556e+00
1.527233023335699880e+00
2.916283960320228186e+00
2.342775422134726337e+00
9.960179070790540212e-01
2.495627366648404788e+00
1.632054272371254777e+00
