1.695056478385287946e+01
2.015276478481733968e-01
2.717438412433557104e-01
8.260665608484277778e-01
1.444810919017280315e-01
3.787345818497998562e-01
2.390080777348665420e-01
3.753155938292979110e-01
4.916887113237606299e-01
3.403536419653680478e-01
6.659202239747337160e-01
9.679800450239185727e-02
1.652610363555624962e-01
4.266321303729170289e-03
3.063274975786288157e-01
3.011137061200451770e-01
2.853428062486034755e-01
6.033551877523672946e-01
3.937524082760720523e-01
2.709055043933525919e-01
3.102009930462624743e-01
3.274717393387809872e-01
8.449081873470197512e-02
3.236972155398670226e-01
1.220141102805927386e-01
2.013283659306425999e-01
1.841787517913531513e-01
2.185774070568980709e-01
2.889654690201687859e-01
2.961129109883820498e-01
2.614001232005482844e-01
2.355498086549307202e-01
3.166939700615726272e-01
9.555983532587272733e-02
1.646994655485300163e-01
1.116393810350809618e-01
1.986292207489196437e-01
7.676802300141895297e-02
1.237069087891791153e-01
1.905919646516835153e-01
