5.946667655214827164e+01
4.692506900776669987e+00
2.397203447680113619e+00
6.093228166522390410e+00
1.297579059930410450e+00
1.478837891210356359e+00
2.355828126056364269e+00
1.727400332646570780e+00
5.036173146944740164e-01
9.340954343205476462e-01
8.662976216721633982e-01
5.099412097104453201e-01
3.644742051442875219e-01
1.143509465522233537e+00
9.652193733871931025e-01
5.699494469503760818e-01
1.512726183530731294e+00
1.334927030576699147e+00
1.627926933012560973e+00
9.987519641195817810e-01
1.042694544377158472e+00
7.595483764251951264e-01
2.132035318401576673e-01
5.850590917195944707e-01
2.068252395650909681e-01
9.026006581840365639e-01
7.825452372646392041e-01
2.828339332725448019e-01
8.516438523450007292e-01
2.301172595854096281e-01
1.003022005109286685e-01
3.071264910421817595e-01
4.673208192302955588e-01
1.018945611348429869e+00
4.491744383392947682e-01
3.757011537353697750e-01
2.516736880234655138e-01
8.137570865536732090e-02
3.531391395205045192e-01
4.967679002897641416e-01
