1.229467437899192390e+02
9.200778164912231105e+00
4.481293607464984952e+00
6.128671792440982813e+00
8.308576997140008080e-01
5.225657208501629514e-01
2.801534637493108715e+00
3.613589096290406921e+00
3.308527136384428857e+00
3.995978066884803503e+00
4.344906656439116333e+00
4.248047394313573477e+00
3.257523609135956288e+00
3.256217848911892698e+00
6.538662652863840741e+00
1.706481230781327518e+00
2.160679120711234358e+00
2.763847784500299554e+00
5.845269840777608250e-01
3.015021629861765806e+00
1.174028197756292524e+00
7.703290533920756911e-01
1.212858580283251664e+00
1.658393071391227602e+00
1.698644795030285426e+00
1.802862744723984667e+00
1.674138785659353701e+00
1.536314402643822907e+00
2.620951618645749548e+00
7.166429049385391048e-01
1.129242558189492041e+00
1.260590093326668049e+00
4.315687066321881038e-01
1.248031960583589894e+00
4.612415502338456652e-01
9.933447297682331811e-01
3.170821017408722020e-01
2.176556911486511592e-01
1.095587154611691455e-01
5.989662946071117045e-01
