2.604542450298665131e+02
2.622524587980887389e+01
2.558451265026554822e+01
1.695043133115932577e+01
2.489417221593609852e+01
9.014537850955903764e+00
2.621461122147754352e+01
3.676821316940505824e+01
1.983842366457185591e+01
1.307252578907594476e+01
1.353599043526660317e+01
2.031270954264480366e+01
2.022484365027681719e+01
1.639815728927347749e+01
2.234012526169218660e+01
2.026601402084849468e+01
1.047866354872479455e+01
6.345838088213874961e+00
1.419588844392463578e+01
2.217736977218195804e+01
8.003531907759212416e+00
1.812486548104653750e+01
2.317138642416033179e+01
8.246564662932184930e+00
1.250786450378658543e+01
2.971227458399025068e+01
1.378586399057329182e+01
2.912559715920193071e+01
1.540766066129148193e+01
8.158382291558222477e+00
1.333131018156039538e+01
2.096859328525419741e+01
1.648979745939747232e+01
2.530003789870996300e+01
1.559065786884453608e+01
6.861905088309744549e+00
1.217265986486596852e+01
3.558537060456836709e+00
6.405168272828005271e+00
2.668077907620732603e+01
