6.082376926061347433e+01
5.274320732500188846e+00
1.227943557370155370e+00
8.971247666232405882e-01
1.361357239912019290e+00
1.319083562454072656e+00
1.766509567087146904e+00
2.735686170902698056e+00
1.675862070789109204e+00
7.607314431530010079e-01
2.042668724095479504e+00
6.436133846221113730e-01
6.825098085619769606e-01
3.332642380288754480e-01
8.698401116396135002e-01
1.215890408726788108e+00
9.869308093902655621e-01
3.042055323805393230e-01
1.248625376461665049e+00
2.345002513969368929e-01
9.853137918113338278e-01
7.606757349018898884e-01
3.551725074658000914e-01
4.093830146806438641e-01
9.744261848834615547e-01
1.089757015958991326e+00
7.127492402187495246e-01
4.639496285732060965e-01
3.325805456581615860e-01
9.672881742858553678e-02
4.388320373695820398e-01
9.392419451846800715e-01
5.234739365524451182e-01
4.993815511025604392e-01
5.426960433154608410e-01
3.963533658967640649e-01
1.866476864525206392e-01
6.822966504695497925e-01
4.599890846066468364e-01
4.934679032820252220e-01
