4.211502131133362781e+01
2.135291225014596783e+00
4.496319583430389955e+00
1.097004346172459455e+00
3.459891106596210797e+00
1.216843165802081295e+00
6.760079535102981874e-01
8.274168855742978224e-01
8.519369154703038127e-01
1.901357675110649126e+00
2.144473555325861813e+00
1.562914887217832449e+00
4.487842847891345133e-01
7.987661188080539265e-01
1.449237387474939576e+00
1.959736861399839603e+00
1.214366168560008896e+00
1.190985196460186746e+00
2.478278950995186136e+00
9.298728204238693174e-01
1.590659415121616904e+00
2.000810306900891344e+00
9.145024209497333301e-01
7.958690748260669467e-01
8.301146208207282884e-01
7.940132952036911274e-01
8.467004855622202175e-01
4.360422032770940315e-01
2.449610831756388052e-01
2.345799465047087584e-01
4.229743140634011911e-01
2.635011292279068607e-01
3.760516874707534596e-01
4.603377392357934084e-01
2.426402150767762445e-01
3.587233233052824488e-01
7.624999872232420817e-01
3.307831752578470064e-01
3.509240014037650068e-01
1.215521772356916025e-01
