1.645617875368316874e+01
2.477579717952320681e+00
4.928954924785469149e-01
1.119745675568607268e+00
1.960253658447923542e-01
1.117830310526013227e+00
5.637485795675183375e-01
1.777842676108781217e-01
7.814382787746245729e-01
1.852919082464898060e-01
4.542986051304351847e-01
4.157128255447520848e-01
3.884854088027263619e-01
3.855356757951404201e-01
3.115581833761758568e-01
3.308594402507178955e-01
3.773589094540102384e-01
1.046992003067741539e-01
1.233241584649912709e-01
1.549722108817445376e-01
3.548241511598573261e-01
2.230676640084677531e-01
6.471297103139504736e-02
2.645008280858193728e-01
3.152572903892977840e-01
3.579720873742636700e-01
1.975019279100816150e-01
1.395935005930165618e-01
2.421282989662189300e-01
1.010773822519897974e-01
9.184594223593646467e-02
1.134111972587761447e-01
2.001591663066033810e-01
1.115612611978072377e-01
1.088043101856264738e-01
1.314504581824903762e-01
1.120293439336182001e-01
8.490253951484040551e-02
2.273373562056198172e-02
6.964456998209958560e-02
