2.155577911389059409e+01
1.974362156609112962e+00
1.216737005976121333e+00
8.586158834957455799e-01
1.310214807202773279e+00
1.123797394451374387e+00
2.467942946192962062e+00
9.127035784451473788e-01
1.178048893091013349e+00
2.119834686141423563e-01
3.832532713616565445e-02
4.921495474605102616e-01
2.671931402911676967e-01
2.983033025146647477e-01
6.043888359044863323e-01
4.188139176871465974e-01
7.647202250737375473e-02
2.668504174920473537e-01
1.361468107131021676e-01
6.170187137725120091e-02
2.687434402608188666e-01
2.021945169708257994e-01
2.376314519806460857e-01
1.369134282054426943e-01
1.878616804631892123e-01
2.766602366939764912e-01
1.371036055155762101e-01
1.321679885546951927e-01
1.320750782873908735e-01
4.265535344165160420e-02
1.214221835551934775e-01
1.995799436523498505e-01
5.066969504299267957e-02
4.862829731549783013e-02
3.206454400920719788e-02
2.863491648662308195e-02
8.271734433116333107e-02
1.075437499239819128e-01
8.765785224810121457e-02
1.303040275481907040e-01
