4.207883327204667268e+01
6.254336684239699906e+00
4.666947063327662626e+00
4.184863935925187128e+00
3.153149366061061887e+00
5.407850310625522461e+00
3.541620459025760947e+00
3.187628468919331048e+00
2.035726896144174347e+00
1.765075345668701390e+00
2.549342243543430531e+00
2.383482694506019239e+00
2.519106073397566092e+00
1.557889471679354987e+00
1.094328920559934692e+00
1.397350828786185772e+00
1.685885264248672799e+00
2.769455859875177506e+00
1.559462037674070878e+00
2.426316345796154739e+00
1.251005606590848807e+00
8.284201348474090620e-01
1.857619831093809903e+00
8.117997907639383781e-01
1.018861930952795536e+00
5.279767390131089311e-01
6.602671277299286823e-01
7.770889625097116005e-01
1.111751682215066817e+00
1.547440102032771880e-01
2.698922769990245718e-01
9.741468997277823449e-01
2.513150813938292982e-01
4.045035293210426652e-01
6.433163469262579426e-01
6.269942750330687042e-01
4.710682037522856414e-01
8.055453989142451476e-01
6.567659686413714060e-02
5.439321843847622073e-01
