1.330459411770262363e+02
5.898022652240785924e+00
1.576273714545881077e+01
1.611230081919810786e+01
7.636209668695837394e+00
1.052632504585021778e+01
1.938155929336450534e+00
1.546479737790849462e+00
5.690472292152959355e+00
1.078363066370918277e+00
9.909557110359179077e+00
9.051695353158399016e+00
6.156245877278240464e+00
4.340491436989887042e+00
6.088338516479006479e+00
4.354786555169983586e+00
2.608236728392267612e+00
2.900572058292611555e+00
4.524223230306000154e+00
2.963237924489543929e+00
4.203168307635251288e+00
5.072293204995370175e+00
2.021895675684449056e+00
2.604318850177557376e+00
3.400103590061206660e+00
3.782644453741462520e+00
3.217685320669346982e+00
3.203658239888874437e+00
6.274995305408301860e-01
2.413311108041267250e+00
3.107329101195104748e+00
1.227650328633026922e+00
1.055933844972484437e+00
2.387502302785946107e+00
7.191663777129990720e-01
3.028886828686928379e+00
9.939219329154945770e-01
9.765833096812598368e-01
1.254647046418818412e+00
1.419905178938010160e+00
