6.207629809752902617e+01
2.679250507758477795e+01
7.129077608127825094e+00
1.698389597882702517e+01
2.561337969711685858e+01
1.796613080142488172e+01
1.231330551354149705e+01
1.602379951532934044e+01
1.834528728067489567e+01
1.302127308898033675e+01
1.422861043273660187e+01
1.740851655532568287e+01
1.456299496921534953e+01
1.408549667063100230e+01
1.345447725509539083e+01
1.348901708178772374e+01
1.578398636693487589e+01
1.703835094367696712e+01
9.337986715529003945e+00
5.303579052822737339e+00
1.476335895596999137e+01
1.845708327971381024e+01
1.393555155001320145e+01
3.014339233935237061e+00
1.040792990549277697e+01
1.577240805138098523e+01
1.063810959216816698e+01
2.260164333308036788e+00
1.020674032135247522e+01
1.136256497361193141e+01
8.448355892234737041e+00
3.780834035708605878e+00
9.390469668672176695e+00
1.083763960933909409e+01
4.618098819574390390e+00
2.349672022705638685e+00
8.187134131496913270e+00
7.540936605682648342e+00
5.270102606103630904e+00
3.002809719228687335e+00
