4.420168328550688841e+01
8.640086272842522064e+00
4.795354972543599104e+00
6.702128372114671606e+00
2.618287919417024323e+00
1.833506012091647985e+00
1.966309773132337790e+00
4.779249021469983427e-01
1.888200516992140532e+00
1.460736594810962963e+00
1.736468157594206474e+00
1.308972067224981606e+00
3.680124242007196234e+00
5.249625965793160987e+00
2.483188870311160201e+00
2.293336741013054514e-01
2.059037950085516044e+00
8.129945452741897949e-01
1.049543674349302735e+00
1.703154337230982751e+00
8.182347185182019533e-01
1.110468348944646522e+00
1.179457557388813749e+00
8.227144760462814510e-01
4.099821986651559502e-01
1.688079492335294862e+00
6.532006999547560477e-01
9.095288269195210828e-01
6.005459431868538367e-01
7.569235033596256601e-01
1.382189828758362271e+00
9.701225704464061517e-01
3.729961572231250966e-02
7.637291089651730980e-01
8.730369862616156329e-01
3.987047426123047633e-01
5.211564557043835144e-01
6.553422241668809267e-01
1.083693513496533756e+00
7.505494678894973903e-01
