8.036215835716042477e+00
9.085637567023434613e-01
7.723317784353034288e-01
6.201095740395465850e-01
8.685218242894425789e-01
1.061059668807381007e+00
8.120066242193050288e-01
3.020769468704783689e-01
6.500040171947452095e-01
6.861293142551528890e-01
7.412225735514166303e-01
9.586924808075832916e-01
4.102856602301352962e-01
6.565938993063273887e-01
8.733554332805115727e-01
5.683529161502428595e-01
8.471899081587448421e-01
5.429442200006209251e-01
6.451946907713649315e-01
8.152945890528022765e-01
5.420435622153714217e-01
5.490920198266746599e-01
6.624632101144787288e-01
3.808001159536990587e-01
5.218098726618526362e-01
8.128122662009972244e-01
4.589438471015047094e-01
6.730365145315190256e-01
5.488691516078482158e-01
6.378830006000907327e-01
6.127669973064329145e-01
5.201182523626446397e-01
4.034254080379642837e-01
6.216015679659335769e-01
4.504538613747765541e-01
5.604057898854261088e-01
5.491671636389585665e-01
5.473675803006972096e-01
4.230351676555519913e-01
7.137192726511341068e-01
