2.600997330881529734e+01
3.916390555916929639e+00
2.484877878413767061e+00
2.512942748050714492e+00
1.608440138742223358e+00
3.008636909254550851e+00
2.016179977064068929e+00
2.288539132620747374e+00
2.931451070039229112e+00
7.738801244204764895e-01
7.609540018216984780e-01
2.686365466011593206e+00
1.039524882238041847e+00
1.457600696503383197e+00
5.817462587981222510e-01
2.148209610150166426e+00
1.128105837381352838e+00
8.476617126757557408e-01
7.402244605624483942e-01
1.909245148135800374e+00
1.101310294083988728e+00
1.468456337420662727e-01
2.399784182099767627e+00
1.658213238876646178e+00
1.570941825613345610e+00
5.292922444393781678e-01
5.321956704051490350e-01
2.524063297631077951e+00
1.600466209193919465e+00
1.821089992705507310e+00
4.555248577093204965e-01
7.395639828758783230e-01
1.176765918141570832e+00
9.052894576725103448e-01
4.421937595164975310e-01
1.725945404969271069e+00
3.389916423614570129e-01
1.763676118866763121e+00
1.091430463779038851e+00
4.486034612958748058e-01
