1.624707093471127450e+02
3.278844281093057145e+00
8.609442010678959534e+00
5.191545939506478469e+00
2.702546333538742740e+00
4.840729636248533474e+00
5.253788260911012031e+00
3.767078178936857480e+00
2.626639055523193989e+00
1.916764462899908095e+00
2.098657723862065616e+00
7.586559810036035412e-01
2.117562131790552193e+00
3.620526154451952916e+00
1.355073398243184846e+00
2.214965847920309372e+00
2.993946283331251124e+00
1.728760415477227141e+00
1.955633848636496808e+00
2.630593894279630973e+00
3.030606045708540197e+00
2.212343928627975020e-01
3.424626434409225872e-01
1.150496291361056134e+00
1.284667628460114175e+00
9.513089310668540466e-02
8.438528410656189749e-01
8.125919206699759867e-01
8.349699348491741446e-01
4.593987246480458198e-01
7.515773857502534572e-01
1.005639424185824637e+00
9.287341396925697934e-01
7.219806290526608050e-01
4.868184006170385714e-01
1.829307821787110044e-01
9.012550391892566459e-01
7.869418743539252636e-01
8.364618153054248495e-01
5.362458552125358713e-01
