1.573229960838753243e+02
5.153733006120575943e+00
3.527720995250923419e+00
5.925936667664325697e+00
2.284779845134322418e+00
2.340134342508056520e+00
3.613838081680702974e+00
1.846031895479726792e+00
1.420790042929659158e+00
4.592776298233143706e+00
1.319931591765939061e+01
2.265242273713183874e+00
3.531305860510588257e+00
3.462737192675008568e+00
3.678878335361571938e+00
8.769845184729809784e-01
5.263479892903070834e+00
1.808065076310348740e+00
1.673888559371266460e+00
2.291479558783819925e+00
3.392041216446810115e+00
2.832836955561542691e+00
3.929509064391029760e+00
1.870335405877993074e+00
2.017060543630489811e+00
1.611591985611414701e+00
1.091053942844632640e+00
1.930744212240476987e+00
9.442036626895493612e-01
8.140796416631980170e-01
1.289922938771349281e-01
5.679045033530519815e-01
1.578118220627152901e+00
5.783053205590586998e-01
9.251889636292677521e-02
6.027145421761087585e-01
1.847694258333243855e+00
5.129484933160274318e-01
4.525637378994399884e-01
1.157326487346586497e+00
