5.886386258493141810e+01
1.602321774158792422e+01
1.234570688016267326e+01
2.152871800222305509e+01
1.241024093921052263e+01
1.718266002539488468e+00
8.384666037743405909e+00
8.850740724531197756e+00
3.729956510442969275e+00
7.625833099476614585e+00
6.366555477724680223e+00
3.386584101301058247e+00
6.681289399759665848e+00
1.032214213772043543e+01
6.735709126286344883e+00
5.591041387895487880e+00
6.830416795670639196e+00
3.617517601094600188e+00
1.675183433755841111e+00
2.234056494490663791e+00
3.669043170833612422e+00
3.675964594064218716e+00
4.245544451774542871e+00
3.165131110818097504e+00
1.910631277527816474e+00
4.137334768796790740e+00
4.607104499247494545e+00
7.523815105671119996e-01
4.555561830982835403e+00
5.604909703777274821e+00
5.439716013043148557e+00
1.790027992380607502e+00
3.210751886481060691e+00
2.769280877582493972e+00
1.894099733912391725e+00
4.295474610637197266e+00
1.761662434758841211e+00
1.585050713149208867e+00
3.941374375280439768e+00
4.330990643249561067e+00
