2.551177652812843633e+01
5.206301362739979233e+00
5.499609420361733392e+00
5.522487908900878040e+00
7.052713685307094416e+00
1.800011206955787202e+00
1.317374807719126073e+00
4.585756388965348762e+00
1.202716293892446719e+00
3.332616868896095319e+00
2.097747613288651003e+00
4.051259074445672681e+00
1.518068979611793656e+00
3.816118646455210150e+00
1.858700005557448076e+00
4.589922263731399887e+00
2.225559370699572881e+00
2.074776921580226308e+00
3.325817400954810488e+00
9.902957103799849836e-01
2.024185658514268127e+00
2.321162648665959782e+00
2.181279361568335684e+00
2.856530340498267817e-01
1.336601072263302159e+00
2.763071044037827217e+00
5.062752645866223089e-01
1.798935200624756980e+00
1.630193941130800850e+00
1.424099830520324517e+00
2.902053267484848709e-01
1.364672690626743012e+00
1.234937115504148863e+00
1.772180803110497971e+00
3.895048144133556045e-01
2.625224659229616453e+00
1.268619307189012835e+00
4.344574906319572105e-01
8.997201134868157979e-01
1.330534420355214076e+00
