3.823840189860096928e+01
1.417292777322892050e+01
1.241038373095672931e+01
7.818664932599150852e+00
7.035928001830184186e+00
5.774784972207029021e+00
5.083801876322125324e+00
3.087605752315046637e+00
2.340791055670782495e+00
1.058223387942042626e+00
2.743289382878564719e+00
2.528935292465979590e+00
2.369515041736049987e+00
1.011471917678278487e+00
2.715906918033188067e+00
1.980318345040760875e+00
3.520684500835727704e+00
1.469330907327411895e+00
2.196649341024248248e+00
2.101880328523391572e+00
1.990958575889640203e+00
2.304150053147460575e+00
2.649624654598029760e+00
1.061199871830541319e+00
3.215506673650796010e+00
2.178775758599452050e+00
3.563310920917379665e+00
2.627141465875761916e+00
1.511038656720670836e+00
1.940920788632126248e+00
2.838888104601237750e+00
1.057630436616244340e+00
3.019563214581119315e+00
1.282449691905373390e+00
3.416077683535098330e+00
3.555631282294046347e+00
5.912018935815633647e+00
4.883312506901119399e+00
2.629850016965037174e+00
2.461560743282601660e+00
