5.323092954385778341e+01
3.038484235695590741e+01
1.878400304479309213e+01
1.662475375360322971e+01
1.076762459440370456e+01
7.176295322114301989e+00
1.098717785682964454e+01
1.097792732080014488e+01
1.036980956225261785e+01
1.371225570186050646e+01
1.423703426646762438e+01
9.950267719195540650e+00
7.724553557866470577e+00
9.045269877530712321e+00
9.932851999824530154e+00
7.389289325485234095e+00
6.926156040076708820e+00
6.537417683417657166e+00
3.125524449410902239e+00
4.703399820150782951e+00
4.382500760703288201e+00
1.806251118076874551e+00
4.182348236108652806e+00
7.348240988901710402e+00
6.463651517057022566e+00
8.448876498561039838e+00
6.990627402198049900e+00
3.109402262194107536e+00
5.298989614541198101e+00
4.064350061122341096e+00
3.464329540743451563e+00
6.628218880452960704e+00
8.978862803059829645e+00
9.805714736798199382e+00
1.228614283874632918e+01
1.064534344809912092e+01
9.426715734724741225e+00
8.860976501062404864e+00
8.695697106381349073e+00
9.680156927726770277e+00
