1.226847961232031636e+01
2.227621538693788317e+00
3.694444440681172726e-01
1.153067423329546148e+00
3.158171850384577928e-01
4.260337464712915523e-01
5.443522967616546415e-01
1.365865729672202544e+00
3.027459863339103108e-01
2.176326521636776368e-01
8.354646471595752466e-01
5.886583576290214115e-01
6.005165581570369726e-01
4.254507479295490668e-01
5.999322103418209817e-01
7.456343894208187217e-01
5.593730994998821204e-01
4.137343574727551654e-01
2.581011041906995374e-01
3.847323645612670262e-01
2.455626909478316189e-01
3.421814939685072776e-01
3.027181825053213426e-01
2.124431688387581063e-01
2.308460397954782417e-01
1.594001036766445056e-01
3.757805054925493216e-01
2.996505209046545493e-01
2.265712419507174558e-01
3.030347981444898586e-01
2.296312792317490026e-01
1.359534294651506270e-01
2.576296008689192840e-01
3.446300495080859561e-01
2.079053147617970498e-01
2.203182775202431054e-01
4.936581389874173526e-02
1.262911569612893414e-01
5.584247933972720512e-02
2.407260972379627328e-01
