1.084808628897375016e+01
3.203756094854183001e+00
3.062114558435267142e+00
1.828926031082193315e+00
1.324137837711183430e+00
6.773058777916264317e-01
1.311802027201211418e+00
1.114858142865188251e+00
1.540200458205493339e+00
1.922959331971064723e+00
1.609419364126791097e+00
1.658306689648546772e+00
1.594755867696427298e+00
1.454676420923433078e+00
9.599959028578042286e-01
1.150900071116774059e+00
1.151024285863542884e+00
5.081511642325846623e-01
7.967049356417092998e-01
8.673960694779544456e-01
3.963738082310196975e-01
6.940744593749565983e-01
9.739007648564065311e-01
7.250338161674959592e-01
7.126689687852639787e-01
6.849960817314119099e-01
3.119409442186743542e-01
4.961589817075809372e-01
7.420926027468552899e-01
8.257810564369945094e-01
1.113025525464999665e+00
1.383361341903707187e+00
1.039824690659307604e+00
1.212332228034513903e+00
1.340201107875052644e+00
1.020166588557766429e+00
1.083270958660284222e+00
1.135526158793249918e+00
7.984826047421722528e-01
4.751284574648495518e-01
