2.017228616589092383e+01
1.236822693742149815e+00
8.732304053124780197e+00
3.423013598955425341e+00
7.583117906502556238e+00
2.103935307339116711e+00
6.755550043988697517e+00
1.947111533712722720e+00
5.685359797229756929e+00
1.267942795135284184e+00
5.678370828059361664e+00
1.660380324470109636e+00
4.220753694277355805e+00
1.930429921571826801e+00
4.357032897164337726e+00
8.676938718921003435e-01
4.949255907279437317e+00
5.520858435826169197e-01
4.833158024825450205e+00
1.329525383256283000e+00
4.399496955104523543e+00
6.814452249029651076e-01
5.217841649894364942e+00
7.333464624192834735e-01
5.013495971907329540e+00
7.296268299696168080e-01
5.204645612977516933e+00
7.807048062298628244e-01
4.149318716938213747e+00
1.316404025221348695e+00
3.813332367332558537e+00
4.055020797961036982e-01
4.573854261801433729e+00
1.425848808454828198e-01
3.901150496614228302e+00
5.638371322165358634e-01
3.407460826062482795e+00
8.165260893414079124e-01
3.650815237447310402e+00
6.688143752520165908e-01
