1.388382684909002762e+02
1.865693201346960928e+00
3.243673569625403097e+00
4.299167098721291325e+00
1.399340507598169303e+00
5.408800812100936994e+00
1.247386737669522905e+00
3.693186020057524832e+00
1.239534864683774718e+00
1.122006865515513319e+00
2.848820321185055793e+00
3.032986614105148693e+00
1.756851032125563039e+00
2.229421574903485137e+00
2.450142871020825730e+00
1.545875173474029030e+00
7.284773301751634733e-01
1.753055538319286066e+00
2.000041349670937052e+00
1.673880829969145667e+00
7.764877017315890972e-01
1.538754414359956524e+00
1.255621404884469161e+00
9.706976372357264404e-01
6.750031666594380475e-01
3.490197327172487873e-01
4.418091877416612800e-01
1.008544619821350574e+00
5.867505555923018257e-01
4.770720089733233027e-01
5.402740302487156754e-01
4.501495262250048701e-01
2.055689766123710571e-01
6.782469070711042436e-01
5.539583853668693658e-01
3.597862071089237834e-01
5.580568172274896765e-01
6.968746595140107303e-01
3.285360603224191656e-01
3.624136489068249811e-01
