2.347454815476176009e+02
1.063652631162468687e+01
1.299512197453287143e+01
8.532763958592338938e+00
1.297238656940685964e+01
2.611398192549809139e+01
4.403064648486071597e+00
2.937530297818438996e+01
1.288877382345460632e+01
7.300586822923167851e+00
1.197756462591451232e+01
7.505375777370733914e+00
2.213857421444942020e+01
2.736827641337377770e+00
1.934847757138887658e+01
8.040583056927287586e+00
1.092459102263294923e+01
2.421673325770200336e+01
4.715387731127009374e+00
2.013650016899517681e+01
3.594344716174755483e+00
1.051685355825436119e+01
1.132243469037237737e+01
9.602137995353142941e+00
1.852866033823512026e+01
8.731916218035403077e+00
1.065001923109047155e+01
1.252916849224327933e+01
1.159617314074140815e+01
1.142282361031881521e+01
4.703450376264237676e+00
1.781420019086321815e+01
8.242217144366801307e+00
1.025241660926840126e+01
1.328721753709754694e+01
1.344271043025908341e+01
1.091169967051225598e+01
3.592151675721809934e+00
1.115106932575826981e+01
1.261172461754698304e+01
