6.932118019630996741e+01
4.090996831666665834e+00
4.762732047714520967e+00
2.649769850339064980e+00
6.161633064603421417e+00
1.437677681247099493e+00
2.642749678396580038e+00
4.222266487289619619e+00
2.762343155258044636e+00
2.284540944903187931e+00
6.938707326738008163e+00
1.924895681399623859e+00
3.767987073711664969e+00
2.175426006869385809e+00
3.986083601216003913e+00
3.698684118866895965e+00
5.131841737098310929e+00
4.492547624472322809e+00
1.168418665911331367e+00
2.167143968146544086e+00
5.139584107747412034e+00
1.944607682185472752e+00
4.240678616703498882e+00
1.713871881390192087e+00
3.681201228673788517e+00
1.760673429784105348e+00
3.620829435912739758e+00
1.883678141902246139e+00
2.774868259119503300e+00
1.657465271523916428e+00
2.411883999311724036e+00
2.240474970962637702e+00
5.002933701054235627e+00
2.785448887781397431e+00
5.761258432521078277e+00
2.784330377585013228e+00
4.548873935540044933e+00
3.331311322732836366e+00
4.525304894348289864e+00
2.705997874061500497e+00
