1.152040138679886780e+02
1.843114695759436206e+00
6.056339354516351747e+00
4.270236089936332746e+00
2.672337927647153943e+00
7.367655709226376359e+00
4.631860090146997955e+00
3.359380264501711899e+00
2.612960716225670943e+00
1.609237700538525662e+00
5.069553136575589924e+00
1.499190754580903784e+00
2.893242136787548269e+00
1.765829296318926600e+00
2.958448143529433416e+00
1.880586698966736137e+00
3.051328277234572006e+00
3.401689734553458688e+00
1.155053607149930439e+00
1.964324909945822872e+00
2.371722637434205527e+00
9.228196028497444026e-01
8.439204623330334165e-01
8.513005084534178701e-01
8.498657403120665199e-01
6.495591151249300310e-01
3.132090595989329707e-01
8.767635810072956781e-01
1.698989454382665298e-01
7.225962747227074878e-01
4.036595877301814017e-01
3.933754733986250529e-01
7.818486127568853306e-01
5.916589215125835910e-01
5.966556556909344833e-01
5.921174631654577691e-01
4.903970072763632060e-01
2.530659104755231259e-01
4.074306784541888993e-01
6.250709767180517851e-01
