1.284646196366751383e+02
2.176828991845692673e+00
4.475389251004919244e-01
5.457656630453095126e+00
3.021655778581395335e+00
2.504331530462637900e+00
7.894182289432110089e-01
5.777708076210512189e+00
1.005970755171502251e+00
1.354703983721866178e+00
9.387094615536585307e-01
2.192974127088311853e+00
1.429214512852253760e+00
1.313459108641224615e+00
1.913426327660273429e+00
1.748631687215032482e+00
1.548946112534065334e+00
2.212532169535617932e+00
2.734381566967672761e+00
9.435730160377860942e-01
1.005277087228365840e+00
2.307586055397536917e+00
7.466533337804124315e-01
5.452367952210135371e-01
1.307846604932966006e+00
7.487756369498955733e-01
8.223489641747976364e-01
1.664320249644656968e+00
1.609714902183172258e+00
8.962978876683740381e-01
1.609171302041931151e+00
1.786297927012220121e+00
1.498217762686487209e+00
4.031657455703419601e-01
7.635681678168015907e-01
3.717517372024710109e-01
7.205924005301564961e-01
7.168601423587294130e-01
5.109739098422828585e-01
4.164667568200247083e-01
