3.050802927934359445e+02
1.020969250552284890e+01
1.131556855865514244e+01
1.650832249785646511e+01
3.792772949059039167e+00
9.148330454818552226e+00
4.686315283989849867e+00
4.362355216542891156e+00
3.329725960746348523e+00
6.392526991101418865e+00
3.108366041480118191e+00
5.170396568044190566e+00
7.013111049450211354e-01
8.499151308359119028e+00
7.527473432931293118e+00
7.208474386656418709e+00
1.650295169149573971e+00
2.368630184869823463e+00
1.277071476533937711e+00
2.163286247852489463e+00
3.013054942798975677e+00
5.077772009818192878e+00
6.625653377418263545e+00
3.648204341726630773e+00
1.694833554217687555e+00
2.857524867114649592e+00
3.568706119351791717e+00
1.006209171534351743e+00
7.002306883347404920e+00
2.774467499349091870e+00
4.285233598371896768e+00
3.982727524595191415e+00
2.959993890310690823e+00
4.147109373289721290e+00
2.636605921600624569e+00
2.796210513181141888e+00
5.288042208026356938e+00
5.010898872954604677e+00
3.090945475514869756e+00
4.332709833627699680e+00
