1.016470597891115801e+01
5.255750637721137153e-01
1.494195703271147035e+00
8.355497023429789838e-01
9.156571394292161159e-01
4.272454083506377343e-01
9.665003035969664813e-01
4.761750184798422825e-01
6.526011696307860710e-01
3.863201432469188790e-01
9.684930258233230838e-01
2.417006074498774526e-01
8.925930846351330938e-01
2.506686536055702241e-01
6.918931800120027287e-01
3.970603582493412165e-01
1.569329906160537302e-01
2.373029704803950868e-01
1.373040591247225439e-01
5.004686252422232418e-01
3.538844197140404990e-01
5.704723626700677341e-01
5.068052281209410870e-01
6.200481711511752758e-01
3.016124737631862285e-01
2.801477270781734807e-01
1.661399441621070616e-01
4.509896569759568874e-01
1.508321409255041490e-01
2.502866965279396672e-01
3.267641722276012906e-01
1.670193587845287264e-01
2.402983704355960148e-01
2.086204360481419551e-01
4.246502398136460243e-01
2.475328096279453272e-01
2.929414981530746864e-01
1.964263052176420665e-01
2.274144166254548072e-01
2.845689464102550970e-01
