1.267759742960470337e+00
2.997992715504734784e-01
3.660455162719115918e-02
5.013312062960800786e-02
4.156432061500953817e-02
9.109038361713202303e-02
1.047740219513805110e-01
9.664111568563993337e-02
4.439674785707502236e-02
1.165181211804095784e-01
8.155181089023300078e-02
1.393050738993051596e-01
2.689980774811007169e-02
1.273216385656982530e-01
1.037234763468801307e-01
8.382133261748098141e-02
3.322138323526805520e-02
2.507175700895709902e-02
8.487172037439297267e-02
3.538853016283372704e-02
1.073138529027458515e-01
6.657296078504627845e-02
1.631674690101691735e-02
1.438512986248497993e-01
2.515069061995533692e-02
1.346245294532861896e-02
5.902063056174254412e-03
5.848419745420162935e-02
7.370610637705533874e-02
2.854647763487155876e-02
6.904272081468879052e-02
1.365400324217869686e-02
3.963274984616334262e-02
2.209468556252707633e-02
7.277839046424870728e-02
4.146112242972408574e-02
3.094269216250758112e-02
3.444524739297214616e-02
2.307785140773780871e-02
1.859201973558070181e-02
