2.290328438006404710e+01
4.927352162610334041e+00
8.041628051704607927e+00
5.472914374795387893e+00
5.232385995018374203e+00
7.850361156693796083e+00
5.780389639903127375e+00
7.681103830034157198e+00
4.805648027006451883e+00
5.455741168095886273e+00
5.224165344496754848e+00
7.255029855885093859e+00
5.079620206046213227e+00
5.307834171533447609e+00
6.066367980233144053e+00
5.915113251523620441e+00
6.213342791436524237e+00
5.563906813563606057e+00
6.064675427170658217e+00
4.943723694681326108e+00
5.235208358333859557e+00
6.349537879106485150e+00
5.437418506446586086e+00
5.151177369395658623e+00
5.343585550443796350e+00
5.222505223673461039e+00
6.796945506785814217e+00
6.423247406134351856e+00
6.158868252724222003e+00
3.797382097863275963e+00
4.912319832965343913e+00
4.629061711707516125e+00
7.800058909851667721e+00
5.645911226335730504e+00
5.315256655155590870e+00
4.435104851235576184e+00
5.464584785987183224e+00
5.614164005407528357e+00
4.777381332544178072e+00
6.448800290094062859e+00
