5.985102659640476830e+00
3.113280269850829951e-01
9.846692102318411743e-01
7.027526181638454883e-01
6.609485884678648615e-01
4.979924478672360100e-01
2.158247055325162034e-01
7.224912085541574935e-01
1.676524886307871054e-01
3.449714796738058142e-01
2.602097873680393469e-01
3.469350471363274457e-01
1.681701890416315848e-01
2.982135277386124272e-01
3.479381345457852048e-01
4.120330449502950798e-01
2.925158163288837376e-01
1.864085800702824369e-01
3.883054557370296117e-02
7.515527893566556483e-02
9.311733269991889772e-02
1.037908683986508013e-01
6.791219268435938483e-02
1.164970853658571504e-01
1.025446787544822130e-01
1.021827689009352641e-01
7.555372138020323425e-02
7.921528360576174377e-02
8.010980823412755525e-02
2.213472122366742789e-02
9.054744871818655449e-02
6.527703056083736244e-02
6.612490766683994103e-02
6.901931733087796061e-02
6.112922794152574058e-02
3.549779808410446352e-02
5.143043659618326546e-02
4.550406190096512732e-02
9.665139152382854273e-03
2.582546775326233571e-02
