3.293911439093500704e+00
5.026397828252715527e-01
3.580020830806031618e-01
4.294070136499208434e-01
3.391650844437901768e-01
1.213961580167664395e-01
1.487081892460266619e-01
2.460546877656075437e-01
2.970291110082670660e-01
9.594710532771576206e-02
1.902519004348528775e-01
2.336773959179707094e-01
2.248439946031664805e-01
7.157345045463843480e-02
8.941040093073654438e-02
1.803442994231436447e-01
1.338860025867347203e-01
6.157426270937284285e-02
1.055377885039771729e-01
1.766686002551580981e-01
2.127457601498917161e-01
1.510388041605832954e-01
2.418597502797304455e-01
2.861750009752235258e-01
2.124782621190764442e-01
2.531552142113427939e-01
2.756746274294353816e-01
2.447055964767929082e-01
2.458616910639689068e-01
2.889438905987827266e-01
2.641465876125795309e-01
2.410627406003069684e-01
1.999548921461038464e-01
1.468114006480472911e-01
2.016864335628289207e-01
1.634998658611108158e-01
1.174238222446301744e-01
1.427665688610270101e-01
1.906379098439013320e-01
1.710601007923147621e-01
