6.400652190055373225e+00
6.660800399255648596e-01
3.162788840459460071e-01
7.628936664016386926e-01
5.975220472189280985e-01
5.787527365799292056e-01
1.140411891797897148e+00
1.044862991918364126e-01
5.456892282204665046e-01
2.862664843775868384e-01
5.226970593312269681e-02
2.149915478590130880e-01
2.279440101926856477e-01
3.390305304007623088e-01
4.191332169134346919e-01
2.700406084443139343e-01
2.469165859447164657e-01
2.879777776865764527e-01
1.927568796012434915e-01
2.685509587768042938e-01
2.394246419754734179e-01
1.665351983556192794e-01
2.512155115812028661e-01
1.023803125372915040e-01
1.948809928614438913e-01
2.745953246556778748e-01
2.613401184159037105e-01
1.193314664251586277e-01
1.468518014868541444e-01
1.460623201472755484e-01
1.257910962593182247e-01
1.653831213532396816e-01
2.986809202040187627e-01
2.692524164099226458e-01
1.137007036594194359e-01
6.590188228177452923e-02
1.557540536901553252e-01
1.369028924357052202e-01
2.052639104984540011e-02
1.990774998059293421e-01
