3.707027569996547101e+01
2.007263109320374994e+00
2.010455198607654648e+00
3.536354637569275816e+00
2.799556609819208841e+00
1.079784783422225614e+00
3.064800470835103319e+00
1.607028449745642185e+00
3.148019300965501532e+00
4.710555435710623406e+00
2.071152035075160658e+00
1.491991217489458066e+00
2.040468279325117873e+00
1.566248524218314842e+00
7.461471402724548785e-01
1.788323579931914376e+00
1.879091265002440725e+00
7.265594589008613768e-01
5.606764057925065492e-01
1.420156647595402388e+00
2.849726819196115035e-01
8.584161588900963702e-01
1.083172765399275317e+00
5.078199031838907807e-02
5.155172477634685224e-01
6.594823438504633373e-01
1.111489378757552632e-01
1.037023958037240901e+00
6.308016428233582662e-01
5.851726560854113579e-01
4.186751207448585199e-01
5.770428503921741781e-01
8.935507541332711190e-01
4.783275620256787763e-01
3.835612101348377379e-01
5.139595371189050743e-01
1.172364194044841046e+00
6.841127736387635494e-01
5.167367310928165924e-01
8.733307598443820208e-01
