8.303640013203384740e+00
8.346229811787482245e-01
2.476210191613276379e+00
1.076522166700028205e+00
1.563917771143800817e+00
1.958728128486458608e+00
1.640513396426529713e+00
1.293997753657456062e+00
2.169111591767465708e+00
1.560497454386088556e+00
2.348063715351641711e+00
1.557978653956337389e+00
1.676777013317160003e+00
1.591551772294176992e+00
1.608152078205358881e+00
1.549496309933961369e+00
1.631579741325641209e+00
1.680928462196035644e+00
1.552309639840527833e+00
1.698692658361785623e+00
1.526088828853687351e+00
1.802333600131891478e+00
1.630062373505594797e+00
1.691244976634725061e+00
1.638250887212976403e+00
1.709691292010787844e+00
1.782072991388152117e+00
1.592945494634616210e+00
1.647394727558997740e+00
1.479854203276363300e+00
1.593254077792027656e+00
1.822911254109571555e+00
1.702567418723236914e+00
1.836690207504344752e+00
1.679771061368150242e+00
1.606931518946422832e+00
1.634563859118796314e+00
1.648896424593583321e+00
1.770028221489132969e+00
1.584869146268001572e+00
