3.334842429029886546e+01
1.187507622788341699e+01
7.488856783461691258e+00
2.173806363755286242e+00
1.003693926478008080e+01
3.100872655963827551e+00
2.747660206508012237e+00
4.205137585647403142e+00
5.482710264415913137e+00
7.659652361680588051e+00
5.863852414686570036e+00
2.771638602262513018e+00
3.352290908933801106e+00
2.015366895753794463e+00
4.152162957690456402e+00
5.226724905333828275e+00
3.877971877256924049e+00
2.451017343710850671e+00
2.355735282844042988e+00
5.468065146310731706e+00
5.335157455644399249e+00
4.933368944476232976e+00
3.160138572544908708e+00
5.227032485569911735e+00
5.341312491633587456e+00
5.397955388171466140e+00
6.229834015216333398e+00
1.759339430480490352e+00
3.174463048770336471e+00
4.121252955142828966e+00
6.488742846827744160e+00
3.980140712045669549e+00
1.735315985436699293e+00
3.516232127595547041e+00
5.368275436718673355e+00
2.866166592114706368e+00
2.091585214329459319e+00
4.336829933564799511e+00
5.621021594027031831e+00
2.751818061252679026e+00
