2.672457123892190012e+01
4.701724144751032064e+00
6.228377928756699156e+00
1.426717544436167939e+00
9.304095442060590360e-01
9.621400085959146420e-01
1.298932564307309745e+00
2.999953737908453544e+00
1.354915910377150867e+00
2.337495156680461150e+00
2.030794303992419447e+00
1.050964133053810423e+00
4.078622085080328419e-01
1.388905426607039306e+00
1.922281394080222472e-01
9.326737025622579003e-01
2.076738057317499830e+00
1.402502293777694087e+00
1.550169833438128419e+00
1.106036501488817603e+00
4.411783126723588522e-01
1.103583190318009777e+00
1.028009788767276333e+00
4.811047810856803331e-01
1.524008138564084236e+00
3.795036491975657400e-01
6.785952819338890718e-01
3.474265566821484463e-01
4.071106280690370283e-01
5.370013804560244131e-01
2.957851754159395719e-01
2.723021374673753048e-01
2.328100194455865746e-01
5.067646041871022300e-01
1.252703680078452564e+00
6.274785774043376563e-01
6.728180146177891174e-01
2.441048637257083598e-01
7.540166546996737162e-01
5.054531378041227097e-01
