6.032841812590745256e+00
1.269827250319396361e+00
2.795025748119420173e-01
3.246686063847031845e-02
4.700761939934635647e-01
8.462744889473593490e-01
8.496017714812155175e-01
2.163432317501270685e-01
2.431087403636250643e-01
2.252654399230994975e-01
1.661499613442800338e-01
2.839350952040721188e-01
1.981218152837042057e-01
3.663719196032316217e-01
2.577348742620426680e-01
1.033048052196505612e-01
1.618835158073927694e-01
2.020636298562954458e-01
1.103427814393991430e-01
7.336823876253428800e-02
1.723765381905694172e-01
1.298270140033841169e-01
6.138439665241805787e-02
9.972668852497160175e-02
1.726679511293198743e-01
9.082118178801830422e-02
1.417514131921065734e-01
1.156126559239413903e-01
9.228222598321557391e-02
3.310215106347007274e-02
1.267555910117405260e-01
8.526157657716863791e-02
3.621128252191794378e-02
2.816844341817626926e-02
8.740479214538954267e-02
3.053629540990727281e-02
5.978545054512885565e-02
4.227780463292047514e-02
1.304556110689238449e-02
1.193028113122831940e-01
