2.341539925417870904e+01
6.625070834324695568e+00
2.501907390984360102e+00
1.358526915354907327e+00
1.317717780023733631e+00
1.627310587416321008e-01
1.580046844017427121e+00
1.699721995887610859e+00
5.312527673502814851e-01
3.063486482596837757e-01
9.419998069731843060e-01
1.287251951127879490e+00
1.855067165125442452e+00
2.422876677013042102e+00
9.242187303527481523e-01
5.802091895663753496e-01
1.189509949309786041e+00
9.553705980305917667e-01
1.008934371974849364e+00
1.322572549010345933e+00
1.534950488817603764e+00
1.157111083628183490e+00
4.665823602136512926e-01
6.323608359764120168e-01
5.510221836109073790e-01
7.915000681760898660e-01
6.663207127105960081e-01
1.061732185346143442e+00
9.822155159399301727e-01
1.036503773348064872e+00
5.734872062030775819e-01
6.110909397760426742e-01
6.910205730567161586e-01
4.656842786261298217e-01
6.080777175948007818e-01
4.877889951419430159e-01
1.049388857772317468e-01
2.253880131879467119e-01
1.027785383341600856e+00
9.160618894097716236e-01
