1.607365454877906927e+02
7.711081831750048465e+00
3.609911744537598111e+00
4.387091186399175946e+00
1.809627501126394034e+00
4.356296514518759877e-01
8.162029563064734816e+00
2.118857397967692346e+00
3.862703268361830755e+00
6.400376860936431100e+00
6.880599041791360726e+00
1.284838077813395207e+00
4.102281105157381091e+00
3.573657195872068648e+00
1.034084914242586306e+00
2.669978627038476660e+00
3.324338401806829602e+00
1.369779909288693753e+00
1.736345170502266999e+00
1.923717586071365337e+00
2.048489134932363065e+00
2.358358369810645616e+00
1.673487724208169602e+00
1.534033346818419741e+00
1.596063833384298691e+00
1.115793405662329763e+00
2.069902395264546335e+00
9.962732133695618719e-01
8.159411636556213043e-01
9.043045730850733932e-01
7.518479007113083867e-02
1.456372245328095172e+00
1.270406632360561394e+00
2.391165349195121248e+00
1.188424728177950751e+00
8.999436505820809229e-01
9.999419039666294085e-01
1.543995884097499882e+00
1.381685072358035393e+00
1.064476196591890522e+00
