2.862122735781717608e+01
2.725389454452117999e+00
2.671066683715591639e-01
1.343806772559376084e+00
9.151148209840359593e-01
1.477345741268591750e+00
1.356419141062194855e+00
1.022664527806220525e+00
9.075826269024160897e-01
8.852755428055291143e-01
4.049884693010116221e-01
6.344289544538903591e-01
1.209558018334495388e+00
2.262467810544308844e-01
6.733536299073796805e-01
7.992141635379390596e-01
4.341812378337398526e-01
4.535544605348042491e-01
7.754492259542068444e-01
5.676885218748440876e-01
3.429777150532736796e-01
3.850332539618229744e-01
5.836505980846430353e-01
4.457661294563268206e-01
3.782437877051036401e-01
5.932890295142579928e-01
3.331935047353879464e-01
2.381525234301941907e-01
2.240694605447411947e-01
2.306660167339961431e-01
3.567166605257373613e-01
1.772157979856315846e-01
2.344423206021484241e-01
4.074343314670523242e-01
1.986792116489450588e-01
4.133744265012127550e-01
2.534893003982265913e-01
5.216666271588799031e-01
5.286065895971538975e-01
2.358155136225688620e-01
