1.060528694062946755e+02
3.518163785046817704e+00
6.376705911869366972e+00
3.849341850622300498e+00
3.891955221017592059e+00
2.378592731177459285e+00
3.778792176650502377e+00
3.685595109701477412e+00
5.757328808572991896e+00
3.780656460884758374e+00
2.333778675386838586e+00
4.481514661393845023e-01
2.140705827912773529e+00
2.669954280104571254e+00
3.206167566645999223e+00
2.310854064453292001e+00
3.358925508292272877e+00
2.450980581858701601e+00
7.461249474878429711e-01
1.581393640481115304e+00
1.543327446241946399e+00
6.824665068040632887e-01
1.189633338476988156e+00
2.264773614598737606e+00
1.021568397276941265e-01
1.075341698658482059e+00
8.841578854401440646e-01
4.414793882246910717e-01
1.324428171629236095e+00
1.102612343288770891e+00
8.555176135803591597e-01
1.133490859040176879e+00
8.253604236532054994e-01
1.796747157885528745e+00
1.400986691238586435e+00
1.204718230278650992e+00
9.430985106331106760e-01
6.709330536549579227e-01
7.793631069506024023e-01
1.430204969903384749e+00
