8.787968923165291812e+01
4.586082918190287572e+00
1.135118772640048901e+00
1.230773720554350970e+00
3.633436501516351225e+00
1.412708307399323848e+00
1.578310631516817386e+00
2.114665249030704075e+00
2.552708764479775017e+00
1.602048531714607593e+00
1.933905488048514032e+00
8.926888868371037900e-01
1.113258972883498066e+00
5.084990867349332699e-01
1.527333960099916732e+00
2.331243848841940469e+00
9.787815509750418252e-01
1.469471233363682794e+00
1.283578006488908185e+00
2.195172926518686729e-01
1.069570971343067223e+00
1.936493838107498533e+00
8.721358382147544885e-01
2.325954273591759325e+00
6.439972627679270145e-01
1.863924529215117420e+00
1.214646094944201060e+00
1.057043546695553005e+00
1.459025319047982494e+00
1.262499508018887662e+00
3.127544144489496913e-01
5.925598945537964291e-01
2.988405456909223323e-01
8.223150275327997250e-01
7.237463178176480882e-01
3.210219691706679424e-01
4.981448212423206234e-01
3.366788835469763930e-01
7.320480511150391223e-01
5.213048060274239059e-01
