4.244322311180316092e+02
5.402176734200526909e+00
4.310078882558249447e+00
1.164010220255761752e+01
5.239199581340852951e+00
3.637402251352407490e+01
3.786783313042582755e+00
5.247823981000407478e+00
6.501032027645766043e+00
1.645541873659333021e+01
3.184859709616250001e+01
1.468460602210555876e+01
6.681706781823969266e+00
4.566054232726894035e+00
1.452934142542414087e+01
1.823435757073622554e+01
1.652482651601053476e+01
5.210516137630513356e+00
1.517409602526188728e+00
4.875448893255612148e+00
3.093536946985623537e+00
3.411975713239699282e+00
4.162795791096974618e+00
4.873867272897986602e+00
4.362911965243459811e+00
1.164596560174160267e+01
5.380014846537851447e+00
2.413937625040778023e+00
1.465695836686386366e+00
2.790988471264563842e+00
4.507573076587516603e+00
2.912545028767471234e+00
1.739256609511491636e+00
4.241568654585771370e+00
3.299092532877009543e+00
2.447041269109187400e+00
4.565332456917949422e+00
1.386578042520923759e+00
1.672914537676194913e+00
8.532400744305257412e-01
