1.086245275266116010e+02
1.892885345407178832e+01
6.222299723937768867e+00
2.259549370278602609e+01
3.150450925719096418e+01
1.772488994760913883e+01
1.237518827374105967e+01
1.303720869281725747e+01
2.118091920309710119e+01
1.964240536224424716e+01
1.473307113963388382e+01
1.005238393741251990e+01
1.670137413121384284e+01
2.112032281179067894e+01
4.493644058290495735e+00
1.159890592430753209e+01
2.221976226700238755e+01
1.698132905067449627e+01
9.627667523021983698e+00
1.601734803039925836e+01
1.653474751343277305e+01
1.743675876162288674e+01
1.403866294431603379e+01
1.902666636846256054e+01
1.664670893376507976e+01
1.553590600695854285e+01
1.536803580007508963e+01
1.924348157503113654e+01
2.000814664270642496e+01
1.368960600027874897e+01
1.421814094257120686e+01
1.973341439626288008e+01
2.392348761721688888e+01
1.342690430976494476e+01
8.758052875288571570e+00
1.693989139740748229e+01
1.846041819765913772e+01
1.401081132819601471e+01
6.296959825164693214e+00
1.467435705728901141e+01
