7.601894850439791185e+01
3.117974205919294750e+00
2.848387996797616228e+00
7.958803681623962234e+00
6.319202357535688819e+00
5.446221616466571547e+00
2.777539099444974013e+00
3.455242393165214754e+00
2.171456124506748520e+00
4.384628125049441771e-01
1.305249927005000865e+00
1.137859842628663021e+00
7.900265237344406000e-01
9.957644286391502675e-01
6.021440509132168772e-01
5.864249914845478528e-01
1.256657435397938505e+00
9.624431155507804370e-01
2.107862366513055807e+00
1.906594784679719545e+00
6.531128403895183343e-01
6.450804056606923576e-01
8.497452418627523540e-01
2.785903516322893458e-01
1.831343582499595390e+00
4.388628493557445442e-01
8.665702915938373607e-01
7.417358140622811735e-01
1.476713514342906375e-01
8.995353770722624986e-02
4.340059142359997124e-01
2.621636984360425915e-01
4.007549600722944971e-01
3.625616120428094002e-01
3.033062625379577826e-01
1.555173973928643816e-01
4.174065420082316846e-01
3.644495151440377279e-01
1.860170583664761679e-01
2.746337828759864985e-01
