2.070180192990697066e+01
2.349807039819525212e+00
2.251767201817267861e+00
9.515980626773541395e-01
3.010616061050285897e+00
1.537105262412234330e+00
1.899737351165235122e+00
9.692618074100320946e-01
7.407997688636295264e-01
4.671048902356195742e-01
1.075021399327037219e+00
9.622998387637217155e-01
1.116485146051228616e+00
5.001121906808149165e-01
9.926586457087467341e-01
1.408422661891872263e+00
1.336285648670552328e+00
1.438809314621864344e+00
1.487050444658931436e+00
2.086156282808927287e+00
1.179469260947755282e+00
1.363110442043072856e+00
7.862302898289122988e-01
1.948407651280515074e+00
9.022872089238236359e-01
1.217498079314830894e+00
1.112580562207643897e+00
1.990732075603615092e+00
1.544251748608065355e+00
1.447821673956530830e+00
9.910664472833921046e-01
1.618144268606089620e+00
1.555711956118529748e+00
1.644097526183068814e+00
9.838517846033827396e-01
9.355543449481418250e-01
1.253868338979369668e+00
1.753316590627008953e+00
1.058199311738964754e+00
7.023364869886292716e-01
