6.569905929367163822e+01
2.427896114972538655e+00
6.733028907727330648e+00
9.073054147065370501e+00
1.921516599785996426e+00
5.072206613633414740e+00
4.161824640308582346e+00
1.258157849369715198e+00
3.266895280837838644e+00
5.573976649369035918e+00
3.039870898951801959e+00
7.384220378526736850e-01
5.422256740048430501e+00
2.213883165546273624e+00
1.016343703739069015e+00
4.021527529724562733e+00
1.043073867554269007e+00
6.194686963687678904e-01
1.024353689646269272e+00
3.614563597305493481e-01
7.597325129595127180e-01
8.320576692307669608e-01
6.533986869226121597e-01
8.078014987283903547e-01
1.992524169830007130e+00
6.577329259299290465e-01
2.070657456089521342e-01
3.606900015529109771e-01
1.243330643008287717e-01
2.864893362087536643e-01
6.184677630111000690e-01
4.832928288945601003e-01
5.102888165572975199e-01
4.116598521929230037e-01
1.700322095927648824e-01
8.121607621980826419e-01
4.725243875617792244e-01
3.572946285580760328e-01
5.661553335188661551e-01
7.596641919944974175e-01
