2.926357680045781251e+01
1.257871007796886964e+01
4.990577236508551451e+00
7.274436058043845854e+00
9.499054004002706719e+00
5.972900853483169570e+00
2.220438358047620575e+00
5.678667390854252872e-01
2.747640852424519942e+00
3.116451832911769859e+00
3.269424738494562721e+00
3.074062883155097126e+00
1.259072144173909003e+00
1.744628766411840282e+00
3.453314981687991114e+00
3.798545467263837239e+00
2.554711297604592257e+00
1.124465381925777940e+00
2.182202854659326619e+00
2.538938547124327538e+00
1.162964160116521040e+00
1.238129105911841998e+00
1.640192428533096436e+00
1.006875975506820176e+00
1.369303098032966348e+00
2.478076700118365672e+00
2.366687877602234646e+00
2.030049310818677899e+00
2.453882812074954956e+00
3.043613001745219204e+00
3.256888403050213654e+00
2.827461257944780648e+00
2.880625582737086798e+00
3.367492829611960836e+00
3.167868659123403319e+00
2.802379406623530134e+00
1.775473057077402217e+00
1.955832516170347368e+00
1.982373657995572636e+00
2.431099975508741906e+00
