5.562046242831744536e+01
9.684341475643019947e+00
3.786706650655013551e+00
2.657712804538167717e+00
1.253518674652432496e+00
1.555376442873362519e+00
4.691335521010876697e+00
3.544261846951902939e+00
2.860986549888685282e+00
6.048770636662210709e-01
1.940871957804015224e+00
3.193797940831118787e+00
1.278090546690475726e+00
2.887989394104700125e+00
1.267417808134319257e+00
2.170137290865333135e+00
2.240551811776344326e+00
1.774285362784663755e+00
3.065906273101626667e+00
2.258051303309794200e+00
1.295692335691404296e+00
1.067870193261787781e+00
4.483375469010515424e-01
8.362284630263615570e-01
5.994074531974713516e-01
4.092850649492292270e-01
1.013092994362694954e+00
5.699510058889356579e-01
1.387443588647385928e+00
6.887313464346753733e-01
4.751205860204880671e-01
5.824130269611967892e-01
1.021111446364585396e+00
1.104816099317175393e+00
8.013261844472724382e-01
6.527825594499845341e-01
4.237674628932138754e-01
1.466168376073948565e+00
6.881997560087054211e-01
1.030555586483406616e+00
