1.098264702241936561e+02
1.106150377239756466e+01
8.104127509761291037e+00
8.074844870361374660e+00
6.125210538048219355e+00
7.213360287544434257e+00
3.627841225200933994e+00
1.615962558182854059e+00
4.086416989406385980e+00
2.025349485071611610e+00
7.031990563653186754e+00
8.888602870337347639e+00
6.125994051466105539e+00
6.537667155976731870e+00
5.414711251283562676e-01
4.181271764141833103e+00
2.812840506669180396e+00
2.186610957462775673e+00
3.980086803530003881e+00
2.742875102717403202e+00
3.371362510737796025e+00
6.074718920473899608e+00
7.486516792404588339e-01
1.656175930945047448e+00
1.542089741532291169e+00
4.916168831151205509e+00
2.295959210436497422e+00
2.984026009616316255e+00
5.878958785363571637e-01
1.338685446232949605e+00
3.079218552691685318e+00
1.354652904410021730e+00
8.639396155273291189e-01
1.798229032622510770e+00
1.869402296739336222e+00
2.607642167259515809e+00
1.966421608208433813e+00
4.453657906031134317e-01
1.624669947481013788e+00
2.173648432116145113e+00
