3.337285790153627829e+01
3.071022038142529276e+00
5.524198537072283699e+00
1.916859130646716980e-01
3.386963399961585797e+00
1.703993543641851627e+00
6.641335958432702524e-01
3.123287396719983011e+00
6.116565110048252096e-01
2.594766534136167202e+00
2.414563372589844992e+00
1.963968226259711347e+00
1.586034593073364807e+00
6.401098694228372077e-01
9.161424520672971639e-01
2.429334744213203390e+00
1.041005589939515197e+00
2.432163547838766871e+00
9.396673459280955321e-01
2.431281794661124707e+00
5.075711515458896095e-01
1.059023613381419926e+00
6.614389043986517169e-01
1.623810359934610759e+00
5.100548490492545772e-01
2.176051827760369317e+00
1.357441281074870609e+00
3.094680748259759362e+00
3.820027224151905099e-01
3.357177627512384799e+00
1.182424004254735816e+00
7.394751151168190706e-01
1.640273075895399391e+00
9.185382841990451519e-01
1.567744079126005774e+00
1.770457281231590241e-01
1.820308553840275678e+00
7.740836799528503231e-01
1.825540243262209206e+00
3.323181785129762478e+00
