3.421791455617406541e+01
9.811207299110227709e+00
5.343023755563942601e+00
4.769791856832272359e+00
3.491762300145501374e+00
3.282998442837707032e+00
2.902916628788286157e+00
2.104667284594622600e+00
1.080211030657844129e-01
3.836024749935168732e+00
1.169255112094110594e+00
2.747534509770276578e+00
1.453603721248418967e+00
2.602538535488376770e+00
1.976898010544114515e+00
3.989472478027133118e+00
1.327687987609231790e+00
1.661835615626045870e+00
1.912457594659373594e+00
1.834849559998096513e+00
2.348581254880634628e+00
2.042425949216292835e+00
2.355395676502558988e+00
1.860333026829423142e+00
1.889431453015173012e+00
7.348276767708974422e-01
1.392429335629376874e+00
2.355143712413009016e+00
2.610352213293214874e+00
1.853898327526952272e+00
2.185353375440047152e+00
2.633141911015181691e+00
3.037485589559985932e+00
3.230852305033534044e+00
3.175580501424580593e+00
2.596259947283842795e+00
2.311280769534311830e+00
1.975104839710674076e+00
7.338405745927434332e-01
9.585310758638567741e-01
