6.880263931939467170e+00
1.193940358693064363e+00
2.379328485925428449e+00
1.214257070826124663e+00
9.722261508640918093e-01
1.030766225728023011e+00
4.289700118950283692e-01
5.586727342388220219e-01
8.102038027496284711e-02
1.595348256220763261e-01
8.986874057774574265e-01
2.004741325565843058e-01
1.181387462165435220e+00
5.884261473570452372e-01
9.430180784080105516e-01
1.152173877127983248e+00
1.683878031173899892e-01
1.591470337052472095e+00
3.997269297052429282e-01
9.024714368769124473e-01
1.623082170123782697e-01
6.784889735898373964e-01
9.439655572652457804e-01
4.658000861844540652e-01
9.471478410193624464e-01
4.876791846420308052e-01
7.578076819875051440e-01
1.083449450615018961e+00
3.578484788532199645e-01
1.415779523180348054e+00
7.655059901853485949e-01
9.173558558890070325e-01
1.141093310226102719e+00
1.985473315532254868e-01
1.361314976448957603e+00
2.845730079848506344e-01
1.194811325172500549e+00
6.575319217719020060e-01
8.421558180445466446e-01
8.950001492317321006e-01
