3.923243439012847489e+01
2.980101707257876598e+01
2.878082730537844824e+01
2.674681656486932724e+01
2.523173953890390919e+01
2.321934277314245065e+01
2.313145496312178295e+01
2.131384080544728121e+01
2.116001065704602979e+01
1.909174045383425522e+01
1.759286843128490574e+01
1.606187675178782470e+01
1.282233103941738683e+01
1.083218245441769767e+01
8.676072252059565670e+00
6.871473547028217332e+00
5.275656565844150769e+00
3.611363332477097732e+00
1.738041218366703111e+00
1.655810670174644450e+00
2.133594295311886047e+00
3.355627458763450921e+00
5.098386952998913202e+00
5.191254487559834985e+00
6.297668933065934560e+00
6.647933405278901198e+00
6.389609335799421252e+00
6.717152197495281030e+00
7.287464306695619953e+00
7.198894143769509313e+00
7.810384280282504754e+00
7.356055763199378816e+00
7.912642900712746119e+00
7.596360447279589145e+00
6.368835070585218361e+00
4.970035323747747036e+00
3.349808633533088553e+00
2.112980791974996997e+00
2.170985069936040457e+00
2.618869875294076000e+00
