2.149024945059512248e+01
8.624715215602961393e+00
7.522468702667306495e-01
1.478002009648138770e+00
2.384865757970037858e+00
1.517376195232531533e+00
2.473799863065586635e+00
5.345803640969395421e-01
9.258799270925510694e-01
1.907026445896928157e+00
3.496791905953997581e+00
1.519642600394318643e+00
2.531378747693057152e-01
1.488758752768405691e-01
1.268730891154760343e+00
9.910832593305918259e-01
6.341143451301367584e-01
7.796220689129247650e-02
3.908949493517385743e-01
8.729047790357796766e-01
1.454524612465581734e+00
1.388358927839497881e+00
5.904534984536529141e-01
6.642253609211283827e-01
4.086224974660432885e-01
3.375348366793131105e-01
4.030908600190421520e-01
5.263037967959158792e-01
3.353726205048805920e-01
4.038510689001035825e-01
8.107769663643628055e-01
8.093829718600227263e-01
2.566515632496174648e-01
1.653336009378337523e-01
5.280392060773675400e-01
6.214261134320812063e-01
4.740506450031663488e-01
9.208880595730074836e-02
9.175112702324010605e-02
1.309226824945261825e-01
