1.119065438570113002e+01
4.328992491602123849e+00
1.857749351620575418e+00
4.479498955140355787e-01
6.049618434056363014e-01
1.796813682777915755e+00
2.240987915492149707e+00
1.401540625759306602e+00
2.977082946554573395e-01
7.160776188010447019e-01
4.534277637973178621e-01
3.739914655742918037e-01
3.500086275628224719e-01
3.073255837415429514e-01
5.483771070859888574e-01
6.806972339872865430e-01
5.100549662906163073e-01
8.601905518749239921e-01
9.337823522206721849e-01
5.417546231597168971e-01
5.183666092567855710e-01
6.666822273476750160e-01
6.701373109896481273e-01
5.674691630600822156e-01
4.210161306577294149e-01
1.374783450861029321e-01
4.471804047171809016e-01
6.012008088923362914e-01
4.722006932836460558e-01
1.398695731429049349e-01
1.288036533256714244e-01
1.995614766716416189e-01
3.347664160530099964e-01
2.553068157407477057e-01
1.065563215529699986e-01
1.105321273440373481e-01
2.478563699034187495e-01
1.795227102071835779e-01
1.557206051660744439e-01
1.990937772166461728e-01
