5.423312102967061676e+00
9.869635790387527585e-01
6.444520959282962203e-01
3.049764691531428595e-01
3.410494992929287150e-01
2.710389829210513302e-01
2.085625888509219927e-01
5.077085665431000372e-01
6.153841706731546374e-02
4.062109576344586914e-01
2.848484789004480100e-01
2.549610184223664033e-01
4.304954169432784750e-01
3.655494901360863969e-01
3.135770125473842929e-01
4.015466887947616303e-01
2.284844189784808188e-01
2.270734549498958643e-01
8.311592815541316015e-02
3.746879969905395624e-01
2.379724425486902106e-01
1.320377805633293211e-01
1.018633835995446241e-01
1.159191341222435695e-01
1.425476442966625568e-01
1.173738700531884310e-01
1.639320743275808068e-01
1.807713442327971987e-01
1.449377181138282455e-01
1.833043439338472858e-01
1.755791827541936245e-01
6.566859880982764408e-02
1.821635852281144885e-01
7.675145187058025897e-02
5.920693824910302355e-02
1.848295133569706761e-01
5.256646606395933702e-02
2.591839819842032822e-01
9.028363258244469225e-02
1.024048820915293700e-01
