1.470609220147527019e+01
4.603694811489288163e+00
1.645585257215472552e+00
2.011609277600766799e+00
4.011832982819848681e+00
4.494455969217585611e+00
1.317858492542413273e+00
5.783180589592928911e-01
1.110696363135276865e+00
2.869539793676422423e+00
2.040161191382330319e+00
3.638778739915923821e-01
8.993941412289474524e-01
2.088252909136368629e+00
1.430723887713731157e+00
6.606559259636721748e-01
9.201955921086005796e-01
1.759013500687846454e+00
8.119365073845865588e-01
5.257661039527280478e-01
6.001119871078356427e-01
1.224115072124799530e+00
2.033949797780579161e+00
1.715478244756423409e+00
1.041677051960648859e+00
7.335974776866204250e-01
9.532192293445419518e-01
1.535355295179635426e+00
9.853759118142129125e-01
9.057432388977840754e-01
1.222028739044676238e+00
1.887381482053135384e+00
1.778659031311428551e+00
2.479695410670644806e-01
1.100140468703691976e+00
5.783323666859621071e-01
6.209724707321886417e-01
1.672798560528126199e-01
6.517651010675615808e-01
9.083935336773956148e-01
