6.601447617204871676e+01
2.523670470277157563e+01
2.023022628802591782e+01
9.165855512465299171e+00
1.092482516940410520e+01
9.576013832433277528e+00
9.753574010372197733e+00
1.369405620951293123e+01
7.107688290098281847e+00
1.089915839807658671e+01
1.016755198977208607e+01
1.525509427088400294e+01
7.780114637478627415e+00
8.308513636418412673e+00
1.233580689402935704e+01
1.244756644636762921e+01
1.368543256140356590e+01
8.126390330045689225e+00
5.243710215059700808e+00
7.036432218789888005e+00
1.191159727095924126e+01
1.272924306689285423e+01
1.084468352229127142e+01
7.257872120313848541e+00
8.585233372870465729e+00
9.720709095556482993e+00
9.288508270456068416e+00
1.197597905260967543e+01
1.113965575614749781e+01
1.091898567408094323e+01
8.806467740501080499e+00
9.658483425707531822e+00
9.194755074353265556e+00
7.276139735231329730e+00
9.904742961732660333e+00
1.247368340725901525e+01
1.367937654505779044e+01
1.072138481850310221e+01
1.045896866663274416e+01
7.303599825744165663e+00
