5.836431916839472933e+00
1.502464973494047173e+00
3.586286910785847493e-01
2.743422614931811387e-01
8.951174607106698877e-01
5.518939768985987593e-01
9.648374277800018106e-01
3.100063330856191457e-01
2.479563412133974076e-01
3.406756812271107826e-01
4.011256901457986301e-01
2.526116459909143463e-01
2.209740661838842102e-01
2.479465675431201388e-01
2.338325354251578891e-01
3.555501732163610651e-01
4.860900226785898059e-01
2.445807193468555740e-01
5.411237191413529324e-01
2.787712186923803626e-01
5.810800328570858708e-01
1.075448617150877306e-01
3.789205962181114717e-01
5.085232176940339688e-01
4.109092901489694305e-01
2.665577704898807743e-01
8.799855068884929188e-02
3.139842613073156596e-01
5.766364967635004835e-01
2.400042447948687874e-01
5.798183861987450394e-01
4.641418340747937021e-01
2.936135609942170932e-01
4.281806105334092227e-01
5.020147238057806049e-01
7.387039118452524145e-01
3.888129366831926115e-01
1.929197746632302091e-01
1.888835250376323938e-01
3.779929152181510377e-01
