3.654144801892814876e+00
2.938532151349921850e-01
2.814347970791024611e-01
4.218905773756799205e-01
3.468326696685561927e-01
4.488099171211422100e-01
6.234143814782806825e-02
3.427544422030920912e-01
2.378011037398366778e-01
1.541533307934603581e-01
2.366661811970692531e-01
1.891893712208330414e-01
3.508017019220128208e-01
2.802985138639593199e-01
7.311056556607807566e-02
1.379672472834024832e-01
9.168384129382210757e-02
8.945466432072746166e-02
1.252778222553700693e-01
3.523800002104320733e-02
3.749848228585942606e-02
1.336292249368964402e-01
3.794813411437754358e-02
5.660630478305364588e-02
2.513869492122709076e-02
4.464420038216457970e-02
7.177038724414190607e-02
3.332905751881370948e-02
3.424839158564488284e-02
4.546610963901197983e-02
5.407431068942173541e-02
4.283720416851145157e-02
7.879440074112897818e-02
2.237742650140147130e-02
6.271463243023746303e-02
1.812777792715121461e-02
7.534260696390442102e-02
6.034636705160652953e-02
2.046702065701171483e-02
7.132479369806361824e-02
