1.443063998533862957e+01
5.043716903700823373e+00
1.638742833096349605e+00
2.931443755455499733e+00
5.856719588767002049e-01
4.370673748848687423e-01
1.004758199783139627e+00
5.736843717015692734e-01
9.699470087681681951e-01
2.290977162024629532e+00
1.167039006573709292e+00
3.794641303454909242e-01
3.953798475341486207e-01
3.112515867439207828e-01
9.666413256330977921e-01
1.039175895851551346e+00
6.771193333508092049e-01
1.016905966554279284e-01
4.291807189189388860e-01
5.654902536748644959e-01
3.156375449780898790e-01
3.311144573199440999e-01
4.819770287599664527e-01
5.383695026537675954e-01
2.872619311688916488e-01
4.556320879841041505e-01
4.920927871940439791e-01
3.430777577015785007e-01
3.351339649352756966e-01
2.552902803713495983e-01
4.359500443935033220e-01
2.484914430953700792e-01
1.443752973090429437e-01
2.835233239693795149e-01
4.375652333873600863e-01
2.571419589874939238e-01
5.093748347778465080e-01
3.093209830810503269e-01
2.377638529530023970e-01
5.607368208179224628e-02
