2.991098224898765423e+01
3.088426774570987465e+00
1.454353074820152525e+00
2.375375490646175258e+00
2.258209779451520571e+00
1.457652867228885762e+00
1.157636085028083350e+00
2.183842074372882358e+00
8.492680544017152666e-01
7.224365704712020220e-01
7.866568070642849797e-01
1.425421373896922583e+00
1.570010638805896752e+00
6.017095842271623640e-01
1.090398117269919975e+00
2.878785929126793097e-01
1.223491379171084414e-01
4.048812410291947606e-01
4.244024113938578702e-01
5.654149253462950053e-01
5.007589532086399453e-01
2.576065823613857275e-01
1.548334079277986219e-01
6.175491380242188466e-01
2.395754550605525834e-01
3.048403257534965105e-01
4.919044607488065601e-01
5.731757011740005181e-01
1.913008684672243276e-01
1.908469943422812787e-01
2.723210096288756210e-01
4.390419202178906244e-01
4.295165173309229423e-01
4.961134568814365431e-01
3.522816320195155670e-01
1.092673204393207337e-01
1.315523329972250743e-01
1.030796100631321266e-01
7.417520691916081044e-02
4.456444784108109514e-01
