9.002215495707222459e+00
6.914614749641633251e-01
6.489875491257133255e-01
5.004980779300084448e-01
4.873565095434284067e-01
1.011162840852034561e-01
3.399403224020354219e-01
2.690247731565758582e-01
3.795743573572203378e-01
3.349409461078187711e-01
3.262089596612416931e-01
1.407305742720773301e-01
1.513352858087434749e-01
2.309019109535001002e-01
2.653090560250976337e-01
1.746838976252744202e-01
2.068668246867906846e-01
3.463404438462574508e-01
4.436232529361796018e-01
3.088533444300721187e-01
2.584570089971767182e-01
4.125785303979939700e-01
2.554729221618480817e-01
2.484823489469620283e-01
3.975566334666371521e-02
1.458248891600402164e-01
1.326711360962572195e-01
2.916214890304836271e-01
3.412874649261407600e-01
3.125086813354021609e-01
1.711694625153258598e-01
2.127511537304578593e-01
3.230600897165918362e-01
1.144414682395124006e-01
1.505015523941000966e-01
1.622817205383023098e-01
1.821403648485711568e-01
1.008291508096050559e-01
9.425030625607934420e-02
9.099658734716188635e-02
