2.708921055914287734e+01
2.445901408558969425e+00
8.833167350516570870e-01
1.009982419472855497e+00
6.776813188858046288e-01
1.326870264205171734e+00
4.655194687354562433e-01
1.966406713831698960e+00
6.151123369414064346e-01
1.550830333905382385e+00
1.313501840137538013e+00
1.458728363170265663e+00
1.052189773793900995e+00
7.650454176857391930e-01
2.070277725536462110e-01
3.785947412711033744e-01
9.228691126612477147e-01
4.077842209666230899e-01
7.889455291330460529e-01
9.917104042255732166e-01
1.302048984900201489e+00
5.251173574168765956e-01
2.181422544393941676e-01
4.807920435486277566e-01
2.767478020575851461e-01
3.837475954321364902e-01
5.165715627025179169e-01
7.506922073870500034e-01
8.933047187674308942e-01
5.016980310794781905e-01
3.699364228036425839e-01
4.426744894434058164e-01
4.671759821160594711e-02
3.852385607884747931e-01
3.507162815627478669e-01
5.919207783283958468e-01
5.584587309103297148e-01
3.941472524841735381e-01
3.123284315827878355e-01
3.207473417483436839e-01
