3.638741486995625252e+01
2.757570697878163557e+00
1.941181749884728580e+00
1.942865663820877886e+00
1.223603778219708449e+00
8.943124182602374406e-01
1.459531356432208993e+00
2.774740782614394385e-01
7.991149408411706290e-01
1.690687837618631173e+00
7.937359882730743443e-01
8.672593896662150748e-01
1.175505170084790940e+00
1.989344235725161170e+00
3.311175199125616919e-02
1.487347722490901303e+00
1.277611947943430026e+00
8.847661251499178148e-01
4.902811538893666055e-01
9.876216740592381749e-01
4.132627881643341494e-02
2.932811966321997588e-01
7.853680927580022342e-01
1.171550621858257202e+00
5.463184401668184087e-01
4.251857801062979003e-02
3.173434357289006691e-01
6.852740982293740180e-01
4.178279452313200526e-01
8.109754317589147332e-01
2.228375990777667903e-01
7.981889251508027527e-01
6.670122057811200822e-01
3.566729192087984002e-01
6.172432146502797590e-01
1.193537322238662934e+00
9.528122730898771486e-01
1.347057299447192324e+00
1.204363264505584397e+00
1.850188340399239850e+00
