6.481428911017433236e+00
1.396497463866905653e+00
1.090689420132196386e+00
6.000158678197607676e-02
1.259221951399776218e+00
8.246857635711706269e-01
9.171784196527100752e-01
6.276950272670411834e-01
8.112723861200468178e-01
5.596998738070013690e-01
6.036949444370023343e-01
5.953857292964089831e-01
7.752861638662836841e-01
4.756341945368335322e-01
6.867588219409400674e-01
2.844237830200009864e-01
3.079091754291287120e-01
7.070666186092432470e-01
4.782589805789592696e-01
5.812016366162362502e-01
2.503462730783757029e-01
4.700552225159996267e-01
1.629013104253367872e-01
4.341158624207058780e-01
1.269825323714137040e-02
4.126979371411756414e-01
2.543936665271754882e-01
2.008177024319503234e-01
3.959340331434350047e-01
3.354809125292985139e-01
1.779764967027260836e-01
2.591379420972657610e-01
5.080557492967673339e-01
1.670430765095272663e-01
5.234779677000105380e-01
2.114963892918933219e-01
2.051594631839632199e-01
1.720773352498747022e-01
4.463663586749093137e-01
6.823023637320682622e-02
