9.869418162700702268e+00
7.083252998341864615e-01
3.256221871841549209e-01
3.477939013457065909e-01
9.912794823305058622e-02
2.902007093824385264e-01
4.423289702111988242e-01
6.364640359483195731e-01
5.088570510768360977e-01
4.519877510185564828e-01
4.269206153885403698e-01
3.071988457175017784e-01
3.611382426589942463e-01
5.235467217442405508e-01
2.078313378346136886e-01
1.791381025297966723e-01
6.759084423762886651e-01
5.146032649668993431e-01
2.287620591386858859e-01
1.391650004436461030e-01
2.690951036707935340e-01
2.330134399868554196e-01
9.355298973488938852e-02
2.992391440489840515e-01
3.422662585022790971e-01
2.691018060794659328e-01
3.340529953793984763e-01
3.006051177504266425e-01
1.397939944887233166e-01
2.337101485152236202e-01
4.436363948068908769e-01
2.081506508408621503e-01
1.192524270567034556e-01
2.415623997601700490e-01
3.299293164005979162e-01
4.794741456460781537e-01
3.900057819947709281e-01
9.644811117096251107e-02
1.683822663598293634e-01
1.702714577946340402e-01
