1.342768792895026877e+02
3.397371351173112686e+01
3.155348364527249760e+00
9.700594625119023817e+00
2.402536197776114690e+01
2.188823889665564337e+01
7.051451127532365248e+00
3.103310740138175650e+00
2.533524797105206972e+01
2.281488762406238635e+01
9.447675250306483363e+00
1.008417050922589908e+01
2.080541446648893000e+01
2.180769566472798715e+01
1.729767056004219938e+01
1.222417151687552916e+01
1.188949736320694406e+01
2.363377176232951982e+01
1.596677609025830336e+01
7.583260600920658234e+00
1.069663288374780130e+01
1.294902480172993009e+01
2.189890160547718878e+01
2.326015772805456905e+01
5.392629411234132419e+00
1.154976163227076391e+01
2.112934436308473352e+01
2.140994129996216699e+01
1.627676320303769231e+01
9.608783303820283450e+00
1.192076617501902902e+01
2.495125873107017611e+01
2.061872647163371397e+01
7.984826234654462063e+00
1.385105428539717920e+01
1.548930166087355076e+01
1.121091623430885953e+01
1.412143009008526207e+01
8.426768406945278400e+00
1.521819613996365206e+01
