2.517697759988723050e+01
6.535588450408402750e-01
3.412060866093487910e+00
3.439754284132345852e+00
8.925163315560458166e-01
2.974763370212704761e+00
2.680195973995060044e+00
1.158354549916170262e+00
1.475430647005255613e+00
2.489064444173872293e+00
1.074971247439094890e+00
1.716811838241393495e+00
1.835151701190550266e+00
2.720326227707843825e-01
3.225027525195502065e+00
2.263440070623817579e+00
1.429016284925150204e+00
1.260013732490880889e+00
2.299716553442959555e+00
3.121521554570255708e-01
2.254996890263598619e+00
2.650307169574717570e+00
5.718597083063131636e-01
2.305861165854200756e+00
4.236887135651933867e-01
1.916861824546654880e+00
1.811526074749177040e+00
5.578474172088256910e-01
1.946333933000833349e+00
1.359878213788379586e+00
1.317002804074508315e+00
1.322567349023022087e+00
3.937018564227598993e-01
5.978255868656571215e-01
1.236764808632188517e+00
1.193601560277194773e+00
1.989304122214719195e+00
1.351579694380773855e+00
1.778910780046372819e+00
2.818173965407658077e+00
