1.919060676083196171e+01
2.298796976158334893e+00
1.522416904949330796e+00
3.959843722845791447e+00
2.386567412009987343e+00
1.608900497209578173e+00
2.526639701416423023e+00
2.845712401788169643e+00
1.412418816163608204e+00
1.430162798734624152e+00
1.442855743915441025e-01
2.102913657929917357e-01
4.508072980543474384e-01
8.194648747628197061e-01
1.367950058342342345e-01
8.959607392755217781e-01
9.904130290659163283e-01
5.787750376370470740e-01
3.851214551493433169e-01
4.700401709701724218e-01
3.655445996820255172e-01
4.624085273541820307e-01
5.454996579933883982e-01
1.001941560778618900e-01
3.308429494450591535e-01
2.884619860112584977e-01
3.896459951603583466e-02
7.591272355450665033e-02
1.737103347120058927e-01
1.687311948271189299e-01
2.686744811311043146e-01
2.668974576724800554e-02
1.487851367117523915e-01
3.054253082739235570e-01
3.086686914190826525e-01
1.797534138781500812e-01
4.254893889787664946e-02
1.018523679642749230e-01
2.395993446004810457e-01
5.740900132452912696e-02
