8.841422683716260167e+00
1.153827379528423736e+00
1.011520117256700768e+00
2.447309220236769001e+00
7.475776511827462167e-01
4.244012409549927090e-01
5.617683161403247416e-01
5.433118675710428835e-01
5.946661268761614938e-01
6.016916190056232905e-01
2.544693460825515063e-01
4.264767839520905990e-01
4.092556232040601705e-01
2.071347593702841938e-01
2.792173900981030354e-01
2.152685954843993887e-01
2.247408450688546666e-01
2.449412815763550855e-01
1.435120659151831735e-01
2.673580955104155610e-01
6.348651033968524815e-02
6.173897469321178860e-02
9.434474152397062663e-02
1.688309285672966176e-01
9.622931869102430147e-02
8.625847964109162325e-02
1.297342959033493115e-01
9.187360550843681750e-02
1.316912476158537681e-01
3.871280070915047652e-03
5.211445707441236114e-02
7.124439315317954158e-02
9.251813259886988022e-03
3.861876354396608091e-02
9.677240659538777212e-02
4.560236080946571818e-02
9.129203097431963509e-02
1.640425347441160780e-02
1.752407262112411213e-02
1.028052291985608047e-01
