1.955323877338173233e+01
2.007430782252770829e+00
2.300048784897174237e+00
4.423709270708706676e+00
3.160749086117224937e+00
8.881924744756904966e-01
4.238941117175918927e-01
1.866531980516765166e-01
1.697562286259014508e+00
1.159330431189447674e+00
1.145999199418662906e+00
4.253135843972520869e-01
1.522531346344310421e+00
1.318805664980881587e-01
9.421417510152471086e-01
3.640695553820916253e-01
2.245042305561546214e-01
8.820026490736316838e-01
4.588652665844936696e-01
3.357649513202207170e-01
9.958713827271568064e-01
4.065800840446682773e-01
8.891859038010987426e-01
5.146696410665998478e-01
7.303358919983201636e-01
3.375314818159002028e-01
2.090799248649385100e-01
3.403927124853985964e-01
4.256118335340722814e-01
1.896451854206961940e-01
1.666013114807925466e-01
3.278988427741901246e-01
4.762889305057760314e-01
1.162177794648730639e-01
3.177245184066734146e-02
2.769501908992985095e-01
2.258882981360939290e-01
4.029063024174110441e-01
8.109763395857882973e-02
3.236700094654539894e-01
