3.614637010240506498e+01
1.075426611823041556e+00
4.274908923103756919e+00
6.831960822219410367e+00
1.751619942347676595e+00
3.374789898620918827e+00
2.023426425994454547e+00
2.277501881842977305e+00
1.727343841508415467e+00
1.378394519462762702e+00
1.700489346943399926e+00
5.457290788368545087e-01
1.368270360493947457e+00
7.663349960389741478e-01
1.434283395963150465e+00
5.777418639982371262e-01
1.247859934964119510e+00
1.971329513717021920e+00
1.395030135911921931e+00
8.125476963354909543e-01
9.539353555260622342e-01
1.353388162668842210e+00
7.754209154481316313e-01
2.579268207673361957e-01
8.805004753784038130e-01
5.984723859772581589e-01
5.288676526692490665e-01
5.268989895718939609e-01
2.759588306175733696e-01
5.036748701034108322e-01
4.697959659689277534e-01
2.449639982681222905e-01
4.643275094766838862e-01
5.613659747885666462e-01
3.047827197339506577e-01
1.923232834087898746e-01
5.545772591533156826e-01
1.984812490802357887e-01
3.103768837416837623e-01
4.831689201498746145e-01
