8.319295045355127627e+01
7.467905659434201482e+00
3.343238602656412706e+00
3.657722165180532947e+00
1.564227895979410699e+00
4.397400682051276100e+00
5.444489872056269775e+00
2.045489734106700208e+00
4.519262589639942540e+00
3.416933096760268018e+00
3.566227568059939568e+00
1.450004932855385453e+00
8.074570353788894650e-01
1.902015747677829216e+00
9.059629357068507138e-01
6.930222480139982544e-01
1.973388813819395127e+00
7.446648467391228099e-01
1.183936637493646193e+00
1.181622116997368410e+00
7.243916007754036546e-01
1.078968154460723028e+00
1.419990350035738036e+00
1.534103863246254695e+00
6.120568753017253671e-01
1.154733574148879338e+00
1.030035578174821165e+00
3.876244361102278990e-01
2.470454995471089432e-01
8.993610378438695596e-01
4.910217912950528563e-01
2.616962635686857080e-02
4.621716692872832044e-01
4.424104143172580828e-01
4.082404223959196221e-01
1.101339137320646033e+00
4.781661517186577282e-01
3.971559138855204063e-01
9.594786072380889763e-02
3.766207479578436712e-01
