1.401387905265212339e+02
4.056242303741412591e+00
1.082830182162415511e+01
1.082333976575565160e+01
5.647696398054793399e+00
6.412212730804959016e+00
1.508451527134364367e+00
2.080382024334057167e+00
1.372516782142964020e+00
2.635539672136079759e+00
3.751980817384429567e+00
1.587382612879900234e+00
2.216949546504213941e+00
2.322696475785981818e+00
4.999494339179216595e+00
3.051621572838377094e+00
4.700093071559720670e+00
2.953618525541870987e+00
3.473637435076643243e+00
1.403147130695325817e+00
2.702375084724290222e+00
1.839864568312498561e+00
3.907562187702388723e+00
4.255310264270954490e-01
1.840497038060557866e+00
3.119667393254161869e+00
5.312382742565821658e+00
8.293818163951521827e-01
1.574297653897973159e+00
1.627837999759084608e+00
2.843813559707857319e+00
8.854567039066718603e-01
1.693913695330704350e+00
4.773983951415194937e-01
1.542242469228256141e+00
1.979685241315622735e+00
2.097653089624395673e+00
2.986437877758293169e+00
4.734244608710494462e-01
4.187887029887647827e+00
