5.418167700407805398e+01
2.177099015518755731e+00
1.905160943490942005e+00
2.865932962472477197e+00
2.568957961337776208e+00
2.275613963092524727e+00
8.025451940525993866e-01
1.373563079892869743e+00
2.228908659218089117e+00
1.305555556461478472e+00
2.667669983611273832e-01
3.165461393042455107e+00
2.554429302242408273e+00
7.460601390027605806e-01
1.525373814734899192e+00
9.272404063618301384e-01
1.269932022520171788e+00
2.283151485729444374e+00
9.520516470284199340e-01
1.222096527881672223e+00
4.874037005831008962e-01
6.528771091321362574e-01
2.545101703350576283e-01
1.030741592684355279e+00
5.365692614878114775e-01
1.318194360268207521e-01
7.211573647059749126e-01
1.540138331356100954e-01
3.710447192370288638e-01
3.597575172067512539e-01
3.504805798507594772e-01
2.276854674577687976e-01
4.226315667136358867e-01
1.931009125821163963e-01
1.372075243670496936e-01
4.874992208639327695e-01
2.358708325637429715e-01
2.168376923025424063e-01
3.107320670975368126e-01
2.972246747313611048e-01
