1.387479860879535067e+02
2.856323889637638835e+00
9.219632554073209363e+00
6.535572944773408999e+00
2.825256688364745639e+00
5.345264435631557731e+00
2.460010186331188287e+00
3.710566358265896536e+00
2.004201701789214418e+00
6.064407847724018197e+00
5.633567610415695093e+00
6.046601835972073014e-01
3.088314214644572786e+00
4.661548550588294759e+00
3.402064063358488877e+00
2.836011573511473038e+00
3.098017237369384280e-01
2.120838385973567775e+00
2.701756227486461714e+00
1.978335709195702785e+00
1.174473995860422670e+00
3.777892244257469834e+00
2.171741436555884253e+00
3.089366022362151298e+00
1.296352622591880888e+00
2.498512036752583043e+00
5.484356345706124181e+00
1.380142136414253207e+00
2.698983739865051135e+00
3.349908612763531135e+00
2.316064528143476853e+00
1.099126857122598055e+00
9.956944426960327998e-01
9.144638736208560159e-01
1.224538155744163914e+00
9.124193750677457304e-01
2.185289296776447454e+00
1.288961010638250526e+00
1.029827996232852261e+00
2.901639745834529549e+00
