6.173614256240988141e+01
4.468355586032623172e+00
2.983575808219385284e+00
1.868660129845403084e+00
2.490607152078753828e+00
2.624935896743939789e+00
2.226258897055928831e-01
2.460792697326477541e+00
1.364458105639167140e+00
8.616413767641500909e-01
5.985371107734278606e-01
1.871464555031461474e+00
1.423047026877121590e+00
1.343222380160117746e+00
3.420581110007762105e-01
1.203290914973853099e+00
1.316582200653839019e+00
1.076485394741997892e+00
1.250739905356416104e+00
4.415904446211041390e-01
3.195639281791370356e-01
7.475916390972644487e-01
2.727047535347663643e-01
1.160519269620496230e+00
8.801546560663264795e-01
4.921521133048029628e-01
8.423323532201010266e-01
4.221860180963118436e-01
5.784554636234805480e-01
3.587541915824870031e-01
4.669236080398220801e-01
9.177172223334256751e-01
4.066497278584281228e-01
4.628468647290983062e-01
5.121670279239676216e-01
1.777052280235790760e-01
6.168347834140488484e-01
4.575510923071773872e-01
2.569094559278743972e-01
1.110148804182187199e+00
