6.822511609622350193e+01
9.444024896627562171e+00
7.585346988748762342e+00
5.624991518091616349e+00
1.485438916375366780e+01
1.014190063493228600e+01
6.569281500816196662e+00
4.977122893149287464e+00
1.273086550243234960e+01
8.033435529251471863e+00
7.446180555694411396e+00
5.209252235385604557e+00
4.403847614579906811e+00
9.592031582774675158e+00
1.070010013331751431e+01
7.095899646843385256e+00
6.166519457356904432e+00
3.776645891951492917e+00
8.292773299769910622e+00
8.431267929163501762e+00
4.647305481619688372e+00
3.932512950168377763e+00
6.493471189686367495e+00
5.840286806248212947e+00
7.585918810302906046e+00
2.358298018943116414e+00
6.029576009709217921e+00
6.085135108395133052e+00
8.952463612820848127e+00
3.717222225532101465e+00
4.762494492490039200e+00
1.864167705770330308e+00
6.051142292267901901e+00
7.806925771612164944e+00
2.104272421471276022e+00
2.883294681453414388e+00
2.020901639399841354e+00
5.952810137931346723e+00
2.755246593440597191e+00
6.492245864427545143e+00
