1.137362190855242972e+02
2.103845747071603434e+00
1.824758645718490557e+00
4.134879311493677712e+00
9.486988795968599453e-01
5.772667542977854005e+00
5.956035199884635922e+00
2.271057193911000027e+00
2.732268044841740018e+00
2.474309553951063556e+00
5.991623999004308532e-01
1.348526559968943106e+00
2.553500541814504921e+00
1.486610089530282064e+00
2.036774198132025315e+00
3.692273135918720861e+00
2.896310746120250190e+00
1.310181281820839816e+00
7.986384547215235052e-01
9.477555624789382183e-01
9.327165808088002663e-01
1.341893695415795840e+00
1.785111789776410829e+00
2.413411001372345321e-01
6.986555755524316291e-01
1.341095830305574443e+00
8.778445095344167282e-01
2.571856349255295937e-01
8.416959929240365179e-01
5.781819386725830512e-01
7.536038035042013083e-01
4.254168130580398555e-01
3.970708577463697431e-01
6.265549937056233976e-01
4.493013849104374180e-01
6.533888117833442921e-01
3.222947411960815356e-01
1.025229443546153973e+00
7.695739374398518073e-01
3.473888064360421413e-01
