2.475721265760607537e+01
8.452332973394620641e-01
2.287494139141857730e+00
8.157423041990822243e-01
7.344769185040559423e-01
9.196225243631178659e-01
3.829034293890251073e-01
6.447712479025823340e-01
7.762772424425310458e-01
3.609877851237081603e-01
5.846585916672336625e-01
6.210191724040345918e-01
9.460310560117095313e-02
3.178545725999711302e-01
1.315093368417315833e+00
3.026134341986780885e-01
5.196238343474941512e-01
6.025024390698878740e-01
7.901368938258197527e-01
5.419034873032901878e-01
3.892460955230439001e-01
4.712774694449445301e-01
9.330244885108838204e-01
1.030067536467264899e+00
2.245705978932314995e-01
3.610147681521165830e-01
7.209915908847687183e-01
7.494809568566980218e-01
2.081085211839386884e-01
2.885657677988636705e-01
6.975451900304757702e-01
3.328235307565144963e-01
7.882176724218546704e-02
6.063242371043553458e-01
5.412992767770679059e-01
3.088936117019985828e-01
5.979946994504462543e-01
6.104157359777334646e-01
3.644743969395424221e-01
6.557892867513510915e-02
