1.090018969534459643e+02
3.249927613705983021e+01
4.014745936064460174e+00
8.092304293633919343e+00
9.337450764773937095e+00
8.186524957307518946e+00
7.793476152568602267e+00
6.803037778606187302e+00
9.138996027075840800e+00
9.606529294714775347e+00
1.459989035729531981e+00
1.014046636092808207e+01
1.926251611624665117e+01
1.361194324978692016e+01
9.616153539929824134e+00
7.757047419960685808e+00
1.269511277495286272e+01
9.593785271915031387e+00
1.129844355721251148e+01
6.449292082812351445e+00
3.924290606177339935e+00
8.488247607280285933e+00
8.467357877158535828e+00
5.259471406800343196e+00
8.228627553183942567e+00
1.151080585405813217e+01
9.287462922497216056e+00
4.464773499832734416e+00
4.165085190616330202e+00
9.973320850379094438e+00
1.072060880954760620e+01
8.179910810573566948e+00
6.160160124876103538e+00
4.405513108862860072e+00
2.913495871828279959e+00
3.858018902192092092e+00
6.446275812333237987e+00
1.169762877242636989e+01
9.090494031348180570e+00
4.375060347231819691e+00
