4.931992198412424244e+01
2.895645204245008486e+00
4.229387555552350797e+00
6.130332845613367887e+00
5.056536530531833273e-01
2.522761548469088400e+00
1.194521230123045452e+00
8.802227716068645735e-01
9.104674744443742584e-01
8.239398196653973105e-01
1.204647611395458506e+00
1.792699908553470722e+00
1.233980260568384946e+00
6.868134218517810696e-01
2.995409682372748295e-01
7.515829975474557223e-01
1.441541250868229929e+00
9.798361953239206334e-01
1.958886975179102985e-01
4.760207326354518043e-01
4.010863498252934534e-01
6.310019049431605520e-01
4.772336425870278842e-01
3.909545960504103301e-01
1.013145526234354166e-01
3.737530473741689785e-01
2.751041470434917868e-01
5.423210515567463696e-01
3.810065042906017330e-01
2.305882125943498617e-01
2.143517523972191807e-01
2.962335636604082056e-01
3.860962638232012245e-01
3.347767167163193669e-01
1.831536668193266548e-01
2.649717698274610123e-01
1.072840800695641500e-01
1.960540106227155743e-01
2.707503218045662630e-01
2.264955478379035714e-01
