1.600966646005507954e+01
1.256716349022898749e+00
9.951772195425068190e-01
2.041017677462141577e+00
7.934930352671972775e-01
8.204313056484728861e-01
4.126622646887149748e-01
3.858190810052929964e-01
6.324884535307666589e-01
2.698871835411540965e-01
1.768087404153430853e-01
3.882811587796673458e-01
1.502184650861378701e-01
1.351566505552224129e-01
4.247283749987710855e-01
3.918749127059833470e-01
3.925215604375784650e-01
1.275395125669793739e-01
2.605956803214026229e-01
1.844368026214151524e-01
3.718039924104593608e-01
3.029298984120014637e-01
1.539584708970155313e-01
3.419500353445602547e-01
2.001383710391207160e-01
1.719487582753720378e-01
7.238298272105742059e-02
1.768737144966132935e-01
1.669038375419872045e-01
1.465126656271657501e-01
2.329642878438773490e-01
1.600883638938289666e-01
1.612331334512855374e-01
8.389595640400569765e-02
5.093600981979734543e-02
4.835871688562374399e-02
8.610064721661901677e-02
8.255582750837124617e-02
7.817984406091064986e-02
7.194330963800012191e-02
