8.826193323065115237e+01
8.267339020406627270e+00
3.811751867363297741e+00
9.988383096151864038e+00
6.890899796158976187e+00
7.351339671556555544e+00
4.572703134864037899e+00
6.958105913572184775e+00
5.822430824412784922e+00
7.518858146498131667e+00
5.040613591691690765e+00
5.836614773212962071e+00
5.560547445741237382e+00
4.934237654420939201e+00
5.978596027442143246e+00
5.344278478435103175e+00
7.295657760151070370e+00
1.082176796418121034e+00
4.954129915732940148e+00
4.632152061369459339e+00
2.530989326654411897e+00
6.223040414762677663e+00
4.412997005979702791e+00
7.432375228610532680e+00
6.762577215279613974e+00
6.475520370466154141e+00
6.036639417564817478e+00
5.165844380680227665e+00
5.032004112851834243e+00
4.865839166130164983e+00
6.776765292659341355e+00
5.335583486525385055e+00
5.761758452759882410e+00
5.994871235577644342e+00
5.151444891262958237e+00
5.296877322356507989e+00
4.647478208898056629e+00
5.323938425456637091e+00
4.335887507123217688e+00
4.895017643562701970e+00
