3.278382723192140702e+01
6.867144521979312577e-01
2.003590974454108942e+00
1.486647406928549131e+00
1.928539085704704670e+00
1.125349886357207785e+00
3.267997035275413409e-01
4.616912561938837367e-01
8.264723884680789112e-01
8.157613884723945441e-01
6.644041046233647441e-01
1.063394987078217113e+00
2.596796862974121156e-01
1.622075733841860379e-01
2.400790154657631570e-01
4.513521837344333654e-01
3.991414797760243216e-01
5.721750891102803660e-01
3.493260443281569483e-01
1.390866661350093625e-01
2.132215976760871712e-01
1.541614528759912839e-01
6.504145744373394100e-01
3.548556147777160441e-01
3.584522785243507426e-01
4.676741600164155965e-01
2.974138990354036061e-01
3.778500660221532081e-01
3.842252854532217099e-01
4.162085800091138155e-01
3.052541559411932615e-01
3.899891514654537650e-01
2.039747574425225529e-01
2.998253027562941542e-01
2.971344067405731204e-01
2.776476787281119685e-01
2.543169267039208647e-01
1.917059730836684628e-01
1.640333812109015243e-01
2.499159567451973152e-01
