4.445600912514077407e+01
6.502926547878729480e+00
3.161028841231449338e+00
2.591443983699865949e+00
6.680883828497375942e-01
6.411252254729266076e-01
3.045795890189871180e+00
1.264101836356652742e+00
2.209010701937924814e+00
1.484429631560860274e+00
1.702247439668136852e+00
2.518938015451682055e+00
2.677699243904021920e+00
1.708053404000505537e+00
3.483262953389907768e+00
3.094758637792383471e+00
1.746296105178870794e+00
1.562496266398082811e+00
1.978267374120632915e+00
6.819955627722228408e-01
7.260999207945311174e-01
1.102057785791639377e+00
1.518102304209739684e+00
1.923420953888261398e+00
1.707140840428620132e+00
9.177241202352592886e-01
1.464119781982352597e+00
7.664533732396141552e-01
9.403736130022425366e-01
1.593367622471577372e+00
9.814171194227752082e-01
1.416833998162322916e-01
4.147295570626790551e-01
7.662419928902467481e-01
4.700061567166405330e-01
1.095743023501845326e-01
2.991526338433515009e-01
1.087586904550468692e+00
4.360924453156962977e-01
5.456419199559982003e-01
