4.155882353953594333e+01
3.446386150177001007e+00
3.467540475895609209e+00
6.450695322513353425e-01
3.143783845508762553e+00
1.991307326081263873e-01
1.485366116501698031e+00
7.226183778400582236e-01
5.398707202436551222e-01
3.598265072975301293e-01
3.219487874608177869e+00
2.729863176135515879e+00
9.892914771146239516e-01
1.220020442058326937e+00
6.614973257159744158e-01
2.170744598120154301e+00
2.556626453996019510e+00
1.985954726075878751e+00
2.160270387035040152e+00
5.772271692841940416e-01
1.105993853358067769e+00
1.590306605492869174e+00
1.903749331634399855e+00
2.493179082478081190e-02
5.985951929011897876e-01
7.858001994964151082e-01
6.857086704005855848e-01
1.342706592303910540e-01
7.854719971409660495e-01
5.065061089168854114e-01
6.436373878793268943e-01
3.973093159017387910e-01
1.618803945159925650e-01
4.164995631658839903e-01
7.818660324535566808e-01
7.202959563434810919e-01
9.254778734747082236e-01
2.609218555784363902e-01
5.802126032422942892e-01
6.317665986493263830e-01
