2.515248485273358980e+01
6.268618973513124804e-01
9.734299769501915112e-01
1.498534423973592489e+00
7.174324985000476440e-01
1.264237238579120071e+00
1.279265177828659228e+00
2.052619109898071725e-01
5.899926766487807450e-01
1.331913276952664482e+00
2.022165438195743459e+00
2.574383764692797505e-01
1.259607039315713939e+00
9.203660485333342578e-01
9.897215266472889628e-01
1.054842105041638112e+00
6.587046049940515902e-01
6.365746068451404449e-01
5.443618653265144269e-01
3.282902579681853394e-01
9.439703387951510205e-01
7.540550388767960355e-01
4.860942883331973996e-01
4.611042521601712574e-01
4.241731131940451038e-01
8.923005211857434338e-01
4.387707462801671565e-01
2.970392290161649740e-01
5.138150839029529404e-01
1.595486267765390542e-01
8.756274071427588845e-01
3.718834949468263762e-01
2.287294253702394919e-01
4.167097943901763579e-01
2.070264459708960336e-01
2.897295619800446254e-01
2.515751495887749156e-01
4.546301427154256780e-01
6.296455548021208104e-01
9.424319697371053017e-02
