2.809826966659750269e+01
3.344499566586977668e+00
2.384718118435017242e+00
1.060883882924720023e+00
3.377727709767907704e+00
1.864968764385990019e+00
7.904960515134200616e-01
7.992791971388291117e-01
1.019866426788359925e+00
1.273232929729101404e+00
1.229805058744602553e+00
5.029223625108907303e-01
5.167310823749632354e-01
1.605587249902044711e+00
4.976881038542046443e-01
6.069522502259789842e-01
2.602098229237530536e-01
8.950551607393515408e-01
3.150738769634846004e-01
3.497719683905044508e-01
4.368276858440870436e-01
6.168606670458592900e-01
3.541267208576996950e-01
8.345253330274350345e-01
2.533502697286453276e-01
5.795382306615864954e-01
3.762448901897458287e-01
2.488866372070095700e-01
3.503853083524665624e-01
1.016535690577066608e+00
1.873070675915016747e-01
5.552091791807426402e-01
3.186383088694069166e-01
3.156384878446901188e-01
6.030851935801645469e-01
4.574139300151784937e-01
4.204652225804014209e-01
5.051754341209104826e-01
4.325584570404656382e-01
4.256015207062372463e-01
