1.939745922383854193e+01
2.281457475484800934e+00
9.088187735435652170e-01
1.703984339259928538e+00
1.305925202783196903e+00
5.116173710566969124e-01
2.523229079611076564e+00
8.045527977017113974e-01
1.006018842162261784e+00
4.338764133733444273e-01
4.177947322193796276e-01
1.064526629440556205e+00
4.679244242944835541e-01
5.339393934756230253e-01
6.801030531799558965e-01
3.908164815862500419e-01
4.921646553475776398e-01
6.031060979782757459e-01
2.409639605763309045e-01
3.025580133288515161e-01
3.891714456665330557e-01
2.634187909439387743e-01
2.580617409527169448e-01
3.874163339199760969e-01
3.821290463227801359e-02
1.820635832262519349e-01
1.883298172169614038e-01
6.620564286507171770e-02
2.572245320861649698e-01
8.099925662691170869e-02
2.062655497046142206e-01
2.424958737740930126e-02
1.307400408725851171e-01
9.419218967768222539e-02
4.648989434044873553e-02
1.333370284885589951e-01
7.517011702837540776e-02
7.314691411677502753e-02
5.434934435751281184e-02
7.413282487989165948e-02
