2.578331115296322196e+01
3.309331159179414783e+00
1.969186801715166579e+00
1.268343598069186617e+00
1.528817972294403971e+00
2.829592000055944911e+00
1.745361803196266326e+00
2.016886158676284513e+00
3.483432376317863177e-01
6.423632581428966315e-01
2.311259353177591347e+00
6.265088422749425234e-01
9.624684555696650934e-01
2.397739538154815553e-01
8.622465070073194182e-01
1.052010345025194082e+00
5.095363070780093429e-01
1.021500309956083541e+00
1.942597663699046073e-01
8.776643073980201493e-01
1.085414840169888429e+00
3.858951455097142658e-01
3.300124893876477672e-01
3.231682624719663388e-01
1.698086360185307453e-01
3.631575466498253024e-01
3.029417713631906706e-01
3.398559253056130380e-01
6.328232275592832190e-01
2.863725015378302818e-01
5.604471810845700341e-01
3.846367891462100785e-01
4.259193299557856860e-01
1.208251640024002871e-01
2.095504429448381833e-01
3.418120339857892431e-01
2.285465326099906935e-01
2.067847322587903214e-01
1.887723423149135216e-01
1.027139620626989491e-01
