3.060541717347839352e+01
4.441375209273168423e+00
2.041676722526132970e+00
1.231855335102195692e+00
9.142015719984736277e-01
1.218559561152301685e+00
2.473398061734449094e+00
9.843760988636012232e-01
8.995461782750245883e-01
6.542761722848506878e-01
6.103068561000203340e-01
1.643301942918079295e+00
7.591515127530565898e-01
1.060074927613406492e+00
4.790933172219284941e-01
1.803827929152061138e+00
1.384524690924956447e+00
4.464797763902135785e-01
1.065300454153508714e+00
6.334948547327257096e-01
1.124026914879224348e+00
1.109676858501384089e+00
1.032172796093481448e+00
7.574171178520013870e-01
1.966569095941068657e-01
1.044370703244681176e+00
4.489152444411503295e-01
1.202572530391826100e-01
9.013168465712587119e-02
7.187877249140846025e-01
3.528654511125463022e-01
4.293509251323789355e-01
4.813138845407679001e-01
2.049083529622283129e-01
4.474171949765958778e-01
3.923618360449585007e-01
4.684583881049542708e-01
3.239553789714673671e-01
7.327551013665348778e-01
2.278120816841781304e-01
