4.905661631658907140e+01
3.717283118900576167e+00
2.652030822364396467e+00
2.393424709455672428e+00
8.526205422212831397e-01
1.105802652107508166e+00
1.485561852987494103e+00
1.293284456629613999e+00
1.786740685517983929e+00
9.265059730186501197e-01
8.769071311651556400e+00
1.927419437382585032e+00
8.913701894835101003e-01
1.670032378305553455e-01
8.272903066450856269e-01
1.851721590351469882e+00
1.230733618793298012e+00
1.923905390061368736e+00
1.312750124142161967e+00
1.228316476506352117e+00
2.412774325441797263e+00
1.041603575952119387e+00
1.700329728732624890e+00
2.542095951792466280e-01
1.078626232476402658e+00
1.320051988943207188e+00
4.922779520295851308e-01
1.033940945401792488e+00
7.592099291286421581e-01
6.150565017072338048e-01
5.179884790257514027e-01
2.416558596355219968e-01
8.547431858509101366e-01
8.555527185319634631e-01
6.779546567396281809e-01
2.958412844214476922e-01
6.014143273495556885e-01
5.364517555352350531e-01
6.625532355444131438e-01
3.566029224800677522e-01
