1.800709167561659285e+01
1.614048857212595278e+00
2.930986027262512672e-01
1.536269424858638821e+00
5.789770851521452988e-01
6.587077487103446538e-01
7.068166831472477707e-01
7.473231308367561665e-01
7.390050214480737845e-01
8.973929191625529267e-01
5.860606403687209642e-01
5.934581645344179091e-01
7.887950124756081260e-01
2.728323072904845215e-01
5.411555442605814337e-01
3.861801726912726940e-01
2.247153323357587718e-01
2.134926025958507889e-01
3.876043115602094136e-01
4.200187267865829743e-01
1.285281423993420435e-01
2.119235306466271951e-01
2.430108539930131706e-01
2.442721835162919297e-01
1.903994019681035654e-01
1.652171853763058362e-01
3.334575484137030643e-01
3.896236110850540002e-01
2.607945112518022523e-01
2.439269995511803013e-01
1.491958245379404746e-01
2.597987424205349116e-01
2.894480554061894528e-01
2.023529166076937225e-01
8.926140539096211191e-02
1.203303929138907769e-01
8.056100769846402665e-02
9.457644277955107315e-02
9.476299041333192952e-02
1.886146138319544363e-01
