4.624957508944453366e+01
4.044234192652788273e+00
2.656917985862914389e+00
8.225733016840974798e+00
1.722986192909687464e+00
4.382613891363381420e+00
6.113331424952899162e+00
9.417422042847115593e-01
1.271634664294649220e+00
5.865788974148133050e+00
2.091420166772141265e+00
2.287251514379050388e+00
4.947381198770229638e+00
1.147753804728140814e+00
9.513512720789981669e-01
2.479292777794717129e+00
1.209687191035254239e+00
7.453422075604052566e-01
2.392464216118855291e-01
7.587480518327635037e-01
3.381571442937350014e-01
1.231985173230708552e+00
2.650048742976198191e-01
8.498341152525410447e-01
6.793398106779470202e-01
1.423202387226669141e-01
7.610521931758720271e-01
5.322110476919036381e-01
3.748443937961450922e-01
6.874212728266975159e-01
9.243566499725905938e-01
2.949958710834534314e-01
1.093244828376163325e+00
4.630689294424336078e-01
3.782994026700710610e-01
4.889543534885245069e-01
7.586829587019930932e-01
1.723691710882268580e-01
8.175357619179745017e-01
4.708815441194914020e-01
