3.278834339266410325e+01
6.480124669210503896e+00
3.270423283506711076e+00
2.835525305644977401e+00
2.440319737481847717e+00
3.485412121964156729e+00
2.756164508677497960e+00
2.219310303651222505e+00
1.872161108182716083e+00
1.041955328282245130e+00
5.218630821235326067e-01
1.400808049203948746e+00
1.356788523341061481e+00
1.665600552277330060e+00
9.653181956669790731e-01
5.361604071942606131e-01
8.608994932911515630e-01
6.234954527741108921e-01
1.096533724205277061e+00
6.744541709201784530e-01
1.279392752469533878e+00
1.398192960991214706e+00
1.630052466330181415e+00
3.989980774818300269e-01
9.425139665809051381e-01
8.956421435400729880e-01
4.524186569314439521e-01
6.044084542991543518e-01
1.255254550264058633e+00
7.382638805481567257e-01
9.885868668071513543e-01
3.139716911887184825e-01
5.094606826475001071e-01
4.182186510651587641e-01
2.289662589915195390e-01
4.387153973592048395e-01
6.063059433415195487e-01
9.981476381475791193e-01
2.038917258061191395e-01
4.309779000802135274e-01
