5.807266324329104634e+01
8.688904444302638197e+00
6.104194933539892176e+00
1.320134806147257533e+00
1.226164437146260111e+00
1.889046263947181892e+00
3.288423637052799275e+00
1.910005293106513458e+00
3.236130193566754354e+00
1.914397541490978627e+00
1.758494695407142983e+00
3.813459578841457365e+00
2.584440071378484749e+00
1.256399541295586175e+00
1.414190571283342690e+00
1.555257716565312975e+00
2.177102870008371660e+00
1.788869663053574977e+00
2.876491158294566031e+00
2.006955911701520989e+00
1.158193447893922867e+00
1.312639687128728250e+00
4.877133290103256580e-01
5.260649973527340428e-01
1.227090791474221287e+00
2.237878727105339749e+00
9.859675809267532953e-01
8.627834732637853499e-01
2.092680377194688912e-01
1.157683971761985120e+00
2.560053980446635458e-01
8.847023667711015893e-01
2.667104134497243484e-01
8.556150405181636165e-01
1.600637061726761234e-01
3.099548844591406005e-01
7.640321557616809311e-01
4.179277029625274587e-01
3.942527413417519222e-01
1.085757042800518990e+00
