3.274450711235502354e+01
3.380996388488329174e+00
2.033634281992606319e+00
1.031234399028001958e+00
2.534231149815371342e+00
1.004973029567249210e+00
1.403763731421692862e+00
3.084410561777160442e+00
1.977602444359732425e+00
1.348333266955426657e+00
1.072845751210638410e+00
1.849838059471762275e+00
1.015019100936778829e+00
3.252523287829369170e-01
3.008172143266370502e-01
1.353654323820695282e+00
3.363419333834452019e-01
6.762742270486498120e-01
4.401828065595047024e-01
6.269092148042894053e-01
1.220913109409642816e+00
8.919125657114056471e-01
6.980338084074499960e-01
5.439151347683588433e-01
6.487840772518177479e-01
2.249095626319556895e-01
2.116536389772603055e-01
3.462253247772109077e-01
3.374864902147061696e-01
4.578935627993320212e-01
5.526470221569870223e-01
2.465698173795024539e-01
4.399731877298960758e-01
2.900424025795503846e-01
2.471492912641630457e-01
5.697728475519912017e-01
2.035579443996908267e-01
4.987567675931033340e-01
1.431054893150558727e-01
1.399653624303774935e-01
