8.394265770052084008e+01
9.951662625290685682e+00
2.753897426991778197e+00
3.609058068093719207e+00
9.815678771289977345e-01
4.329857702515264251e+00
2.547664439442473228e+00
2.396543165539833264e+00
3.845138293138822494e+00
1.649225029210419136e+00
2.945743471574767014e+00
2.876908159878794002e+00
2.496605629541049698e+00
3.383736992379280384e+00
3.513527866048816950e+00
1.960161548626792483e+00
6.627335942634727806e-01
8.438591709617451198e-01
2.024911634716969999e+00
3.910816756215765189e+00
2.812647910911799887e+00
2.177871484879647657e+00
2.005230574808503086e+00
3.240554546998160590e-01
1.626540802840563460e+00
3.274658888632680842e+00
2.170622559358776460e+00
2.249227164569094661e+00
1.831706322220786776e+00
1.576893105638064174e+00
1.965665869433790069e+00
2.010787474646387185e+00
2.428621643050155043e+00
1.903193355572975420e+00
3.568757893728032649e+00
2.215391639860629702e+00
1.660252261624837189e+00
8.179663838080589722e-01
2.488818615967169023e+00
2.783730389487284906e+00
