1.681070432919326549e+02
2.280820284237443651e+00
5.227717780786088397e+00
1.164324914354453355e+01
9.462732511235298460e+00
5.814216416359200501e+00
3.577115288833396800e+00
8.417440214167626777e+00
6.034878628031424830e-01
6.697408702670678560e-01
1.642038283762757844e+00
1.280656092744520524e+00
1.639807429046109988e+00
2.281294118870442755e+00
2.060605482334373573e+00
1.477811594550167307e+00
1.399348074263798480e+00
8.398246758133375289e-01
4.346154962917478493e+00
5.100493419709781762e-01
1.253814520315478021e+00
5.085983786106845761e-01
2.720026611783471715e+00
6.183201171880341462e-01
1.557242050806383338e+00
1.410548978255911301e+00
1.470524725377563957e+00
7.260620548392514584e-01
6.398507811456466410e-01
2.640499078474516370e-01
3.284609763102853686e-01
1.212539330416393113e-01
5.935490930173341617e-01
5.578599225266872574e-01
8.873290676148191114e-01
2.157322473379818251e-01
3.242319971739324735e-01
6.517463144247641615e-01
3.277317363331981870e-01
1.226392656665822728e-01
