1.028086773227942103e+02
2.631156189958301361e+00
2.463432666833051066e+00
1.847366788372105439e+00
1.568267830066055080e+00
4.129946793265769855e+00
2.518966833246786496e+00
2.689569522886598563e+00
1.586543803810009479e+00
1.253527692075106836e+00
2.761522711029005261e+00
5.298281933052970238e+00
3.310189759397225817e+00
1.830580961724726230e-01
2.022426794009660078e+00
1.992531573923668642e+00
8.822957595573924783e-01
2.086731539241767575e+00
6.877168492454005522e-01
8.281564874973731394e-01
1.092538585198038259e+00
8.314153443386623765e-01
7.286593793162473576e-01
1.332184650584597785e+00
1.037431651659050491e+00
8.112580910697796410e-01
5.171768490543980912e-01
1.176793313189667511e+00
8.538659917312805270e-01
3.513543371482626410e-01
6.669232288558192279e-01
3.825602614548814229e-01
4.677160939549454000e-01
6.952015645931519661e-01
6.436080029672701652e-01
6.981207553536435961e-01
5.954117787444491716e-01
7.961588169263057457e-01
6.710303388404866842e-01
4.618475763710147564e-01
