1.436670270280991986e+02
1.971566242077798847e+01
1.551356682633118744e+01
9.405883958268882239e+00
7.066885510877984444e+00
1.440156336818065164e+01
1.108003880205342284e+01
1.187862964056246540e+01
7.165339175118156767e+00
4.088275521827608117e+00
4.721295411423789723e+00
5.866366512448285775e+00
1.222776743496219964e+01
1.074481904552724387e+01
7.204481818467812104e+00
8.551330548563401024e+00
6.663605700674874122e+00
1.233102112080642598e+01
1.020036395861224321e+01
1.171417212555272513e+01
6.569850006279913224e+00
5.268520527310675661e+00
5.819584352635975399e+00
4.757434794656726140e+00
5.332072765693514960e+00
4.415837265958924007e+00
3.194310991835388691e+00
2.598142702071817745e+00
3.081978473034893362e+00
4.216933681631259923e+00
4.633824580072623434e+00
4.096158963097213501e+00
4.207502911853659988e+00
2.491079480054221751e+00
3.770661494263691349e+00
3.141116356544381816e+00
3.251587497965584994e+00
4.117709575463654126e+00
2.008295196117104719e+00
1.112868453260174695e+00
