3.278454522047558157e+02
1.976394597652914911e+02
1.033482069516811919e+02
6.023081246487939211e+01
2.226681991968094110e+01
2.886368873431989002e+01
4.184003459064561525e+01
3.854698588963123740e+01
4.005369537751346343e+01
5.406776774176632472e+01
5.206285213715293025e+01
5.297006799585839332e+01
4.408286826539301728e+01
5.609762274997032705e+01
6.284658952367632168e+01
4.233537165968363070e+01
3.425242737149478955e+01
1.575738297093635865e+01
1.503221831374606055e+01
1.524135285226334169e+01
4.363856122256122738e+00
2.538654007175939853e+01
2.764655174519161562e+01
4.340169770556708073e+01
3.757405240297178040e+01
2.584741073103045039e+01
1.063362511745052785e+01
1.022890984195899655e+01
1.688276396943547653e+01
1.493198563775055376e+01
8.606271999226613900e+00
1.071422112038787766e+01
1.501962333550558704e+01
5.872249243051688161e+00
1.735723125833161262e+01
2.783306941731615325e+01
2.948315942246652455e+01
2.221006639596855337e+01
1.135066187378833291e+01
5.765602038268009544e+00
