4.270207140628101428e+01
2.362368276699133407e+00
1.171353630568908732e+00
3.714217184999552668e+00
4.496264442792200278e+00
9.802888820020504435e-01
3.216928144020046787e+00
1.164395600868754821e+00
2.143083962653977270e+00
1.425836346903217144e+00
5.825650130091969636e+00
2.407256527112867861e+00
3.222906335510119735e+00
1.765525831941028967e+00
3.113685380504819911e+00
2.250732283770148889e+00
5.564543294045575905e+00
3.172831443176535871e+00
1.346976201260019490e+00
7.837834116824383690e-01
5.068938313814333796e+00
2.087446433739776008e+00
3.048284099162061000e+00
7.314674859483185632e-01
3.401665608871889290e+00
1.153357129139504833e+00
4.877204229445462502e+00
2.621964203603789123e+00
3.051252780169455558e+00
1.450557374546153744e+00
3.356290473797414631e+00
7.588174054398916235e-01
3.968683124452677458e+00
1.670758422452813141e+00
4.666045225368099736e+00
1.931716193871845899e+00
2.524932585683945963e+00
4.039624046669855417e+00
3.130593982951825449e+00
2.065189689902442449e-01
