8.308261898212582253e+01
1.583648348006236084e+01
1.936420851241356900e+01
1.484657116665019849e+01
5.778075540105350072e+00
1.162827522809904934e+01
1.124741603524891165e+00
5.118764381246351469e+00
6.245755459096504758e+00
2.205175151484606300e+00
3.136070780672447711e+00
2.789683744875983695e+00
2.869801867137052653e+00
2.717499022153194055e+00
2.492290670091020122e+00
2.557133295965991593e+00
1.048382434853232015e+00
4.298962737450414906e+00
1.981033354339304164e+00
1.563482083687993907e+00
3.015005275715554767e+00
2.199673594930741327e+00
1.557302818824419788e+00
2.045404725295509429e+00
1.440382747686845377e+00
2.949394726868067362e+00
1.814365798415307873e+00
1.629058669487631228e+00
1.839903626744576748e+00
2.814298011250534692e+00
1.883969368012375467e+00
2.336917513208462527e+00
1.139545485594970486e+00
7.346267920635537463e-01
1.365987908282300989e+00
2.470678613464187823e+00
2.730707466680192042e+00
3.492096489965534012e+00
1.481199186026410874e+00
1.593412002827991447e+00
