1.343288790008901401e+02
1.361207150681572386e+00
1.283490890459543543e+01
1.227942426027714973e+01
1.701578006199555571e+00
7.884991826599655695e+00
1.151739756377084944e+01
2.218077938465282450e+00
6.913475365208672230e+00
8.661496991315836169e+00
6.916411792074177001e+00
4.171198582384959330e+00
9.999196824249926507e+00
6.849134562702100304e+00
3.211874244436095704e+00
6.684321518260931683e+00
6.171337165626789023e+00
3.428591053001088795e+00
6.973320306088644394e+00
7.470949206919269336e+00
2.677455109004407863e+00
6.367303005924537018e+00
5.042926021617392784e+00
2.308237004324086072e+00
6.604905022549372617e+00
5.933761846750461366e+00
4.171194078310279885e+00
6.301844899077051032e+00
5.179599856495096688e+00
3.673310972688002884e+00
6.702282366991770601e+00
4.880590045245240205e+00
3.290883571191347112e+00
6.163512271148341881e+00
3.078263330930292252e+00
6.967519604335295824e+00
3.663247631884562594e+00
4.868125661404265614e+00
7.152244286519203520e+00
3.018801136497089921e+00
