4.835641705112509214e+01
2.628047778880906904e+00
1.376054389936815392e+00
5.948991852602880659e-01
1.180258756348316895e+00
1.750225797399868721e+00
3.941659325731066144e-01
1.268906734398088654e+00
1.685081448095602008e+00
2.179629577739674140e+00
7.829158975115122487e-01
7.153707378156350938e-01
7.228789588504449526e-01
1.628449982389064798e+00
9.782915327200494282e-01
1.028663224003001364e+00
6.288450961300113828e-01
5.846030461145357293e-01
6.183187690714455620e-01
1.361263186562741423e-01
7.468967185866074443e-01
3.425566565888465975e-02
2.980782982884791488e-01
3.903617464461731079e-01
5.579833130913935957e-01
3.654183771483460741e-01
1.141669288771734458e-01
5.911890323683468562e-01
2.465151094795863529e-01
7.502989574768095249e-01
3.165151562381429140e-01
4.018314229761775769e-01
1.959378012147111880e-01
1.921998888448065712e-01
3.003173627706764437e-01
3.742179599486732955e-01
3.263862926704629019e-02
8.158650018823913885e-02
2.584350180081938508e-01
1.596574857631200273e-01
