5.437074974858718690e+01
2.092690121734101183e+00
4.572059424628314162e+00
6.016726016852462777e-01
4.533274446836048632e+00
2.366865140719014438e+00
1.689382359099700359e+00
2.694296501621132212e+00
5.873992239740402077e-01
2.709114631393067185e+00
2.419721792268290095e+00
1.914826342452220720e+00
1.795110891218900662e+00
1.118592309579949484e+00
6.370987505774035053e-01
1.559962879864283058e+00
7.263994363150869660e-01
3.765978044997100760e+00
2.788617124980623529e-01
1.923380605927017539e+00
2.305663459499530388e-01
1.588262959356847359e+00
1.508185956361430380e+00
1.186808257109320586e+00
1.989181994779087637e+00
1.895454681941018737e+00
1.805138981635430406e+00
3.317881131369758041e+00
7.820788010638166643e-01
2.904898334105451951e+00
2.261293974080538671e+00
1.306249503426126557e+00
1.056532597457041422e+00
7.342433318937546805e-01
1.998057160290131140e+00
7.827242208977798488e-02
2.150768044615120278e+00
1.554868898647352005e+00
1.852127026717842906e+00
3.081391505893765981e+00
