3.763783590137747836e+01
4.019604271524432448e+00
2.436883287081004656e+00
2.206229824450615773e+00
1.738881210780681696e+00
9.985328809843536657e-01
1.249114147921693396e+00
8.983005900920379982e-01
1.725623435367683811e+00
3.401338982972138547e-01
9.367273452565912928e-01
2.078814784678497674e+00
1.405604583589127987e+00
1.219359290829749698e+00
7.338288736698338477e-01
3.337019078204322420e-01
1.981339999759987314e-01
5.326959957930706979e-01
5.391210397280120636e-01
8.151655166859980151e-01
4.138139824506282816e-01
4.057648428067818225e-01
8.250592285017809002e-02
6.055496672411203596e-01
3.312840593472252682e-01
1.997610793205157054e-01
2.199161850692341325e-01
4.718924619637862028e-01
2.769738155284522940e-01
2.099911606519655471e-01
1.481876341174774014e-01
9.645046394690595659e-02
2.119509137352945660e-01
1.722634545004824436e-01
4.385072429802015781e-02
3.083308411492747259e-01
1.383229150288334541e-01
7.425850323946073250e-02
1.807523776634765988e-01
1.706037646236949201e-01
