9.105091421784547379e+01
1.434628131657405170e+01
1.190068332355532199e+01
6.566185349041439245e+00
4.212797908460903074e+00
5.613377288101015772e+00
4.617294917298069734e+00
7.715383987823146050e+00
3.601294120306395730e+00
6.308153392040093399e-01
3.442759412849158984e+00
5.763402548577549744e+00
1.261715858837139104e+00
3.171208306351126716e+00
2.825164097388085160e+00
1.555307183148924466e+00
2.044954656658485082e+00
2.344105537879151324e+00
3.406479032425578923e-01
2.610801754582809053e+00
3.253339315375756602e+00
2.019759812161885826e+00
4.969992903203001688e+00
5.244374294141036508e+00
3.144911897383573240e+00
2.239720454312436715e+00
3.361169670629115647e+00
3.827216418631652850e+00
7.268951505601488172e+00
2.749272428641913457e+00
3.758925351158586281e+00
2.447310967457240416e+00
3.206766024100656587e+00
3.915261645532920110e+00
3.581814814228042820e+00
4.581002849022103307e-01
6.356121234919815954e+00
4.050046037818604283e+00
5.211479583428394236e+00
5.222473446470921488e+00
