2.138826112397878276e+01
6.831882238135098540e-01
1.690310486530090195e+00
6.375414391807429082e-01
1.398730518478719098e+00
3.689071456327634446e-01
7.402672812836315064e-01
8.398218353797693991e-01
7.143376832847913027e-01
7.440918386931993922e-01
2.402489073047858470e-01
1.711916713734247808e-01
5.391147923387517027e-01
7.329890892202357566e-01
5.447067277591609580e-01
5.338148199686864048e-01
1.108244554940465365e+00
1.034254011754781821e+00
2.253918539185628678e-01
3.233453601899510810e-01
4.554992358807622987e-01
2.795873150182184158e-02
1.295035659104903647e-01
4.422882838974174224e-01
4.404707038462025159e-01
2.508845747014109007e-01
3.575706457558535667e-01
6.524923139910269176e-01
3.753240962079438386e-02
3.326878395521853937e-01
6.368206354101368927e-01
1.791427359687552956e-01
1.229484524025186432e-01
5.214522686307500043e-01
3.508211948735469599e-01
4.893179086953209356e-01
4.427488864115631251e-01
2.545368575154152158e-01
1.487929932609318162e-01
1.784924668738310238e-01
