4.769930924041399578e+01
2.701865979630630132e+00
5.588784991274152070e+00
4.098539347207853289e+00
4.823793744055521193e-01
1.056786936380878839e+00
7.102674472078817081e-01
1.306725611900606987e+00
2.130424792066306416e+00
5.658313687397154013e-01
1.517606746614585944e-01
1.671752720315341501e+00
1.286041699155787477e+00
4.491246372563092448e-01
7.714243114246658317e-01
1.366689247951336839e+00
2.289089843087304954e-01
3.752086777005435581e-01
1.302681906338146733e+00
3.328469109993625330e-01
3.544049131826484400e-01
3.408670441250530869e-01
1.268416840507893273e-01
4.353468923220086273e-01
2.678573226730097678e-01
4.677453038843683575e-01
4.681170762840439759e-01
3.923605906051841896e-01
4.737843077069731068e-01
8.199513765464271076e-02
6.564130768827122209e-01
3.955514572272090246e-01
1.299685868219770668e-01
5.024817608134732883e-01
2.936303830896613287e-01
4.962558199325763086e-02
4.626180814843457445e-01
3.811056041629770630e-02
1.108593202513559611e-01
3.916583661443066577e-01
