1.001224388272086117e+02
2.870130617742113088e+01
6.863668134967383594e+00
3.713630744008776574e+00
3.222176847375861630e+00
8.000769008431101170e+00
5.393163566787069207e+00
2.967682508069446889e+00
5.774373823920062598e+00
4.336312576108569239e+00
3.376314355531278899e+00
3.936117221502865693e+00
2.300403388056818876e+00
1.887783478266592541e+00
1.613684043485038355e+00
4.455040076401873606e+00
5.602652258871221314e+00
1.865424593689424038e+00
1.661889653031216385e+00
9.451248173117432483e-01
1.171650440597995058e+00
1.319184014173018005e+00
2.705337888516393452e+00
2.651555258594563202e+00
1.881127557572449538e+00
4.025424182422747132e-01
9.316724260376727518e-01
1.394265285854305869e+00
1.582490218790923109e+00
1.100695459229525497e+00
1.412143240095013796e+00
1.239980138611268989e+00
1.877306821889434207e+00
2.691043421623616760e-01
1.362196762025343455e+00
1.763350125459114182e+00
1.777959978715378808e+00
1.401899000215435898e+00
1.047524753375475903e+00
9.482354386597032780e-01
