9.635693893095537987e+01
2.492731434327939866e+01
1.460158629991243018e+01
1.998666477013954434e+01
2.130457999400494273e+01
2.421008785468301028e+01
1.303712299916388950e+01
1.548076688504283105e+01
1.624107175745208309e+01
2.064212834708258271e+01
2.090856391523836422e+01
1.462773550425288960e+01
1.336594745155342956e+01
1.588599628006460485e+01
1.677977121650308945e+01
1.478745296603816684e+01
1.648786471033655943e+01
1.883798298455761966e+01
1.423881996301266817e+01
1.315666387508598589e+01
1.284458204869055287e+01
1.360771211677230852e+01
1.767404390050447205e+01
1.524919204068264555e+01
1.157158731003955054e+01
1.139766539266072165e+01
1.676788751308025383e+01
1.893324311542976801e+01
1.084530417081291809e+01
1.300274546833300704e+01
1.833072363614465772e+01
1.942419788716091844e+01
1.858433371486325925e+01
1.644849663421582875e+01
1.532711429017011717e+01
1.351946759493372063e+01
1.962765772737046532e+01
1.820778854279685888e+01
1.294021859346949732e+01
1.768688236369484557e+01
