4.087447714363678841e+01
4.740374531428984461e+00
2.111884080478428238e+00
3.220199396893801969e-01
4.283206889931274297e+00
2.796130492840894988e+00
8.005482636636583882e-01
2.495298568707142728e+00
7.470703405723085888e-01
1.333290164689661994e+00
1.106623081824026134e+00
2.014254504270311052e+00
1.236039268496761823e+00
8.410568806731884006e-01
2.350207928369810517e+00
3.049721892683991520e+00
1.631478216977668039e+00
1.683057220688019662e+00
1.505595952344007227e+00
1.394481464012957694e+00
1.295104943617249038e+00
1.969575489386750533e+00
1.524068010843633747e+00
1.068959642376717811e+00
1.318109691065244338e+00
2.346500523687047313e-01
6.548374061660948708e-01
1.038441192426543980e+00
2.040801524496528518e+00
9.919317772135191058e-01
9.051650998921435542e-01
7.890985553168257116e-01
1.504002172678691185e+00
8.749266331888291282e-01
1.635982671198725091e+00
8.416667114870012290e-01
1.034081719206791483e+00
1.060484421809829936e+00
1.296305479809176875e+00
7.535971527620232147e-01
