4.086480554496814932e+01
2.359198102838430344e+00
1.191649044272077296e+00
1.628172047730930938e+00
2.932052252279272242e+00
3.192121791065526626e+00
3.905314841237959911e+00
6.032766892212549914e-01
3.279446874214552388e+00
1.133732971013481139e+00
2.596717514192683485e+00
9.297854900127258126e-01
2.221162340304346561e+00
1.895333440593783170e+00
1.966239071887019296e+00
1.782992041156869378e+00
3.699102472878215697e-01
1.791644619724006571e+00
1.006009818679503010e+00
1.484399480611067190e+00
2.923540960870711913e+00
1.401625576125996364e+00
8.998910308969740868e-01
2.388221629103924215e+00
7.417222360373657564e-01
9.690041897105686752e-01
5.785411427346114355e-01
2.560571823053729990e+00
1.984187450613148274e+00
1.902471169638307646e+00
7.476515150254177122e-01
1.456379194491809859e+00
8.458400179763826410e-01
2.798458111051601804e+00
1.343404491158858960e+00
1.506945119714108827e+00
6.543518501990852609e-01
1.283687709374852659e+00
5.939363909032808753e-01
2.110922048434778819e+00
