2.550245474288661285e+02
2.693097420542181908e+01
1.399110900948221925e+01
1.238374483175168983e+01
1.904315148660197465e+01
2.751686191373179113e+01
2.710928441471393668e+01
2.115384113437536584e+01
8.297036219162881920e+00
2.245218458386824878e+01
4.973642526814850306e+00
1.172623116621695338e+01
2.871926297687865670e+01
1.749167320324545472e+01
1.455920412497680871e+01
2.612389903060549301e+00
1.903249981930340695e+01
3.007918348797313257e+01
1.845903150897063227e+01
1.239968423168788014e+01
2.742777014836179195e+00
1.168437790035580903e+01
3.016047132318221458e+01
3.501133738658453609e+01
4.636590393777976438e+00
1.750917457091866192e+00
2.444944380679667262e+01
8.322009820317212814e+00
3.212886500727240957e+01
1.321093476115087384e+01
1.217905078030049459e+01
1.972620658282114547e+01
2.064299836942653243e+01
1.019069666262086038e+01
1.290563431388595461e+01
2.520198973079543592e+01
1.250223784402000327e+01
7.822294508284923786e+00
5.822023612113950364e+00
2.024796437942307037e+01
