3.052926956481187659e+01
1.583889045190557843e+00
7.831749439871490415e-01
1.088945229746143495e+00
1.475114709515496836e+00
2.443780843491129284e-01
1.601146747223733735e+00
1.466184026862292766e+00
1.007377075386672427e+00
1.240255295110641143e+00
5.330633624034812890e-01
3.494750733706352697e-01
4.920991434553192989e-01
2.710138848557242519e-01
5.174573499824489664e-01
3.010627367819113109e-01
3.047406100424922548e-01
3.853238780527662444e-01
2.680015615123352846e-01
2.259293510379632719e-01
3.665558302630476106e-01
5.442475961804273121e-02
1.241163314974906146e-01
6.059046314932622912e-02
1.760856875009468303e-01
2.253286941939377785e-01
1.231662062226160648e-01
2.939130747019060852e-01
1.197677470788252457e-01
1.243599716469736965e-01
5.632272974291985257e-02
1.380146697380629783e-01
7.102406357016283200e-02
1.676909048665462532e-01
5.247182492877645182e-02
9.037027479196339808e-02
1.322503670293151690e-01
8.272113223741894839e-02
1.661172763411735143e-01
3.791223984012632303e-02
