9.662062364787959723e+01
7.660747776714400104e+00
2.027858055764769407e+00
1.083208052496117624e+01
3.586953379688128773e+00
2.303878677643766082e+00
2.411761299284922444e+00
5.838293171110244373e+00
6.798486962864614291e+00
9.086130632448300437e-01
3.992954738958506944e+00
1.102129703500002611e+00
2.623247765420296584e+00
3.049567008477436225e+00
4.133687584670043158e+00
1.953926806251539361e+00
1.405010850546017931e+00
6.428166987962511403e-01
1.745707584994218964e+00
2.906961659732284264e+00
3.706725457480575248e+00
2.847475702728198943e+00
1.089514288468266479e+00
1.545616363786545433e+00
3.035005517830331900e+00
5.059746977109694122e+00
1.684661737145729754e+00
3.416520253408713348e+00
3.197273018460332850e+00
1.081276708856099278e+00
2.054003367419330317e+00
1.398472717442091229e+00
1.829701315712388698e+00
3.478404761151536295e+00
1.200695569901250259e+00
2.682815726349184526e+00
5.122830277537908650e-01
1.752901815838199262e+00
1.259334205374224247e+00
2.270865723368039379e+00
