1.167258501926738319e+02
2.365060658754974732e+00
5.906085569771733823e+00
3.226548890448614149e+00
3.802769529561064843e+00
2.450794961853459686e+00
1.608103486655278580e+00
4.227703260322574152e+00
3.459822757505126578e+00
2.869167120816682459e+00
3.021825813322988274e+00
1.026249104029190118e+00
3.840581449851708573e+00
2.321148643069776529e+00
8.592235247779558271e-01
8.822079665603461684e-01
3.204787918345982423e+00
2.172368742581053613e+00
2.430290111797472008e+00
3.283040746721624714e+00
1.218802966549226152e+00
1.297817951046381924e-01
2.057219872531773852e+00
1.161925978385080382e+00
1.059372607548859868e+00
1.412976624533520242e+00
1.039941440814883045e+00
7.010099941546377167e-01
6.506682613762891920e-01
1.933548900123717607e+00
1.020923167394821363e+00
1.551303465088987421e+00
5.457961507631848841e-01
9.139819725584773513e-01
4.497437613142183932e-01
1.410385900517217905e+00
1.411890181399920285e+00
5.843883814917806285e-01
1.687867613167105540e+00
1.804502837556888339e-01
