1.185016164149129025e+01
4.575387918501206741e+00
3.145785068454250766e+00
1.683877659074685118e+00
7.149862314841255451e-01
1.000693542526788438e+00
7.464307700825573155e-01
2.875661926902761678e-01
3.607403263822337447e-01
1.653195618545695966e+00
6.457223757839536393e-01
3.073457467717812253e-01
6.328291500027121153e-01
7.122973685317333103e-01
7.817015332999156518e-01
6.224954601722959557e-02
1.252396558840767060e-01
8.380560255647278023e-01
1.986462361288754142e-01
6.493907366351584498e-01
8.686076184687413493e-01
2.918349346364732533e-01
8.243295117925946158e-01
8.200074103093607514e-01
8.006734071729488811e-01
1.373529150553062905e+00
9.415130507523510328e-01
5.241924631402932189e-01
8.150034794733441723e-01
1.350245076018228962e+00
1.409249537080586645e+00
1.163038439681483238e+00
1.223226899158655900e+00
6.082602116234884226e-01
4.018544675371768515e-01
3.121022243539519625e-01
8.711403730453434191e-01
7.648648226008545326e-01
3.918851683164338295e-01
9.592851799108060851e-01
