5.684855374438559039e+00
2.203423561495483629e-01
1.527028801434857197e+00
1.277987890985728736e+00
3.630389406293440535e-01
2.177730913139409030e-01
1.832875987772509541e-01
7.103324884247464999e-01
5.992907398234557093e-01
3.481213692193289577e-01
7.276498894928523642e-01
4.075450076988771930e-01
4.835665294837137584e-01
3.328398411137252766e-01
4.040868422823218897e-01
5.050826888373985968e-01
4.164018073295113198e-01
4.689076730571375279e-02
5.730130715659522700e-01
3.047184193337004188e-01
4.234997373461296677e-01
4.315452149778905566e-01
2.916874112487010118e-01
2.263909895866875188e-01
1.936748409627874618e-02
2.129691384475802252e-01
1.740755158467011121e-01
3.301244745691828131e-01
1.602994260762952428e-01
1.956597539470967262e-01
3.263427203768003437e-01
1.828931294132750407e-01
2.816410934142781763e-01
5.658367488122054700e-01
1.890655795556213103e-01
5.687516851444587296e-01
4.414557694539482102e-01
5.450520740970354883e-01
6.241636800951310127e-01
5.256626147666791926e-01
