5.690122068201590722e+00
3.167959100676342454e-01
6.637228687519642900e-01
1.232653789589498866e-01
6.118395921254167202e-01
3.908383742368042868e-01
9.313919219044499709e-01
4.878275359002608447e-01
5.931028983462468540e-01
3.281217459230486022e-01
2.167679769075032403e-01
1.336705395086771886e-01
2.469412396571489532e-01
5.541298348504421212e-02
1.000116448870728980e-01
1.564170591458475257e-01
1.820724201215080107e-01
1.908185489155765913e-01
2.979353328511220519e-02
2.807879645940151714e-01
1.001089835525733607e-01
1.249714558832411004e-01
4.855713468792680065e-02
8.221484492664419066e-03
9.032751588985094005e-02
4.125862608867681552e-02
5.240900449503142072e-02
3.783617134918350333e-02
6.120153875675807265e-02
6.924755164747223302e-02
4.325348339550325050e-02
1.288411984258123200e-01
6.032325240300144553e-02
3.326411072305803657e-02
6.394082569509029756e-02
4.540489330316868632e-02
9.714837658398477183e-02
6.952382792125869071e-02
1.372987400406034675e-01
2.621843210218557582e-02
