2.048135221000261197e+01
5.175192519590820162e+00
1.981709886656486619e+00
2.198230037607025622e+00
1.176829043526570473e+00
5.073832518280715353e-01
2.139765856506619990e+00
4.314018049714497538e-01
8.954139111554163533e-01
1.941079543454411249e+00
8.868673110734440757e-01
1.408546596738888823e+00
1.079106669513305361e+00
9.415816006321083842e-01
1.018553612320518109e+00
1.270560300004783594e+00
2.140668504195654409e-01
1.576653386388678024e+00
1.242685947484311493e+00
2.896656611359033073e-01
7.453945572594468105e-01
7.713699859399707204e-02
9.376041557166895357e-01
9.980330558177716860e-01
1.106303978585892134e+00
5.798806855631004620e-01
2.042888154483422924e-01
8.987160377956980861e-01
4.441347528909299069e-01
3.508781757041700144e-01
3.068239629234114640e-01
3.452966845468240509e-01
3.595033426947753519e-01
1.510912379063634459e-01
1.539714436705879042e-01
5.944782013450171654e-01
4.780231159361914006e-01
9.737036818706373831e-02
2.187198620959412143e-01
3.354663274177728804e-01
