1.108292120344333043e+01
8.500495674418061531e-01
1.976047178678276506e+00
1.704441603773723113e+00
1.143840730861469313e+00
8.531724576399564164e-01
6.856114977402960609e-01
6.250742551286452287e-01
5.090732656284826518e-01
1.714236355421493718e-01
4.640114156101059484e-01
3.313358698817843728e-01
8.090028599986091029e-01
1.170255183844214064e-01
6.489670504322850864e-01
6.147237797469778942e-01
4.474927257051708462e-01
6.261268373754027561e-01
2.888143752691765265e-01
6.517503558921232676e-01
5.164779289999331668e-01
2.329532721614169799e-01
9.485851482724064754e-01
4.228895757465999661e-01
4.172260990007177206e-01
5.926603643888472828e-01
9.047524728239886294e-02
2.875586600981052121e-01
3.552562208601405258e-01
2.063011138565912506e-01
9.356745397932927921e-02
1.896307535658016408e-01
1.821688495827951393e-01
1.185601838541122388e-01
1.785289175420221308e-01
1.552410980030561327e-01
1.621255859254152609e-01
2.727781146006406088e-01
1.455073796266367903e-01
1.363269370841756478e-01
