1.731483091688972564e+01
7.595542461673008283e-01
2.623142134287627769e+00
2.382562358161758098e+00
2.779102847677120125e-01
9.407427993662529353e-01
3.925537781176552943e-01
1.253020456937816052e+00
2.219907371025839016e+00
6.879660721330599360e-01
2.319415716130558636e+00
1.329741962521717946e+00
1.296391138692095657e+00
1.887824483302026790e+00
6.719706267831849766e-01
1.377323248699680480e+00
1.374208002119009731e+00
1.170299003259946957e+00
1.569037572844976358e+00
4.975133178567923697e-01
1.003517386674814604e+00
8.560625574860619702e-01
1.668226359225203348e+00
1.097219215438580697e+00
7.704686726075349323e-01
4.292090455619338440e-01
1.596119550060569825e+00
1.240018462559031143e+00
1.064662291146747375e+00
1.921494225300372172e+00
2.385828474547682543e+00
1.187543362399657187e+00
2.538225893999703775e+00
9.819888452465233009e-01
1.033830637961576926e+00
9.208250880856670983e-01
8.579812460703566401e-01
1.242990280829931793e+00
9.298822580006725902e-01
1.042168915558617570e+00
