2.212328868331780285e+01
6.953192276947667949e+00
2.537237636241464589e+00
8.459457452317173942e-01
2.668919298805065843e+00
2.233623066267482304e+00
1.056976079808496616e+00
1.115469495497820152e+00
4.788028642366830012e-01
2.463009788173807113e+00
1.460386405427253509e+00
1.130853974047894450e+00
1.828207127736790616e+00
1.038972000136246354e+00
2.754088574806432543e-01
1.451608236375510286e+00
4.030609043891582588e-01
1.251397727928804438e+00
1.297088806816998785e+00
2.548610433086194171e-01
7.305016110344083602e-01
5.473332457277284568e-01
7.545149164685388543e-01
6.017083953317152734e-01
3.466462889690909432e-01
4.214384071124722686e-01
4.533393573468099680e-01
6.505745748758184899e-01
2.959698819870030251e-01
1.116519548349961949e-01
2.503991259868412200e-01
3.282064248691051733e-01
6.973509261612621524e-01
2.821604048241566631e-01
2.518099164585870797e-01
2.786170419056832603e-01
6.418730310108708981e-01
2.077200259175756014e-01
5.339673562530902196e-01
3.043662398772113420e-01
