3.133110259619514082e+01
3.979654935521909298e+00
2.497337129448214288e+00
1.750465040585474030e+00
3.030413817687629408e+00
4.238564894929925941e+00
1.536772109723517632e+00
1.294140718178884653e+00
2.877014065386311881e-01
1.734292710325429532e+00
3.064096072810157168e+00
3.183524548410684663e+00
9.762596012771869169e-01
3.341033024188758471e+00
5.219610380698807006e-01
1.674366340305124989e+00
2.644820592451068375e+00
2.197395792605891796e+00
2.406542929419506649e+00
2.668994533419938864e-01
1.295101786251608766e+00
1.599321625950121062e+00
5.828699773775262161e-01
1.974837041759179623e+00
6.785328719843412015e-01
1.799962990584620837e+00
7.598233302369321596e-01
1.630597943783253845e+00
1.323554557752567806e+00
9.534223198634168561e-01
5.287218194156234619e-01
1.168582519294672384e+00
1.478193890482956130e+00
1.507853529110831037e+00
1.560026936355812577e+00
1.624025953802535449e+00
8.309839395232120340e-01
1.024005042658621578e+00
1.716204392477450158e+00
1.771114642646224535e+00
