3.241309564600841409e+00
2.302002620173692615e-01
1.707830516702899815e-01
2.833948225744888361e-01
7.433872545364699214e-01
3.860179164214975756e-01
1.382177025804773307e-01
3.204549134745092731e-01
2.486690872531535923e-01
2.662077772049616375e-01
1.742263004580053287e-01
1.462990332174345376e-01
1.385074802075819678e-01
1.259679730615695936e-01
2.282507378826041933e-01
7.141483152499734921e-02
8.092206992965397805e-02
1.564721704486236598e-01
9.575470708632674577e-02
1.381822782036053188e-01
7.013752278272424034e-02
7.387914729310908479e-02
5.996208647277594811e-02
9.445844629485826427e-03
1.213685454603082997e-01
9.714470821259704736e-02
1.251950635350296548e-01
7.648124088864950709e-02
6.215824380597224225e-02
2.197997570010804258e-01
8.973369901907539414e-02
1.477240619419177559e-01
7.547876884293590327e-02
7.918076108720992212e-02
9.879252884171438320e-02
8.747250798039601927e-02
1.480510519581261786e-01
1.695906319464640655e-01
1.801100450168542644e-01
1.463462477914510007e-01
