7.916126682215789856e+00
2.808444536851966156e+00
1.098623606691508714e+00
1.600688471096747834e-01
1.204754802543268388e+00
5.584147224137878673e-01
3.401688929260546224e-02
7.184219435136190990e-01
3.587785571882150526e-01
3.494362193774963599e-01
5.654779081197642832e-01
4.181242529608248937e-01
3.051360957970018495e-01
4.705273980050897475e-01
5.565650733985707532e-01
4.021015817102416845e-01
2.513950584690358703e-01
5.253773979524901661e-01
4.227929470173151238e-01
6.519013952115587651e-01
4.184716501987505444e-01
2.395160563294093936e-01
5.274290132112113838e-01
6.416547719068297351e-01
2.467143425492565600e-01
2.516848649611578281e-01
5.810946012326664301e-01
3.276565888545066585e-01
1.310366016016316637e-01
1.229757390822305702e-01
1.344767938062307322e-01
6.419793216193989127e-02
2.057394071980620243e-01
1.496282917967999282e-01
3.725213281292845124e-01
1.675859006692331787e-01
2.590847270079868828e-02
2.528059048500967965e-01
2.682114937136675925e-01
6.162430614257186079e-02
