3.669709512044580180e+00
2.397261022794965335e-01
7.277942413829976420e-01
2.611649292633688724e-01
2.874130908109805427e-01
4.090098395234604833e-01
4.442587727685158305e-01
2.069093424205896148e-01
2.490798467997511478e-01
4.002739934440971981e-01
2.208352491531363204e-01
1.966855309876700819e-01
4.963027870746061776e-02
2.276633432883396757e-01
5.646348041872355922e-02
1.354389393483531878e-01
5.174411754036734729e-02
3.453074212466453186e-02
4.274759659789812566e-02
1.093551966731507175e-01
1.071349657825929197e-01
6.744134336633121618e-02
4.523857047024314876e-02
6.284839420907582797e-02
7.341900990821091655e-02
1.107058706145369609e-01
5.974384784262705417e-02
8.775345393073957778e-02
5.243438524077985441e-02
1.915789226531446413e-02
4.249434575662881103e-02
4.478483491583627046e-02
6.685274740204166788e-02
5.981722211323570182e-02
2.558867251734985027e-02
4.600747172233190380e-02
5.268346227516351385e-03
5.413695994309996457e-02
7.133856631807077020e-02
4.818598558572321361e-02
