3.360156277469209130e+01
7.931482202724409181e-01
1.036532820432196189e+00
5.239118673804129545e-01
1.286830972675245155e+00
2.520467649442090785e+00
3.580227759337369697e+00
7.829778840381499405e-01
7.325932183219405758e-01
2.329829132456509466e+00
2.127913317448922204e+00
9.685315001373254740e-01
1.337181798973546387e+00
3.037995235434012842e-01
2.485632980871022468e+00
2.268619587225151335e+00
2.144210935715397781e+00
1.444196497133154455e+00
1.465691398017061831e+00
1.191788938993146862e+00
1.860042456756890727e+00
2.606622628201952452e+00
1.314399167938351765e+00
5.392914508112900407e-01
1.878687145032429839e+00
2.177557836308262385e+00
1.756774103226922623e+00
7.033539657149463498e-01
1.113978451027093586e+00
1.627603713038830113e+00
2.207818527423746957e+00
2.073276326090497612e+00
9.524611870098978472e-02
8.678615163894136675e-01
1.307995899173730603e+00
2.412259275843015249e+00
1.485135625315286756e+00
1.061191366670204639e+00
7.063803294446560077e-01
1.763226331362722332e+00
