1.440075762946556459e+01
1.925572901414271676e-01
1.950261776447893558e-01
1.530716927813549344e-01
1.347728908414559668e-01
2.632576583599092745e-01
6.848331940532265127e-01
3.714710388646721984e-01
2.284584491921627381e-01
4.306179833420133996e-01
3.188110305081310880e-01
2.819952859268438639e-01
1.275317013535836319e-01
2.738830920973229777e-01
5.253648098167487124e-01
2.855364775216627238e-01
1.918329753273832761e-01
4.024544506772244623e-01
2.221124667106702810e-01
4.033956200168143380e-01
3.893834023481852480e-01
2.078385436444631085e-01
1.576931084998696719e-01
2.929436774235518737e-01
3.869375937847954749e-01
1.031588205957276322e-01
2.116175129104451991e-01
3.975871175759415066e-01
1.326787187593805595e-01
2.650027717350967871e-01
3.493896126672971780e-01
2.199983591246493508e-01
1.704933952168650180e-01
2.578055449574132019e-01
1.864398164729174356e-01
2.227969445701678125e-02
1.220523616098461162e-01
2.418908495941670955e-01
1.457253215392926293e-01
1.177547735260656703e-01
