4.781584513870983599e+00
2.700584921586449694e-01
3.886653681621393686e-01
5.027663609072033912e-01
4.642474039903724536e-01
4.945386213124449148e-01
1.769392570307443679e-01
7.556379442661140811e-01
3.490790414474077008e-01
1.147166937157003824e-01
2.534168293794348825e-01
4.486136982513912880e-02
6.768488529614599680e-02
2.880019667109163239e-01
1.137528236212554111e-01
1.501334673975628919e-01
2.944667005345706981e-02
5.406698679492331211e-02
1.467424481466819974e-01
1.275267024086717826e-01
2.144642225804165026e-01
1.109284612140280651e-01
1.565164448210113468e-01
6.392817331250175150e-02
8.341448200115943179e-02
1.081047017316908582e-01
6.744909475694148282e-02
6.941297035528208592e-02
3.033925311197080074e-02
5.284873454295078987e-02
4.873409082047924085e-02
1.730532964461465109e-02
1.034147988541702923e-01
1.095376434320909365e-01
5.978566433916134709e-02
4.267694454513855373e-02
4.456863118261385898e-02
3.729317918472283694e-02
4.943772332637750601e-03
3.913697881459685807e-02
