2.397960536000278253e+01
1.259181812280280965e+01
1.078311493109633190e+01
8.414848162625245820e+00
5.740082688149106716e+00
6.439055708688682600e+00
4.365189164763885188e+00
3.976729301790563387e+00
4.365022066288669400e+00
2.364147213118618307e+00
3.115799903742328070e+00
1.470914409609062723e+00
1.813039402193589833e+00
3.207709301869306362e+00
1.968182001317382745e+00
2.544671704332823747e+00
1.907957025989483579e+00
2.355984985972454204e+00
3.727454788727141644e+00
1.768366513357385594e+00
2.574817579070460827e+00
1.958862599372433122e+00
1.099029226039309082e+00
1.627056437618269014e+00
1.099728820132211071e+00
4.111033144628997160e-01
1.939645782547705366e+00
1.329090770922789710e+00
2.182600375990165098e+00
2.994271092341801221e+00
1.337818891190938997e+00
3.151332154889376014e+00
2.065944421520196528e+00
3.029010016321391330e+00
3.075670095846027685e+00
9.291789471626015207e-01
2.191519226666321707e+00
5.868738700892807136e-01
1.499901106936869732e+00
1.261509690574191378e+00
