4.328954045765415870e+00
1.224453523435782953e+00
7.755754173590442280e-01
6.354592758778696560e-01
7.540403891638102207e-01
5.333617812719126938e-01
9.231190044030473940e-02
3.227054436753535871e-01
1.029213393059104531e+00
6.592720688378189697e-01
2.903140292044423254e-01
2.334375897039480119e-01
3.865615322352197736e-01
5.236413184041375235e-01
3.747477153354154544e-01
3.229743121331365985e-01
2.745235323385013526e-01
3.605186203067741735e-01
1.690435445922044699e-01
2.958792011682724321e-01
4.186829627407561705e-01
4.924714512396597965e-01
5.519775069320739247e-01
1.833235777589016235e-01
2.944690964045034720e-01
4.881008203314448624e-01
6.623585170646694165e-01
5.165228433809512243e-01
5.318431576936997196e-01
2.546961490397179340e-01
1.706834339366591347e-01
1.343549714042369669e-01
4.321275200023250163e-01
5.836524427572941098e-01
4.966611704376413527e-01
1.297017718743611603e-01
2.011728762739262155e-01
6.239357426686765323e-02
2.606341438251374987e-01
3.816850115428606083e-01
