8.219390134770579337e+00
2.381829497453532785e+00
4.122424964053342245e-01
4.942009073855973544e-01
5.996503167334887169e-02
1.124648527687715172e+00
3.591840141343831116e-01
4.565196067120034229e-01
5.845151540219317710e-01
2.714833600584357631e-01
4.333541581915543728e-01
1.457733819020324562e-01
3.505641658688682938e-01
5.110724310568909301e-01
5.671802479216688786e-01
2.247284947367463592e-01
1.508432482176962353e-01
5.515179534466804201e-01
6.899175974554750956e-01
6.427611419025034412e-01
4.247812823575353725e-01
4.379693444860167650e-01
2.815064145023752351e-01
2.916272963816640695e-01
2.885620103157660044e-01
3.033015187516771016e-01
4.454995016624006543e-01
2.427829859534495482e-01
2.836777434968935641e-01
1.913156652792415702e-01
3.446410049318517355e-01
3.192447118615632240e-01
2.253917660746315998e-01
2.934792887128103156e-01
3.155747332765384550e-01
2.417051802578255582e-01
4.375577493645977922e-01
1.929584100847850647e-01
4.263348988550745844e-01
3.520928073571652495e-01
