2.442428056967501604e+01
6.008731860207709552e+00
1.957899297326048949e+00
2.847198195729637060e+00
2.249132920254385049e+00
1.038222252751024088e+00
1.684507530883354365e+00
1.826946525970526869e+00
1.899388719723873742e-01
2.200285487719628730e+00
3.566039059272582357e+00
2.998912678256012487e+00
1.292650054809079574e+00
1.089719737854562887e+00
1.288802880762507375e+00
2.789862731636920667e+00
3.089381230050416427e+00
2.133332064137061668e+00
1.275720822001357391e+00
2.716183212899655253e+00
2.991108976984259815e+00
4.454575867939081224e-01
1.656136479828501651e+00
1.643609999008951661e+00
1.336714856371961746e+00
1.700923648167792290e+00
2.989957815650545747e+00
8.401868894264460375e-01
2.520047948527958770e+00
1.978129022514558022e+00
1.530534233136968902e+00
1.658207706645265844e+00
2.242433792025320560e+00
8.035747545698201932e-01
3.327818525125609828e+00
3.439560053953338414e+00
1.284888404208477830e+00
1.472168776977647697e+00
2.618646267558441654e+00
1.976160798623157078e+00
