1.496654184868753390e+01
9.922219117811046374e-01
1.268399787459482952e-01
8.540275410778394027e-01
7.024510307732436676e-01
8.848164854728020057e-01
1.392597737809492031e+00
1.803544388755635719e-01
6.034751489814990100e-01
4.154703029558420857e-01
2.493758455340749913e-01
3.464727411846126870e-01
2.394380399049539643e-01
2.198392141135604994e-01
5.120155776595118891e-01
2.462082727973979868e-01
3.470723436241879845e-01
4.073675018131219239e-01
1.430898246296061493e-01
2.660771122084247819e-01
2.068115550565377825e-01
1.284576386913073021e-01
7.380603594404820667e-02
2.265760967220759314e-01
9.381228236106871343e-02
6.275815432087601675e-02
6.142579853306926602e-02
2.246948524881056120e-01
9.225494452759494535e-02
4.930446375520650126e-02
5.798433956871312800e-02
9.450516605837852580e-02
7.791362785353374287e-02
6.684528084256999292e-02
2.018853715535001356e-02
3.614284814463666895e-02
1.096551201483871030e-01
1.205077812928977005e-01
3.316557857197221376e-02
9.448451732040499818e-02
