4.964097555457161093e+01
1.609131840072393516e+01
7.801226995218312865e+00
3.639792377126215062e+00
3.616536901963210315e+00
2.205550822345597517e+00
3.045382476176692776e+00
4.964767450341187605e+00
3.771716386909977015e+00
4.069553112485517765e+00
1.648531039489106398e+00
1.443938241053362548e+00
3.293566387307210963e+00
4.916252875139585754e+00
3.135583109048745598e+00
4.450549074809934780e+00
2.651283391687722535e+00
1.655227475745636001e+00
2.329408803901705127e+00
2.991811762576702893e+00
3.687008957700590894e+00
3.343505648861475166e+00
2.873517984949098825e+00
9.847054177063159219e-01
6.528681821237681815e-01
1.726779311577217646e+00
8.188383380920526422e-01
7.802787642596907824e-01
8.541039577442507413e-01
1.396641962515983160e+00
2.250514171016986253e+00
1.842911874171133446e+00
1.390886819067519209e+00
1.620265124058892336e+00
2.136408015199898980e+00
1.832041940859194806e+00
2.037084311352995947e+00
1.994857170882273989e+00
7.332236279064354711e-01
8.740098290194616704e-01
