5.782404411123951604e+01
9.551364143656657646e+00
5.105343354388750754e+00
2.363276916912053327e+00
2.340086006224207260e+00
3.608453204899588318e+00
4.623101082504870618e+00
2.092185804375091163e+00
5.786391105260176637e+00
3.063061607448235968e+00
3.936395384341571546e+00
1.556622262364194764e+00
2.948535769654585526e+00
2.284362366265257016e+00
1.692197998290293270e+00
4.591139137266986303e-01
1.054159282566630162e+00
1.524919304935610675e+00
1.246495790377540436e+00
1.744070142362359022e+00
1.773205259689009772e+00
1.782103682828737989e+00
1.598301458551994347e+00
1.262873053983482263e+00
1.555604074155238159e+00
1.206149518752347882e+00
1.389526774406032672e+00
1.933707293770939417e+00
1.233791217407220087e+00
1.545467900806398509e+00
1.240634417931055555e+00
2.360483000932739550e+00
1.224548682369277497e+00
8.144146306582085160e-01
7.047601578835765990e-01
1.411708023425711223e-01
4.364147684476608058e-01
3.205335579251231692e-01
6.056515194238297761e-01
1.655934244137083899e-01
