4.473107508243742814e+01
1.915554455320396698e+01
1.528682374624892581e+01
1.774753246814769625e+01
1.775651006345673366e+01
1.541774020817067026e+01
1.363086527739397091e+01
1.226243478450229674e+01
9.970690521082435254e+00
1.043109287728963253e+01
1.121931842108335786e+01
7.147002373064036185e+00
8.262049875357359241e+00
9.280480627468204347e+00
1.037145231499870413e+01
9.106839705020039588e+00
6.551242109061916175e+00
1.127599495837264598e+01
1.136124293676287955e+01
7.919200366928333068e+00
7.528350533745707729e+00
7.475564499500063853e+00
7.625224297241324223e+00
4.778144743506337555e+00
5.939985670385889094e+00
7.676766077220502638e+00
6.170759304781558541e+00
9.135964809202061332e+00
8.978563602849616743e+00
9.332624303443745717e+00
1.121541089794371970e+01
1.444736247330470391e+01
1.438003323401880351e+01
1.124492723453604270e+01
1.409369183594594865e+01
1.508553656410478894e+01
1.452163520680402087e+01
1.306641738960761323e+01
1.400108362102313286e+01
1.432672095529681933e+01
