1.961738259050351729e+01
4.252109540099104912e+00
2.368333962832500195e+00
9.060341145392434292e-01
1.255232379354395578e+00
1.311992857366160781e+00
6.580225710587320753e-01
8.400574423169037130e-01
5.612897942479720959e-01
7.153393043350029235e-01
1.119114741122737566e+00
8.429237207151107913e-01
6.993726279566294668e-01
1.043234507155679669e+00
9.574097332730497900e-01
2.715823478554167947e-01
3.466824549656331578e-01
4.492950206284471726e-01
8.834535423349857419e-01
1.038002749345374509e+00
6.025418352478184580e-01
1.028178409398522453e+00
6.846667686851479750e-01
8.895162505323988000e-01
6.750011209128046197e-01
4.730242877850707739e-01
5.866777679737442686e-01
5.476684820971582379e-01
3.807647925860912497e-01
6.478014482706534460e-01
3.737403678691198494e-01
5.357167937742011166e-01
9.748576992661264207e-01
3.270042695784894926e-01
9.565157080068936724e-01
6.568511957656160138e-01
2.943052885287889553e-01
3.567624419233270672e-01
4.528143901224759293e-01
3.709315537691058595e-01
