1.807627966986368762e+01
2.575571129109332613e+00
2.881812067073238559e+00
1.050802008012967637e+00
7.352151159234843192e-01
1.130331769191466496e+00
8.704308246529187665e-01
1.820010964820717669e+00
1.661456340154074063e+00
1.041858262726694129e+00
1.267421893924421950e+00
1.055271489535592133e+00
7.347776817954054795e-01
1.552362739662190849e+00
2.264073741863627531e-01
2.415618128219422456e+00
2.438452761041782324e+00
9.276413628938725564e-01
2.016872397949561968e+00
5.817777722606510826e-01
1.025387478560567889e+00
1.712490033697316782e+00
5.248552068647772684e-01
2.085321225321751015e+00
1.597386502528477470e+00
9.767008685287432712e-01
1.905670786418175000e+00
6.166594080740275263e-01
1.792694930734752834e+00
9.769642102404982875e-01
9.598726552741491114e-01
2.936488265455485802e+00
9.426561262271214714e-01
1.677399443918752731e+00
1.633897602281785044e+00
2.090637196673609255e-01
1.486787476276958841e+00
1.471840243269981530e+00
1.041575467665619703e+00
3.136369543521948078e+00
