1.963795538175765287e+01
1.618762048310338875e+00
1.893408995327922950e+00
2.317366438674850038e+00
1.897353726758998493e-01
9.060841524918176182e-01
1.221299734846794438e+00
4.516714822080002412e-01
4.542438486558403876e-01
4.074206158405325739e-01
8.018657736668196589e-01
7.005608282260141761e-01
5.606918365750972466e-01
2.240899712507481434e-01
2.267345223682882827e-01
3.552782948937084906e-01
7.507051977328660364e-02
3.307567955884992417e-01
2.127840121768181381e-01
2.085983308990537743e-01
3.578821826147569607e-01
5.366964434213378210e-02
2.296456544757984608e-01
6.604260929631142196e-02
7.650321267553242266e-02
6.925852724444261921e-02
8.731262572093402563e-02
1.315086189793576443e-01
1.609554051316462453e-01
2.918306197053149864e-02
6.058437937737658902e-02
2.890832218491858757e-02
1.256689888722105353e-01
6.228802639179561312e-02
3.365352009273710893e-02
1.080220307338163183e-01
6.901276002209433269e-02
1.028077969424828347e-01
9.485900398586365190e-02
1.236314652375445772e-01
