3.467770852090332312e+01
1.282559524441735910e+01
5.440662685781906482e+00
8.541152639584247197e+00
9.676871370608742140e+00
6.103907834231062424e+00
3.050058777284224032e+00
7.504112307549302141e-01
3.624892929555732835e+00
3.202583530042419468e+00
3.344837803946458354e+00
3.032687864091633045e+00
4.406805833775663817e-01
1.562729584714174225e+00
3.895590463471112930e+00
3.056095142345356397e+00
2.507768469507123399e+00
1.076375166939951278e+00
2.361181584523131427e+00
2.532003354223827163e+00
1.498406140273500942e+00
1.088214196771464914e+00
1.918358817224271817e+00
1.552849464204791641e+00
1.003222402212923470e+00
2.011261539702307033e+00
1.871028558573742062e+00
2.341658258453394037e+00
2.373142520864084837e+00
2.992041558392193323e+00
3.006093652902312563e+00
2.672848729898538611e+00
2.586611117445347663e+00
3.076968516174692692e+00
2.893847401883899995e+00
2.491297977590388957e+00
1.392380315410026048e+00
1.648638255355164617e+00
1.810650180234228968e+00
2.525917817049255554e+00
