5.936130456034773317e+01
1.892324619711256872e+01
1.931804392551610050e+01
1.501613773490604054e+01
5.408167097894890141e+00
9.656004753642889682e+00
2.680288411403116910e+00
6.287323651053591256e+00
6.138641848381730881e+00
1.190744344903488461e+00
3.958722171957546720e+00
2.252507952464230190e+00
3.070430852940371214e+00
2.209894482135466909e+00
1.324850020482483126e+00
2.467019253571502535e+00
1.207764080633073056e-01
4.119517005987471059e+00
2.134507762194263858e+00
1.484188582661771560e+00
3.001280247790369504e+00
2.906936047484516283e+00
2.469580999553726119e+00
1.821257981633459755e+00
9.569823147736759017e-01
2.577368100542544838e+00
2.443605634966307338e+00
9.416816755052902499e-01
1.917521613563786698e+00
2.903610099479770223e+00
2.270741774856409823e+00
1.808992589645642246e+00
1.225410507257649551e+00
2.046042347857809640e-01
1.006122323292770293e+00
2.088778014912795467e+00
2.065753723690710864e+00
3.869286643586435481e+00
1.582275599217398465e+00
7.223879119333170840e-01
