5.818929228309202983e+01
4.640673540662461072e+00
6.586902388926371366e+00
8.821712883146718198e+00
9.343933802747191875e-01
3.995203006196574425e+00
6.074013220431655924e+00
5.902409298482364619e+00
1.146778765075015194e+01
9.030800258587291296e+00
4.794859918097681195e+00
5.290299728030907644e+00
2.087564438388509913e+00
6.094229496978288196e+00
7.577791093832171754e+00
5.676755300084661116e+00
1.051499297377529807e+01
7.105714208362768680e+00
3.932782135166267512e+00
4.157627432899447584e+00
1.720426813621416251e+00
6.864170737128041822e+00
6.270326736655479571e+00
6.290397694459096023e+00
7.518721547772772240e+00
6.295955833986533356e+00
3.195456391380136374e+00
5.014455361243618015e+00
3.155215756115869574e+00
7.072735696338045663e+00
6.776556456156233921e+00
4.718115987671892775e+00
5.201217983347504514e+00
4.657967420937823455e+00
3.074677654861162068e+00
4.445514149900537504e+00
2.737549720428716249e+00
4.525313779836961814e+00
4.493621406356094639e+00
4.672734862084744201e+00
