7.288041896804546127e+01
1.271494125000650577e+01
6.230671623659071123e+00
1.828839121598165107e+01
1.400073334988269380e+01
1.481095743479207982e+01
1.572152807048637868e+01
1.364406153804247523e+01
2.722726412262160167e+00
9.573580842499453070e+00
9.159482376342559462e+00
3.242365418928261356e+00
4.600168458231843616e+00
1.052716292812961640e+01
5.960677449715794829e+00
6.108908162652913809e+00
7.370897637889840759e+00
6.130683148910923030e+00
3.541982801075770126e+00
1.107092567118862014e+01
6.170566994324675925e+00
3.316169345525597834e+00
5.873616722270460500e+00
8.877668588803969030e+00
1.148624611938404039e+00
7.964022979531901747e+00
7.552769143347584091e+00
3.717119981030134301e+00
6.533550670539304051e+00
6.450805163952032295e+00
2.759215113429957622e+00
4.424305302510886051e+00
8.420691224341666725e+00
3.156487032421773975e+00
4.673775347309835126e+00
7.175049473305502801e+00
5.357428261692283478e+00
4.624277120883698800e+00
5.606052096982786281e+00
5.172478472756658618e+00
