7.186237255813011870e+01
1.496130121385498057e+01
5.522815119113769100e+00
5.903274698101102835e+00
7.261680410043465095e+00
5.407081369955395900e+00
3.719259215417391129e+00
7.610904694976767360e+00
4.656655450308905486e+00
7.951668716076937926e+00
4.605718211722520827e+00
5.629363337595803429e+00
3.638164133247757892e+00
4.836995629973352528e+00
4.306581075209747311e+00
4.819825485526105346e+00
6.413590997350666179e+00
1.937993720937931874e+00
3.763054052931187332e+00
5.442345446166142686e+00
5.281185712260200837e+00
4.808379527028374234e+00
5.490453722254983404e+00
8.195719399404962857e+00
7.116006130829630294e+00
5.530642474871135583e+00
5.439544530401094313e+00
4.432452896769134121e+00
5.639111858543403244e+00
5.277025220806707217e+00
5.526619564950364882e+00
5.784766158722655760e+00
5.524774309847904519e+00
5.751292242953775613e+00
5.091311884894637707e+00
5.228388670352471124e+00
5.633576287900625701e+00
5.711484363448793289e+00
4.487622665839992919e+00
4.890202230261517791e+00
