8.170779565854073212e+01
1.528005340224983399e+01
4.489611691141143446e+00
7.773937375281906093e+00
4.376482658618802368e+00
2.924113026296898177e+00
5.431436691777680181e+00
3.026999000464825507e+00
3.656774677898557702e+00
3.614574872133262673e+00
1.170384149142404295e+00
5.068929757132017322e+00
2.307658203800264651e+00
4.181447380270558511e+00
2.328695849127476958e+00
6.359643967879932136e-01
4.038200319791413584e+00
2.579647011682371982e+00
2.936021216412137758e+00
9.405497205031846386e-01
1.406053165849707076e+00
1.712529784300483637e+00
2.126485645695296522e+00
4.188650799454800566e-01
3.197292191566833530e+00
3.151142299929216684e+00
3.380306323181998085e+00
3.042942820072556565e+00
2.924095811679026991e+00
2.710098920744516526e+00
1.744089492254253138e+00
3.108492008487419689e+00
3.123280348540616647e+00
3.774270938562675148e+00
3.757345386048936309e+00
1.907992708705638973e+00
3.585043556640155060e+00
3.705804887163089756e+00
3.307284164814143335e+00
3.518399625195618885e+00
