2.734212425608061281e+01
1.879332007646831837e+00
3.542419742076382772e+00
1.825003309041437038e+00
2.540507503335809769e+00
8.346165838061677666e-01
1.455839405233818051e-01
1.964138373845313978e+00
1.070936098972200989e+00
9.333534292368250718e-01
1.198704151390712624e+00
1.527379038517770793e+00
3.813527955905175459e-01
1.117692465449911188e+00
7.822294607578841319e-01
2.646537787574184675e-01
7.560296792729247484e-01
9.357639158601771534e-01
5.586339741113808266e-01
7.724892190296660521e-01
1.040241013541967963e+00
3.918863832102358336e-01
4.015754359311323185e-01
1.018732878164890110e+00
6.875532195612599207e-01
5.313656487080877788e-01
5.031391330276714369e-01
2.764947012100145152e-01
5.479002855797487914e-01
2.521232339249986909e-01
7.192401301024705651e-01
1.714248020789385374e-01
2.797303050764263777e-01
4.992389197290935110e-01
2.739824882933033501e-01
2.404696827445965412e-01
3.977427050543539955e-01
6.518352616265858934e-01
5.983589735019816391e-01
8.476839629129806486e-01
