2.050640730826103209e+01
7.959073185819668383e-01
3.351291423988026486e-01
5.269693073547238038e-01
1.189389404646486570e+00
2.030157152237823670e+00
3.290158678694417027e+00
8.801495638566977364e-01
1.105166092474830331e+00
2.452153360627475465e+00
2.001088448918396878e+00
7.821646490593485712e-01
1.468619252723342594e+00
5.169131410045142427e-01
2.657544927362609499e+00
2.332097297322958784e+00
1.878896107051259312e+00
1.462516310979198986e+00
1.259750285605462539e+00
1.552069627735895185e+00
1.918855255912895741e+00
2.481055883875114887e+00
7.978677956843148733e-01
4.505351244682742062e-01
2.104872752554279192e+00
2.181607182926453614e+00
1.362239640017322229e+00
7.524360553667142071e-01
7.900293199787157272e-01
1.927089776413917654e+00
2.315452123092064607e+00
1.875834217238787627e+00
1.898925878381317600e-01
6.225008947283773297e-01
1.697008226724785018e+00
2.461305066922601092e+00
1.411360175016756813e+00
1.177048916166147263e+00
9.473918815363501222e-01
2.028028438272534650e+00
