3.844880595417936320e+01
8.948862746287849390e+00
7.339003935083561636e+00
6.584366196534168658e+00
1.087700938981001642e+01
5.820729448685507457e+00
5.891851325924792881e+00
8.844276389888955592e+00
9.417201234243149699e+00
5.504304252036899214e+00
6.169021457640536887e+00
8.079535156128436313e+00
4.577492500894829064e+00
5.491251133996064127e+00
6.726303490966841991e+00
7.703555861708276886e+00
4.423153176903740658e+00
7.258616282119375818e+00
9.410996004606658971e+00
7.898250426822080783e+00
4.756525232427093464e+00
5.914459608566857263e+00
7.303773378206092737e+00
3.861846484223543374e+00
5.498794045504670436e+00
7.183218556395959631e+00
7.990763183553568183e+00
3.919422036564319090e+00
4.986773148176992798e+00
7.855547449432911833e+00
6.151520409587635463e+00
1.775018203872744449e+00
5.825868365104283519e+00
6.103316324110963365e+00
5.733493301809367004e+00
4.488732524094501741e+00
7.460500866382913543e+00
7.593906709277728595e+00
5.244848062034103364e+00
3.889656698757179676e+00
