1.110933997374009579e+02
8.670238430429140664e+00
1.310930357407661440e+01
7.504127099619165797e+00
1.135628306060003645e+01
1.316300741112333661e+01
9.039809729869764610e+00
1.424285293143075748e+01
8.564816066289303365e+00
1.607754419997517914e+01
6.555294703293315983e+00
1.034661638163027320e+01
1.311460201336556430e+01
1.134582149811700624e+01
1.072228133756034651e+01
1.112112816799162118e+01
1.094777531567527795e+01
1.125295219197504437e+01
1.294245278088470918e+01
6.883737979891310310e+00
1.511212957397386347e+01
6.893377981736796833e+00
1.337129735835595312e+01
6.518273832811591895e+00
1.140557559885262684e+01
9.327709131010923471e+00
9.141851604338418369e+00
1.224677832237676611e+01
6.816336609046626194e+00
1.309767092234537600e+01
5.106108215720914778e+00
1.401120514636847858e+01
6.403503326609897073e+00
1.196175819271944363e+01
9.670423867313630240e+00
8.079245912641917826e+00
1.047489166351411427e+01
8.324403014792734368e+00
1.497681223797786032e+01
5.351311769791311512e+00
