5.981564540307057598e+01
5.719466310521905683e+00
3.509436663893852781e+00
4.825872808454393592e+00
1.836463068891242223e+00
3.141989454893747702e+00
3.397963019946602881e+00
1.544429118752463026e+00
4.029205519675483238e+00
2.232764551625737948e+00
3.932987544708952843e+00
3.635960403209915981e+00
2.586378373577518985e+00
5.845012253083781140e+00
3.172235874998660776e+00
1.575946540501119042e+00
3.996255833711388039e+00
4.774507528081234575e+00
3.114804609548949887e+00
5.187570735443678416e+00
5.874991502006475130e+00
4.301357986569614766e+00
5.470111807242314050e+00
1.303065388265028712e+00
3.786044566232945829e+00
3.884765450495455852e+00
2.105795771543303996e+00
2.894993634279084738e+00
4.890941798132096174e+00
3.004526912254461113e+00
4.577606983243978966e+00
1.790678902655679972e+00
1.056143601545546762e+00
4.759833276223772280e+00
2.969196171323052358e+00
2.434481320734751097e+00
4.637856053411895552e+00
3.131877307765656759e+00
4.524556641329249729e+00
3.696447541163332851e+00
