4.676167810394741764e+01
3.822947964407013011e+00
1.218892672124859411e+00
2.812266941663265296e+00
4.482392931942822401e+00
7.369874747079730781e+00
4.365235915519430243e+00
4.222115304410112735e+00
3.018576134784184628e+00
6.627092371901953882e+00
3.405241551325798532e+00
5.645061466970329178e+00
2.464277965567803541e+00
6.679349628098467662e+00
3.601606364111729519e+00
4.397837432705694383e+00
5.022037113008612330e+00
4.397248516046640354e+00
5.592805865890798422e+00
1.918938111649177047e+00
7.985303087894503271e+00
1.946966703922915709e+00
7.165098610106198862e+00
2.185918690820896071e+00
3.062199850326763340e+00
6.839071190149463852e+00
2.784314528659700194e+00
6.866510542386533800e+00
4.094469050200024718e+00
3.865819686833614544e+00
2.281275700949267016e+00
5.262902617943089112e+00
1.597268668854836537e+00
6.268738563486524917e+00
2.430001416253045221e+00
3.488345664999056961e+00
5.093553460118403819e+00
3.783279628188584098e+00
5.739575865794654064e+00
1.381803035602283236e+00
