2.610705152591427236e+01
5.533074843460320302e+00
4.558390888689280551e+00
3.408747893680355467e+00
2.074477542425332999e+00
5.767705765398326356e+00
2.532546856299391358e+00
3.127475526719037280e+00
2.172126549701481668e+00
2.458638139082968799e+00
1.535044893541631650e+00
2.674678633406820882e+00
2.248539622863196641e+00
3.946503311900811939e-01
1.432693622008430756e+00
1.284703106616389423e+00
7.179059012069928247e-01
4.757279794938794604e-01
7.285658284807484675e-01
7.196565688942869743e-01
6.290300306049999568e-01
1.267801370320946974e+00
1.583710076450758786e+00
1.096808146015888052e+00
9.629535869366081524e-01
1.000605807576098849e+00
8.698919229020245503e-01
2.452390191729899360e+00
1.726108581816701015e+00
1.084227450222020828e+00
1.703751516599995908e+00
1.528696671064571300e+00
1.098003908595078792e+00
3.369310038993146572e-02
9.599332553718816774e-01
3.671195563244091242e-01
1.309665345961173122e+00
8.632413942219743230e-01
6.438526119159957428e-01
8.917271751454708406e-01
