5.685244248878022688e+01
7.398916086296993377e+00
1.028608384928025465e+01
9.060265022226394294e+00
7.588360255259427589e+00
9.453233772153915027e+00
1.517581911051830446e+01
2.404047510231980489e+00
8.351090097092143338e+00
5.736011363964268917e+00
4.970189485066762280e+00
7.225273704970595290e+00
3.333880315317426568e+00
5.895055309902505591e+00
6.330717912774951550e+00
1.106798329032744999e+00
8.208430537677244843e+00
4.045726158660070126e+00
3.461084945369116372e+00
7.934341460590854211e+00
2.577468658725007078e+00
1.155194431110149633e+00
3.939691953782534561e+00
4.046356906586975555e+00
2.088693991791807036e+00
5.081655911966833195e+00
4.687430481537363747e+00
6.725334079471738669e+00
8.634207885475786881e+00
3.027591871783728461e+00
8.364758453102973945e+00
1.120223243919703293e+01
3.419447343243760873e+00
1.168570941223395998e+01
6.079866117395198444e+00
7.494784341839983988e+00
9.982136221916409369e+00
4.828506552979475508e+00
8.556800276357492407e+00
1.270575388955004215e+01
