3.140603611975483034e+01
2.401882616051917996e+00
9.349037545609377275e+00
6.954513399156507347e+00
8.982494032652139637e+00
4.313522483738418067e+00
3.704252634444271219e+00
2.443976762857338780e+00
6.525034174368742335e+00
3.218487345965281854e+00
5.154064878515732140e+00
1.528602993338184168e+00
4.813030996037628739e+00
3.781384371444191927e+00
4.064882983908964853e+00
1.692092826276367701e+00
6.878932786238070918e+00
1.028738951555008496e+00
5.502331439287255321e+00
2.068927619380894978e+00
4.004817761342408744e+00
3.086551329844197333e+00
4.119456889029281754e+00
4.838082047026818211e-01
4.210307804749519711e+00
2.673151511319341367e+00
4.989410817449818403e+00
3.020293345415061559e-01
3.859902353256307261e+00
2.098418909322126602e+00
5.509519922548906656e+00
2.708573948743403736e+00
4.799907053810684943e+00
1.621321806204690796e+00
6.305991682560601497e+00
6.714539344429309997e-01
1.553299540871575291e+00
2.066823875881778072e+00
4.514843503803758651e+00
2.013798221015392631e+00
