2.034982083920642282e+01
1.184820279455244396e+01
5.293298776011893025e+00
1.130577842025550783e+00
2.181643426239200600e+00
1.549445516242720755e+00
5.462990192734927142e+00
7.680279583609235239e+00
6.855972690386435531e+00
3.528471534169292489e+00
2.264892802567958885e+00
2.550799496188691062e+00
3.511117599165934688e+00
5.237159608940356037e+00
4.783481354094630156e+00
3.157565246597688446e+00
3.023759073545452924e+00
4.749614456474513524e+00
4.447017680362270298e+00
4.561580973103477987e+00
3.404853923400413152e+00
3.533457380816453330e+00
2.881657820906179612e+00
3.837291099532010197e+00
5.889646947564533441e+00
6.855177719694928840e+00
5.369023519734587246e+00
2.644245257373017743e+00
1.880545678252518504e+00
4.031449217203115332e+00
5.154714527511017330e+00
5.387605770602912791e+00
6.169736958455441567e+00
5.673816464795230274e+00
3.273117915930450650e+00
1.610707202525631709e+00
3.572284166729342569e+00
4.164725111401311075e+00
4.301575969751566753e+00
4.747328120676721497e+00
