5.711072238405730417e+00
2.087488539337904125e+00
1.187736975274206186e+00
2.307862516919938489e+00
1.114454312032471028e+00
2.379812094006247269e-01
8.865256483909431662e-01
4.802653406355400501e-01
5.679034499281131465e-01
6.108079884003053683e-01
1.195780044098734063e+00
2.835742633057599105e-01
1.010033353473945850e+00
1.160769467420598611e+00
5.596967166446709108e-01
7.106956030242116418e-01
1.266423624277489779e+00
7.098915507693903670e-01
6.281547321180444010e-01
5.527560046887611822e-01
6.151477088542629534e-01
5.659624962305312978e-01
1.011497141906873898e+00
7.778069840257723078e-01
4.318124450337496589e-01
9.213951264369972805e-01
1.233153227245619599e+00
4.105249458194151768e-01
9.526714151503917760e-01
1.219966910145953154e+00
7.243689064322692550e-01
5.801189905360226717e-01
1.218606780257373678e+00
9.339289963113215354e-01
5.619928849485619216e-01
9.806756435060940413e-01
9.612907085961306386e-01
6.474049628958983282e-01
1.188187166521397220e+00
9.990811440483754469e-01
