3.213190724944662513e+00
3.738357303131669696e-01
1.764285502849681497e-01
3.051690395631543873e-01
2.332544229619667175e-01
1.181146495996083234e-01
9.216952288286719974e-02
1.816481704790450513e-01
8.737206868090810485e-02
1.178880020930772043e-01
1.817489030924484827e-01
1.748725564178001124e-01
5.625240702396615972e-02
1.330137210444150009e-01
1.313368358156416504e-01
1.143775177770214452e-01
1.607680118674560954e-01
9.884981827328062631e-02
8.623656385600424190e-02
1.703635515835646985e-01
8.733399769208555208e-02
1.270754238324256213e-01
1.732092808774917947e-01
3.735732224118190614e-02
5.383236997079873104e-02
1.330780389814266440e-01
1.248411696934022957e-01
1.872944015257125006e-01
1.408390051694804468e-01
1.721244745024202993e-01
6.548262475725279141e-02
1.409949299155081048e-01
2.348964646454612948e-01
1.766404739083072273e-01
2.120504820325722906e-01
1.536122468424442888e-01
2.220144259084797789e-01
1.388408945788251192e-01
1.938860339052008441e-01
6.835825625508680503e-02
