1.078785278917777823e+01
3.878420174639271245e+00
2.938251818265585680e+00
2.092837834490376636e+00
1.460726158529823016e+00
1.781807350079819052e+00
6.932122033489770407e-01
6.445453214143830323e-01
8.383756254661156593e-01
1.109448416469025617e-01
8.713738266449749803e-01
1.548128486795581127e+00
1.166813492524964246e+00
8.904438545597262999e-01
7.625466770188792376e-01
8.087047646051374050e-01
2.900924934753517093e-01
5.623026023136219465e-01
3.225258575285964158e-01
4.255907445193422012e-01
3.317044077599657359e-01
3.415234753183325478e-01
4.471013376300241871e-01
2.668603533264384264e-01
3.148253708522827377e-01
2.488630964189912920e-01
4.650900341663431747e-02
2.773876042191841806e-01
1.141209960999300110e-01
1.769304005417235148e-01
1.869860378346292762e-01
1.538870559612709465e-01
2.139635319078853071e-01
1.599974527744135455e-01
9.771653806361861594e-02
5.242475076577158416e-02
7.931303849111541460e-02
9.118157588212376374e-02
1.209066541242236892e-01
4.948456077922187141e-02
