1.538268786078907491e+00
2.541512852145940138e-01
1.978900349806175796e-01
3.431130414810119877e-02
9.613001160768588904e-02
1.917315735181159692e-02
1.763229512632416840e-01
7.188491463083761246e-02
1.597209642177348787e-01
6.766784132817528497e-02
9.606507636836318642e-02
1.334158061234608506e-01
7.209269106298145380e-02
7.533963583639763373e-02
3.330501129490914120e-02
7.410212321752474018e-02
1.128314610320123451e-01
1.699581752735594350e-02
3.029240900995590693e-02
8.903267175910581366e-02
1.301365151649750973e-01
1.939703943441350303e-02
5.072894197084937273e-02
1.545626238801521730e-02
2.755807894311532516e-02
3.870876509995483522e-02
1.083314272613946673e-02
3.107290328222925280e-02
8.937714158601565984e-02
4.437031025674207513e-02
3.336829452909002153e-02
5.463518431775035017e-02
8.000113003149655899e-02
9.037608180618132703e-02
6.081967802972236548e-02
2.303867354903199952e-02
6.999301252901700410e-02
3.925901043530934803e-02
4.089507884115966413e-02
7.515608304528660633e-02
