1.329536882111685969e+00
4.569584513051231922e-01
1.206238839918517686e-01
1.873430388767986787e-01
2.127754688302677943e-01
6.128793592698345699e-02
3.985935471373195510e-02
2.573895697781977687e-01
3.739425914244980387e-01
1.989538987957812921e-01
1.309660342638218344e-01
3.826965702010485387e-02
5.879623636048508795e-02
1.291614196094303946e-01
7.506226437402480078e-02
9.992690149978941672e-02
1.619420747658964488e-01
1.549263822453912087e-01
1.218565432647859825e-01
7.853706262887449885e-02
6.039293305410441820e-02
7.193700738006347795e-02
7.021663937501163022e-02
1.694185036785879894e-01
2.338172359131024669e-01
2.027878611948032428e-01
6.702795504752227795e-02
1.384485291130774058e-02
4.165678021398703385e-02
9.739883881333780136e-02
1.835732334021453471e-01
2.310262598741785744e-01
1.732459995185450796e-01
8.192674130630339668e-02
6.650479554938132365e-02
9.911816546792039107e-02
1.218131765935710764e-01
1.612436019018028410e-01
1.964810075554030144e-01
1.082364575226859305e-01
