1.782016747963926662e+01
9.470153176307640308e+00
3.077131370045690151e+00
3.103505596609730244e+00
2.033039307677016350e+00
6.723363046113650654e-01
5.456725580122768759e-01
8.631948046845235867e-01
7.028262079873173196e-01
4.180125724245468133e-01
1.038554926391295652e+00
1.206648353277813834e+00
1.378575675186656246e+00
5.582967099000131217e-01
1.093871640731788775e+00
1.448991281217199667e+00
8.938624497784940504e-01
4.094930363399962303e-01
1.449614625602720253e+00
7.309807215464159125e-01
9.035414820731751950e-01
6.922584176868408212e-01
7.691067184707526261e-01
1.664859502224165233e+00
1.834112265614066706e+00
1.016326303134065911e+00
6.500707187709444668e-01
4.669470798681845669e-01
5.525204503273374312e-01
6.737150845034985958e-01
7.576929756039515462e-01
9.435500922316072403e-01
4.862191042181117639e-01
4.278439153510707471e-01
9.401639355414501686e-01
1.332222928586032307e+00
1.683076333734766949e+00
9.889611805138898148e-01
6.970725049671174789e-01
1.713515168392218513e+00
