1.425904739193334825e+00
2.102154986688749005e-01
1.760047432798317879e-01
7.936618056184627235e-02
4.366776382425407999e-02
7.856439144275063902e-02
3.887698866137462989e-02
7.965232592529027100e-02
1.047410340022069952e-01
1.632330912242214715e-01
4.196344266080218044e-02
4.007119917434530387e-02
6.280136226920307596e-02
4.107471321840706902e-02
1.245095984467945935e-02
7.247066688602626927e-02
6.528633228408113609e-02
1.052561385610900901e-01
7.473848540085546721e-02
3.700066175524030498e-02
1.434308900312590007e-01
5.094826339645652097e-02
1.241207925065182099e-01
9.681869224868594470e-02
3.876457979829699141e-02
9.378678875490416289e-02
2.450405717931419813e-02
4.980810194031382032e-02
2.749331327982228179e-02
3.152015973312965319e-02
4.257692840971386700e-02
1.757716681928491592e-02
3.250303884959922923e-02
5.117984177216113040e-02
2.686292153885238773e-02
3.569068367416445425e-02
1.442923472558846516e-02
1.746557945235774692e-02
5.991397443279457974e-02
1.138483272708656728e-02
