2.439630294667630039e+01
1.102662598475710354e+01
1.926927915070804298e+00
2.770065049581889927e+00
2.493436704760441658e-01
3.437257568935464747e+00
6.977422988972793449e-01
2.559813903767522714e+00
2.730576230386151604e+00
8.962030216004056582e-01
2.638962643353134907e-01
9.422965543039638625e-01
2.453436903649536482e+00
2.144365080999378836e+00
1.011842111618608708e+00
2.541670646879351736e+00
1.908930644159433365e+00
2.981866191435893487e-01
7.071416047069823962e-01
1.613618651951489902e+00
1.318221637954576142e+00
9.641131092739468889e-01
1.448073085266676996e+00
1.525967773476544220e+00
8.497988893491807971e-01
1.768983662593885287e+00
1.555676927674898735e+00
2.108091299087815895e-01
9.721298861363081301e-02
1.373473554291200216e+00
1.465012766197923089e+00
7.622743315970975653e-01
6.048566830376103098e-01
6.304045842049555981e-01
9.911679649632162414e-01
6.726703408609779888e-01
1.078353918166489039e-01
3.424942210381045626e-01
1.070248051915639431e+00
1.219450912333415182e+00
