4.476392591582071923e+00
1.634947647897845968e+00
6.113531320133925862e-01
6.945682087879812006e-01
1.745005497979397469e-01
3.440530174924121276e-01
2.232430189809385401e-01
6.207917197328710612e-01
5.728017428754440532e-01
3.388239341279823957e-01
3.427176825710258612e-01
2.242105219825514251e-01
3.451971502924888746e-01
2.102110273120100792e-01
4.100834708897454495e-01
2.735514841357002958e-01
3.544980209918928704e-01
4.697084317055317815e-01
1.307120460703260767e-01
2.453366671358070128e-01
9.602329542134295515e-02
2.636435848530509496e-01
1.183284500246497145e-01
1.793003406931705790e-01
1.317808072985332535e-01
2.298147281534636821e-01
6.947125811133610107e-02
1.374849732919954659e-01
3.944110476646230101e-02
1.455867108758245876e-01
1.095028940318058253e-01
1.470098842601041955e-01
1.455295048906630750e-01
2.840050033746141511e-01
8.230303175326163234e-02
2.979612439853714934e-01
9.070560049784881507e-02
2.680488203301528705e-01
1.858322048256240977e-01
2.880688920693721955e-01
