2.754673614520071645e+00
2.461234680140534925e-01
1.039497653649932990e-01
1.117544539521955482e-01
3.918528210503904319e-01
5.969048909908781370e-02
8.317462482509775656e-02
7.635908461532261993e-02
3.382123812911654037e-02
4.574761152207722920e-02
1.851467356272078757e-01
1.248676937799577391e-01
2.562811171417835876e-01
1.092747745241138546e-01
4.090904520894788482e-02
6.800495742807148580e-02
8.376243199913947779e-02
8.396865241771714339e-02
1.059095875144876742e-01
9.367160844212844839e-02
3.588974423184061735e-02
2.101113792476743888e-02
4.505690210376848276e-02
4.461922566925041744e-02
4.425412620504299427e-02
6.516812043112124586e-02
1.487020003888999548e-02
7.064778660254648901e-02
3.757348801513163417e-02
5.472423362808669783e-02
2.241006849616101679e-02
2.630326690548430435e-02
4.374706893651688494e-02
8.330871729080947807e-02
6.021598019900056137e-02
2.904662456948674601e-02
1.828390718927669703e-02
5.816141747087336111e-02
5.627272459769866453e-02
2.558514945649591546e-02
