2.032583100078073812e+02
8.547687407980268048e+00
7.722660970062976915e+00
7.581906774929445092e+00
3.541138659197263117e+00
3.627910225487226370e+01
1.861582423586819468e+00
1.400447054469291297e+00
3.033501938030618295e+00
4.060259672322416691e+00
2.498065724970436108e+01
3.792187465262915946e+00
5.005873755933028413e+00
6.630830584118646343e+00
5.233655670252624681e+00
7.210276466303475296e+00
6.277298072603151979e+00
4.613763990357266032e+00
4.428558364950855974e+00
3.300006449327870683e+00
8.671184287367230681e-01
1.253748717944006996e+00
3.505973849933012865e+00
5.514721883345093723e+00
1.291036632502467585e+00
1.658501845576054734e+00
1.138611665282717178e+00
3.442817409873589973e+00
5.748622338047969293e+00
2.244004758225704332e+00
5.137240141824952477e-01
1.165678626352002256e+00
7.726484246666240896e-01
2.819823417672453481e+00
1.202463529815185561e+00
1.564850922940234978e+00
3.837089643683275764e-01
3.079980467032148450e-01
2.288560535607455648e+00
1.665364320016489152e+00
