4.275839506453787919e+01
2.161766742360631266e+00
2.614034959926860413e+00
2.914386290820198067e+00
8.976921161110597014e-01
3.245418082080028022e+00
2.973157523290655746e+00
1.660863363516539071e+00
1.212306283212417402e+00
1.667816008525636606e+00
2.277401996166926512e+00
1.518702763591460947e+00
1.934861311387823024e+00
7.584334636122862516e-01
1.560240802422376838e+00
1.603808929169465936e+00
1.890919786773905154e+00
4.673014572328470506e-01
9.938241714441018448e-01
6.323276787011160582e-01
1.231122731886654442e+00
7.928154630767119126e-01
6.838368670754050305e-01
9.541754429420490347e-02
5.245145528482074715e-01
4.065487792769539310e-01
3.808467860793093851e-01
5.378121234382097215e-01
5.611341852857032464e-01
2.462342822956120891e-01
4.746057447618232672e-01
2.549461144543994640e-01
3.814242691144654751e-01
1.813501141541035144e-01
3.095866331947962902e-01
2.775482386605867546e-01
1.356952827957255137e-01
4.389727906308325545e-01
2.003145875556741062e-01
3.885094829414061923e-01
