6.317571957906493196e+01
2.864509554640122246e-01
3.368671157693762908e+00
1.739094687400177808e+00
2.201785958145693556e+00
4.785987555115881698e+00
1.489629138898506344e+00
1.571428190572904837e+00
8.135382128395423074e-01
1.731344842034174381e+00
1.547665045820965313e+00
4.546816705807023573e-01
1.821980681825722925e+00
2.079248187750944721e-01
5.786425519486848579e-01
1.637825984141648150e-01
4.934541330937918802e-01
1.120740918021532417e+00
2.634691069860599644e-01
9.636115768634778700e-01
1.862595997120552127e+00
3.366606378498750440e-01
3.701465224705753343e-01
5.017820942513028237e-01
7.552661313517428088e-01
5.055487966965331870e-01
3.548023339707326862e-01
3.362591176560316697e-01
4.857345896704464705e-01
1.287296800034705702e-01
2.391324659585547241e-01
3.512586199082133875e-01
2.834217164443939008e-01
1.043396776826692463e-01
2.542549085692730748e-01
1.503584982281652715e-01
3.509570120373395885e-01
2.350445333738474529e-01
1.976783537993085649e-01
1.561376266955140923e-01
