1.552948293736776861e+02
5.436478841669990736e+00
2.177088089839347873e+00
1.658655168227353593e+00
1.692091995807324167e+00
2.618262028341960868e+00
3.127960067980089409e+00
4.544908729838215145e+00
3.316743403908039234e+00
5.894351032209586005e-01
3.122334725408136169e+00
8.583516051202809694e-01
2.230004407565689739e+00
1.364885477062906194e+00
4.668199589863348820e-01
1.535909848057986249e+00
5.006724242607692998e-01
1.204822162305823285e+00
2.560625588508551598e+00
1.022604402695436177e+00
7.811079881684025450e-01
1.237390653387353989e+00
7.516412724746125429e-01
1.951254696794431920e-01
1.281683403647048580e+00
1.584922822815431287e+00
8.513153660332097861e-01
4.680387040195140846e-01
1.273482645194145224e+00
7.996056085031777450e-01
5.404252168085044161e-01
7.659393243373976423e-01
6.254217416872494273e-02
4.264693896911697091e-01
2.994390979398292574e-01
5.843702228864674497e-01
3.845748723471661412e-01
7.797492219665905777e-01
4.441048000965903131e-01
2.254181071018856175e-01
