6.487145364571100004e+01
1.342557815592165360e+00
2.323140270600809298e+00
7.837667048595576835e-01
1.776545325115932439e+00
1.369717348070796037e+00
2.296464421835158642e+00
3.006596090480971206e+00
1.238347736462217519e+00
1.086698815758710746e+00
1.271427116533163870e+00
2.322635810239493726e+00
3.070538939401465939e+00
1.041495003209053305e+00
2.126990787024161556e+00
9.981518109118990845e-01
9.786347819767872158e-01
1.277097459647240196e+00
4.768026430304844188e-01
1.214523691626945290e+00
2.392547677991816932e-02
1.597053894317197242e+00
1.290962888122040964e+00
9.928272951788402745e-01
9.472204404519971588e-01
2.718774356802967085e-01
3.126386957188247440e-01
7.957158062174560786e-01
4.498249191982170436e-01
5.269525781164056122e-01
4.267062533734394814e-01
4.695345737096650596e-01
3.679023025044925177e-01
7.635631251578263168e-01
5.880126654197138647e-01
4.447846381103133240e-01
6.928833554781885784e-01
4.942778111394788287e-01
4.092463225713969255e-01
4.793083714845334242e-01
