8.016678187324237115e+01
5.084985383163713735e+00
1.210282020577343509e+01
1.313719569117665209e+01
4.906778382951253015e+00
1.046811912202207573e+01
8.556203384540127743e+00
2.076814555351206071e+00
1.002960678324450150e+01
7.862847712282330370e+00
6.549281784579228827e+00
9.183439511148547396e+00
3.169620520647451922e+00
4.213340591467996887e+00
5.559512925962568630e+00
4.922877510698476122e+00
7.023351415721677427e+00
1.086401549294157753e+01
6.091080898476154637e+00
7.932874852653870157e+00
7.721273998468910271e+00
2.516459282971954092e+00
5.288418816535941147e+00
5.938464693418583629e+00
4.642617785931318686e+00
6.783706704693436507e+00
7.650485688801671458e+00
6.166747188326117346e+00
6.874083464391181231e+00
6.767110628109040960e+00
6.476784851838786494e+00
7.789383195163757101e+00
6.381097519143271057e+00
6.140537179242652854e+00
8.916013095357943286e+00
6.649477534130393330e+00
3.835210014530368916e+00
8.888265626194485236e+00
4.634408722971827821e+00
3.184456505352873723e+00
