7.409626644277233254e+01
2.282326549735313570e+00
9.034131857915991048e+00
4.631380953370575426e+00
2.406546162424017865e+00
4.051600932467973593e+00
3.559881101915098878e+00
1.792350464493127182e+00
2.684958764917403595e+00
4.958534740364239468e+00
3.283881405280284937e+00
6.819208417629845087e-01
2.403828218195518396e+00
6.104558584468737337e+00
1.159483238839053021e+00
1.309643808569958878e+00
2.058756945924165915e+00
5.105955732980750339e-01
2.964295906109220446e+00
1.898852041959965931e+00
2.068726375981153165e+00
2.445870796449451046e+00
1.939456807766588131e+00
2.085066247119665928e+00
2.127722518147935116e+00
2.817126457723654553e+00
3.631272667001016696e+00
1.771087602083235124e+00
2.312527526586183324e+00
2.004630193024879325e+00
1.266199026762576452e+00
4.035767152625563958e-01
6.860926071993964648e-01
8.382159456677686915e-01
1.485630078405673515e+00
6.712758988489340162e-01
1.962165587653385224e+00
2.327549203568898939e+00
1.684808336848128141e+00
2.827452410570375552e+00
