4.783632190819153607e+01
6.354806155259759670e+00
2.135403408232525280e+00
3.541527352430880793e+00
2.413540989786134627e+00
1.315679334724125793e+00
1.062864095681577137e+00
1.138814923318833161e+00
2.781725527465398473e-01
3.634196588006441964e+00
1.567728930635442275e+00
6.708318996770915588e-01
1.583739354252861053e+00
1.593956852600784790e+00
1.719011592371495700e+00
8.321323677392553630e-01
4.895539323431548628e-01
5.015730445618009625e-01
9.986531748953527687e-01
1.175870247138875335e+00
1.362423459965143913e+00
4.297096456403387554e-01
5.588192454358460459e-01
9.698829497155628809e-01
6.193637265115192747e-01
1.237257141117579645e-01
8.192419479955074246e-01
4.586249978482149769e-01
8.015319480553459996e-01
3.074731424946834935e-01
1.328993348251287898e+00
7.351186180358151301e-01
2.064704550920994475e+00
1.378550351729768142e+00
5.430827097365767964e-01
9.188804496132132460e-01
7.911655590633123181e-01
8.074534540140259065e-01
1.442376179936268654e+00
1.112901422702532672e+00
