6.390266208387480873e+01
3.260640284153736523e+00
2.883112166065719961e+00
2.952408074108077596e+00
2.935845959684878492e-01
5.913315528432283585e-01
2.287391097756619196e+00
1.955436312273249211e+00
1.184044464324584656e+00
3.713099153701528987e-01
2.071819703082492303e+00
8.959192673900409076e-01
2.963505181877257311e+00
8.784447818001008823e-01
3.131465431199053295e+00
1.008310072009174219e+00
8.161889521216305621e-01
1.465477651684637950e+00
8.237489865893007357e-01
4.038479007320934788e-01
1.038894608079610649e+00
4.863136870295544645e-01
1.470794974592998461e+00
2.395922205762585300e+00
5.975899147170554704e-01
6.637594307771766955e-01
3.158950242752065485e-01
5.971343273894637038e-01
7.892880205980513653e-01
9.928866775162610292e-01
3.374977326717372161e-01
7.787964274998367964e-01
7.933160400577767835e-01
1.313976942861009523e+00
7.434632825381919385e-01
8.236187453856470553e-01
8.004742754636825497e-01
4.506468785975880631e-01
1.112766985665932351e+00
8.674427450961196273e-01
