6.032714950528936981e+01
1.379291159910049025e+00
6.116877175678417267e+00
2.812589820640649663e+00
2.363778252567248384e+00
1.547340315942817623e+00
2.142524235151129552e+00
2.812391470915949654e+00
4.024848373834085002e+00
3.367251347967010311e+00
3.768157745804596725e+00
1.386915405869743712e+00
2.768346205451985842e+00
4.778778324193739380e+00
3.067705398956383167e+00
1.944479764462524685e+00
2.175129455687272895e+00
3.498422367601346505e-01
7.996550656708220073e-01
4.696088776560104483e-01
7.225662634668275075e-01
6.388807536184369917e-01
6.704852568293667714e-01
1.109748924082536892e+00
7.078131492565753469e-01
2.744188243916448333e-01
6.457649670023034583e-01
1.504820672285655192e+00
2.650913123078717515e-01
3.347556387217514029e-01
1.436829511874101684e+00
2.907566212034267683e-01
1.706799697398846405e-01
8.879616166837666080e-01
1.453210022818649527e+00
1.371715194702302520e+00
1.029184432293933860e+00
1.290033052016832160e+00
4.509575884555258596e-01
8.254725160082423407e-01
