4.606695315361886145e+01
3.614935947221198820e+00
3.094814358272638621e+00
2.955115566525066129e+00
7.384555299160214803e-01
1.208027235745044586e-01
7.736864786061872223e-01
1.420748084551132662e+00
1.690591474338891009e+00
1.218942378641488800e+00
7.231874744948449951e-01
2.109150146024382000e+00
1.524833421393279043e+00
9.533919637249330670e-01
1.695745974438386261e+00
1.360780381469222089e+00
4.921122584789399679e-01
1.571970348659829542e+00
8.122082171197787526e-01
7.639057964310473903e-01
5.519204702203369672e-01
1.046813410104455055e+00
8.958977457854245818e-01
5.997270479751239947e-01
3.093765042269323584e-01
6.295971770730307560e-01
4.607836424953558052e-01
6.668982830933003481e-01
3.345534610634014472e-01
1.783786312762609405e-01
9.498106130323182017e-02
2.390356116742355652e-01
1.574748910027703730e-01
4.373786661525598252e-01
4.358899420150270654e-01
1.030237652527074693e-01
1.778553274110687976e-01
3.852206182678643009e-01
3.080310767464901067e-01
4.214478156803353470e-01
