5.766807496060586402e+01
3.593959900135683228e+00
5.469413680433731884e+00
4.151084138781829580e+00
3.631603556570087932e+00
2.867728888113248775e+00
1.625500823584622001e+00
1.911211026977515104e+00
1.862724840254267322e+00
2.009999600389674512e+00
3.344683457845082142e+00
2.560761723366641096e+00
1.260343492482645544e+00
2.200145934615820753e+00
1.739139940975946041e+00
2.533016322484062499e+00
1.314457713590839738e-01
2.330093154620918594e-01
1.406973712329647075e+00
3.038559925321361321e-01
2.158523795834099257e+00
1.136423184328831493e+00
6.919076293207587769e-01
4.661238659591714906e-01
3.419969405082562419e-01
4.158348060582993666e-01
8.343192798802461230e-01
2.611270439247033726e-01
6.369432505141352507e-01
6.262552127245196720e-02
6.176026952393042224e-01
6.070611510425715229e-01
9.255351308239616603e-01
4.375022054152796769e-02
1.214446007796046167e-01
9.806370019680925587e-01
8.688515081547067143e-02
7.818949508490726785e-01
5.422631185182619218e-01
2.730500539837143470e-01
