3.821084141069859186e+01
2.811273434738667643e+00
7.023132892497223612e-01
3.738368574077914008e+00
9.728416511674504719e-01
1.568255466706719170e-01
6.697944983182380074e-01
2.339392950816530092e+00
1.314255418511421247e+00
1.413606284806242064e+00
4.804524974415060323e-01
4.185606417778734989e-01
8.050897870918262145e-01
1.047019007940358293e+00
3.861170328629123794e-01
2.893104402135416309e-01
3.848252635307873315e-01
6.415006154379094827e-01
2.956152902415375427e-01
5.376906890319110843e-01
3.561287787419062378e-01
1.754721561189839241e-01
6.505740980952685604e-01
3.855455109311934359e-01
1.684028971242252370e-01
2.823241555746870413e-01
5.279715629148465927e-01
3.180825678383735200e-01
1.054055859869501705e-01
1.752267744117222970e-01
1.267311945783780036e-01
2.911885106777198362e-01
2.578420440824573112e-01
6.017043775256990940e-02
1.680172174501359528e-01
1.579980835074416001e-01
3.291078276194929209e-01
1.479315778849498407e-02
1.679598025404125672e-01
1.034571369687756343e-01
