9.127076955361826549e+01
1.776020309169184630e+00
3.267528809903400777e+00
4.607178871909226814e+00
4.358413905847926983e+00
3.286297404544263223e+00
5.696043388093028348e+00
1.491425517685401880e+00
5.067741360609093526e+00
6.092357884145498836e+00
3.561765806520577282e+00
4.125071355644233329e+00
4.357550004247587871e+00
1.965960466021000386e+00
1.288374887168423299e+00
5.484066444901054105e+00
2.625215096152047511e+00
1.083664285018371753e+00
1.569163414350406072e+00
1.655413247463962456e+00
1.267497072848375650e+00
5.288661979540079106e-01
3.686741677021513897e-01
1.150345271951727533e+00
2.299240294603314361e+00
1.279870226220263030e+00
1.837177817341495656e+00
7.379667538328876786e-01
1.131780449468976046e+00
7.918300761138660215e-01
6.610535720657503278e-01
1.377945848501889170e+00
1.555928732294737271e+00
1.129895859621350862e+00
1.005871584619315806e+00
1.604958556273637704e+00
8.828952514044723365e-01
5.453964126914029320e-01
6.571632083095563237e-01
1.141716456056115492e+00
