1.085254573524251924e+02
2.458258544121290079e+00
7.144729154179869646e-01
2.874027318531504616e+00
1.937329513631438571e+00
6.589411299656957155e+00
1.216231233956578395e+00
2.411389115262139615e+00
1.156128305552790003e+00
1.436708890857529619e+00
1.712377766516801003e+01
3.594094739592279986e+00
2.086792880813915119e+00
1.395768482728123150e+00
3.344435760197203011e-01
1.447450296862910157e+00
1.833981394988805524e+00
4.189370480298585386e-01
8.584076673336357155e-01
1.905164715206448145e+00
1.155172791469502913e+00
2.626855506172713905e+00
1.596645519062222407e+00
1.163415180605371635e+00
1.291379197079459917e+00
6.948894393421695126e-01
1.085293937738124770e+00
1.247587044260920930e+00
2.885911769149914763e-01
7.738072462474386848e-01
3.665547989547726093e-01
1.241474652235371900e+00
5.881050901628837729e-02
8.955517544411292219e-01
6.571081992221546875e-01
8.663759609891102942e-02
6.990006422527283991e-01
5.376117710165859709e-01
6.293963614383699667e-01
4.037818209021942772e-01
