3.816351112584694505e+01
3.156969443440436507e+00
3.202460605212720246e-01
4.640906909638221833e+00
1.073084284172533653e+00
7.944568624020030834e-01
1.136107818219069365e+00
2.025263945785503505e+00
1.459871615723572269e+00
1.546608300553815596e+00
3.535218643921458348e-01
4.545399093182472261e-01
8.278097838964302291e-01
1.243033978127341399e+00
1.399617653627659719e-01
3.198042142756027384e-01
2.780238617595188200e-01
5.467564353005679445e-01
2.708812997685260959e-01
5.223440927551289414e-01
3.006306873143989589e-01
3.121917866127446595e-01
8.128664146786008793e-01
3.349315055346467340e-01
1.813858539603118158e-01
3.412989161961817453e-01
4.886863378049609574e-01
2.982821879638401508e-01
1.175207981299807164e-01
1.641904493571894885e-01
8.326396308444621031e-02
3.060110362198981693e-01
2.377228518610152441e-01
8.087705900703295869e-02
2.265942235266807658e-01
1.496174469925873607e-01
2.846543147501655047e-01
8.778674823361151680e-02
1.497537738450517297e-01
9.547983485259819991e-02
