5.699352583720400389e+01
3.162350813722922371e+00
6.166765566457241832e+00
9.770713670719999300e+00
1.619265478925759894e+00
4.568662477202140693e+00
6.714789942689459501e+00
6.238485433775996292e+00
1.156175155448701908e+01
9.021539183743053414e+00
4.615823322088218106e+00
5.133133289047144387e+00
2.357553078307269789e+00
6.237293054311419560e+00
7.622876146227752336e+00
5.807861912835810436e+00
1.042575218587765562e+01
7.392577734886314644e+00
4.081170976218518653e+00
4.226978962153323138e+00
1.952299782203981149e+00
6.966672611851826957e+00
6.312718708594377226e+00
6.330949734710425325e+00
7.186610725115450293e+00
5.870124575354353169e+00
2.861514064690835024e+00
4.778675467808224830e+00
2.667343239127437204e+00
6.390825668875685928e+00
6.556368208214802706e+00
4.745633099360379248e+00
5.501170036460114154e+00
5.207388703700530641e+00
3.618088430434037939e+00
4.643585868380321280e+00
2.728969012522818094e+00
4.416826164079668438e+00
4.293068373538501348e+00
4.695833184838905439e+00
