5.874619322561463974e+01
4.091844174136891610e+00
4.927065749337217859e+00
8.705237246620958658e+00
1.864179149145692715e+00
5.137741761146472186e+00
6.562893595059754226e+00
5.731968127428795690e+00
1.085683635950026016e+01
9.258144242646521249e+00
5.379630365248210921e+00
5.100923066107787562e+00
2.014213720846300681e+00
6.526934783747087465e+00
8.122223156608388450e+00
5.476896826817328368e+00
1.002671066339196138e+01
7.449689461716084260e+00
4.453715437487811180e+00
4.325329871361174305e+00
1.665813743389469082e+00
6.891614444994386801e+00
6.406576148069164311e+00
6.650258393155920267e+00
7.404476271350174166e+00
5.774831636395234113e+00
2.534890004946015463e+00
4.882266187195383189e+00
2.832867428745769800e+00
6.475700315256670336e+00
6.635937574059268762e+00
4.520876633491969443e+00
5.423643887884399106e+00
5.172439608787413157e+00
3.694115611834679846e+00
4.814643035117773806e+00
2.884006831859593945e+00
4.156645756474823372e+00
4.044290304451457096e+00
4.847480433267949529e+00
