3.115568972461164776e+01
1.380318407427474803e+01
1.555227122261767647e+01
1.703361070598507254e+01
1.201531259758735537e+01
1.194333727362538156e+01
1.290893970070623809e+01
1.080998448667379463e+01
9.180939597972493260e+00
1.025182974284423310e+01
8.811112252124287281e+00
8.490668239094731007e+00
7.529872968289176072e+00
6.942372731143081843e+00
6.459139611389012714e+00
5.736615296455441992e+00
5.470764747870303424e+00
4.749563784365947505e+00
4.997075719128807769e+00
3.562161494598839351e+00
3.985416943960507830e+00
5.166734609154923774e+00
2.519761460320837365e+00
4.465312704561884338e+00
5.835907603617905615e+00
5.243022456420067812e+00
6.344085921112144533e+00
6.333714107429027074e+00
8.046625768561797898e+00
7.695153875344157512e+00
8.188817842271941316e+00
9.738359296540352261e+00
9.166110641309646923e+00
1.060034380194317016e+01
1.068691360024029890e+01
1.065847328826273355e+01
1.152955540004809087e+01
1.092649085140918963e+01
1.141080370985818426e+01
1.093432584166730592e+01
