6.210049493376681440e+00
7.318386150051878758e-01
1.283495017535676963e+00
2.499594138757857131e-01
8.685831956283900368e-01
5.539351119563045156e-01
9.775051141373305441e-01
9.928625043360941316e-01
9.238583753143065902e-01
3.498556358250180520e-01
6.875501419176454077e-01
5.972590407438482796e-01
7.067815322643696829e-01
2.525991759629355737e-01
6.780513880324038345e-01
6.115000224769276960e-01
4.195444316401867324e-01
4.110175102245270939e-01
1.703006722291324493e-01
5.552778453444788820e-01
1.385199198487229999e-01
3.385610556154614592e-01
1.864890486231315092e-01
6.445350946556946958e-01
2.665436483273072588e-01
2.119945535735671405e-01
1.288546656116603129e-01
2.597801326395401400e-01
2.226048251207799200e-01
2.069482457853915325e-01
3.010077845617329939e-01
3.632562009186063867e-01
5.372154258577439556e-01
1.801114937341382061e-01
4.917522409887358226e-01
4.425918248336293409e-02
2.500805648239353696e-01
3.090820116476645230e-01
4.420176039629499787e-01
9.421963220362435110e-02
