2.859890344159968478e+01
1.804274499776112872e+00
3.192548514462113740e+00
4.149155324271283085e+00
2.037940300861178056e+00
1.933600529686464453e+00
1.648608382889447777e+00
6.329869298305539349e-01
1.579689778037846049e+00
8.309145630446941322e-01
2.702292787348311021e-01
1.274000831931160871e+00
7.055965289481039848e-01
6.422362118102308282e-01
9.693359968847909958e-01
1.456000669854262464e+00
2.262070665706607808e-01
1.231121596621367886e-01
1.372469289485947153e+00
3.025246221533553492e-01
5.526327839607160231e-01
4.001243968156339426e-01
2.788331967034670122e-01
2.809391857833681283e-01
3.973308421109432165e-01
5.961253808486944861e-01
2.307899026965077871e-01
2.556978523693052563e-01
2.743189797256426199e-01
4.705346014949380873e-01
2.344422699697044365e-01
1.719861832455130968e-01
2.324641926838422468e-01
1.796754817254796743e-01
3.354866817217931341e-01
1.453517253075520543e-01
6.252047375955863129e-02
1.300312829983109875e-01
1.115639227377077242e-01
3.161657041733945683e-01
