5.588096757458338715e+01
7.231166635114044006e+00
3.178282297667730294e+00
2.003510357139335785e+00
3.633076664276682965e+00
4.673444539045427781e+00
1.527641964163690469e+00
1.488499402972665475e+00
1.378974406433806532e+00
4.524385816953191863e+00
8.577687391360857561e-01
5.723885065896123781e-01
2.148583726176655606e+00
2.485899827312295862e+00
1.128074081580199506e+00
2.883800911748599205e+00
2.408737016827456667e+00
2.810999119391267786e+00
1.263332853439144587e+00
7.596423452172161861e-01
3.143259906643303125e+00
8.316656825145100074e-01
5.623124485439421338e-01
5.715599352676691280e-01
6.297021627656599341e-01
1.423267644544992327e+00
1.545740809780232539e+00
1.068758016139752076e+00
2.104089294767157448e-01
8.930872057786917173e-01
3.880277564681108293e-01
1.141239131247592464e+00
3.884787793355273799e-01
7.259871464703766542e-01
1.982417871734978854e-01
1.105312842567222509e+00
1.439417129685552021e+00
6.671208222529400045e-01
6.255960410751192358e-01
8.459969152697713324e-02
