1.152813748608875244e+01
7.784729447796277790e-02
3.938223686774734722e-02
1.178478712185951349e-01
2.114014196151367889e-02
6.840930927658320226e-02
2.171353640028243215e-01
1.353774614000388676e-01
1.326866450505162498e-01
3.931543819758138991e-02
4.427876291451668389e-02
1.823278836896386965e-02
9.564865240177636285e-02
9.237792233077136983e-02
9.336500437812141062e-02
1.362575499001511259e-01
7.250341593937646711e-02
2.499460513761415578e-02
8.915542549059692068e-03
1.702702734785617456e-01
1.575234336080403585e-01
1.276632596468650072e-01
1.948993830271499028e-01
9.726509369443853137e-02
8.093813805810314010e-02
1.517308985369687779e-01
5.748348283215549970e-02
2.266272636008666991e-02
6.461969148687174425e-02
8.527212260419654577e-02
6.556245797070081593e-02
4.605637839619250440e-02
1.062650646118557807e-01
8.496486301229627669e-02
1.198880636131961774e-01
1.428025927704919817e-01
1.030144498057616320e-01
1.479586806128477608e-02
1.841915962506392446e-01
4.241557563939341025e-02
