2.402837116176709387e+01
2.138470228388343219e+00
1.318617025508506568e+00
1.790220687975582869e+00
8.629197464430975462e-01
1.880336351662143635e+00
8.998024431344081586e-01
9.000405516727942867e-01
1.845252437700576120e+00
1.012440814347264073e+00
1.888837240534891215e+00
3.726519823192736558e-01
4.496679652139051742e-01
3.754881827368603542e-01
4.638517923673968757e-01
9.721170096946283312e-01
1.295528094384137185e+00
8.474975761214436076e-01
1.537719666862289003e+00
1.116220190775116583e+00
6.375900052157580378e-01
1.123065179886064691e+00
1.118186424608679230e+00
4.354332891563505448e-01
1.355843000818761634e+00
1.298773156487752933e+00
9.321565961817561696e-01
6.851096501524728266e-01
2.551772837794876736e-01
5.854257835925443798e-01
4.372334564516447419e-01
9.406385536987517115e-01
2.557411256853964199e-01
9.640599664909016431e-01
6.895528142629804291e-01
1.477185471240074044e+00
5.023567611981721859e-02
1.126700407894804856e+00
4.841950826241135930e-01
6.648304945804749400e-01
