1.783958679765618172e+02
2.468058633431482107e+01
7.783010122059822677e+00
1.661337904634925167e+01
1.758425495740599231e+01
2.225899387520935235e+01
1.532800789617775727e+01
1.608846692748290863e+01
2.182361532316495101e+01
2.729996086940199262e+01
3.643768629973665796e+00
1.284810770946649860e+01
2.603403148249798704e+01
1.492271349545898396e+01
2.461785083276818398e+01
8.571029199752274508e+00
1.395206407697110507e+01
2.514855230323946600e+01
1.876109731986483098e+01
1.358309064275110245e+01
5.292791803398389838e+00
1.665098741962041018e+01
2.007078970483624047e+01
2.788426084588311582e+01
1.915185333152756408e+00
6.819878612395487316e+00
2.613478227472251803e+01
1.511155115253839476e+01
2.174874662701122219e+01
7.262615474108581992e+00
1.308356693898631029e+01
2.411747886737644464e+01
2.201169599894973672e+01
8.709911088642297017e+00
9.693682975998269669e+00
1.717219916469958818e+01
1.100054273650836834e+01
1.540600181039814487e+01
5.757806721716915099e+00
1.164647530660091768e+01
