1.922957666653435993e+01
1.806518613642760895e+00
2.984982922946889605e+00
1.865952030769331360e+00
9.359145863242720464e-01
2.059791740094995216e+00
4.963903172275387909e-01
8.462209722513115429e-01
8.944446298874521029e-01
1.082748577785965560e+00
1.323580157760635645e+00
5.088038113391938344e-01
1.879202566929335738e+00
9.564864810544214668e-01
1.383898718203649736e+00
1.227492955092476912e+00
5.854442781832611686e-01
1.293519056154559976e+00
3.696161726469335274e-01
4.064954380780274046e-01
6.235482460681498473e-01
1.013311109605905980e+00
1.351732724226073934e+00
7.806177484693295199e-01
1.422848976457393722e+00
4.294319907661225955e-01
1.229137311002279853e+00
7.089995127003184683e-01
7.541617973934581221e-01
7.182764471492087965e-01
3.234173622386944391e-01
6.373973969651520743e-01
6.382938612289291991e-02
7.475382745113410277e-01
5.817286489391404469e-01
7.163450310606018778e-01
4.335664226103664309e-01
2.702387792866717819e-01
4.060512014043990425e-01
2.643839958825035530e-01
