3.017102634738859024e+01
3.983019247260313644e+00
1.435583188251372988e+00
9.860778213001686332e-01
3.141273021078309302e+00
2.687412305884792740e+00
1.378419323548796482e+00
1.155481034030372056e+00
9.214474327832557210e-02
3.991714459792862213e-01
2.422532082753584837e-01
3.997999687753943654e-01
3.184037405461888626e-01
6.940987386679574600e-01
3.226418071183578817e-01
1.133319233968623635e-01
1.873670891292893437e-01
3.765450948944839560e-01
2.036526925249580178e-01
1.104497208556229765e-01
1.793060600279811900e-01
1.060905709733856728e-01
1.072154534090517114e-01
8.984986673996304962e-02
1.264010779061515710e-01
1.335177503445648672e-01
7.186843101678735968e-02
1.038416102131086705e-01
7.648161365984375293e-02
1.172887365684709970e-01
5.738757590740970610e-02
1.527880095463970411e-01
6.751590836670949558e-02
9.243500903731211027e-02
5.530379823176868187e-02
1.801436728274097843e-01
3.198130484941145990e-02
1.320255753759836392e-01
1.257925475566767926e-01
1.362921079302903682e-01
