9.349084193153018418e+01
1.970947765684562825e+01
6.393361456956435873e+00
1.101813917249007346e+00
1.275724483243934948e+00
2.015809106097878445e+00
5.388096839117904047e+00
4.759683204967378956e+00
2.518814778407128419e+00
4.146014431827933500e+00
6.207209626761273746e+00
6.261693641875827332e+00
4.914164808065166312e+00
3.256274066586198224e+00
5.000680961192239593e+00
1.493207878200881189e-01
4.479385154304759808e+00
1.287100426429131472e+00
2.614644329903640152e+00
2.165218433177200197e+00
2.074383429698736236e+00
4.612250138419267564e+00
1.584794102760817447e+00
8.953148349005923823e-01
7.113113659639078712e-01
2.531710661263802953e-01
8.852551040162198737e-01
1.624697202875603708e+00
2.126816179795255835e+00
2.014796115936765109e+00
2.678630571643724867e+00
1.349085620377642014e+00
1.234455770062337310e+00
1.906580123935991633e+00
1.993048419731702880e+00
1.934816740148115555e+00
1.275863726415818800e+00
1.625143629172190574e+00
2.242685192773241631e+00
2.473016714868590871e+00
