4.458140942254198080e+01
4.138480352226009629e+00
2.760387271062247461e+00
2.106737125289759760e+00
5.160971803543903391e+00
3.943045854268273587e+00
1.299321182704835653e+00
4.742347138584196986e-01
2.891382950278208464e-01
1.136566084761844453e-01
6.983861385652620490e-02
7.106091115533598179e-01
1.257041841847310881e-01
7.351136766974341041e-01
4.316071198710121348e-01
8.614456348606791547e-02
3.768867803379221115e-01
3.138682941186534125e-01
2.946810823923252110e-01
1.611052348864289163e-01
1.157731703559803649e-01
1.591878924534032846e-01
5.377547862589528160e-02
2.300265808852794761e-02
1.948934585120018492e-01
2.040874830966949993e-01
1.489334536641729045e-01
2.697735460936986907e-01
6.796298650091121829e-02
1.530729223766157943e-01
7.286731764479704998e-02
1.908656515576886148e-01
1.179439865383963143e-01
7.621772046374304665e-02
1.127111996550190370e-01
1.824604109764230986e-01
1.099830096352649028e-01
9.008245894928293418e-02
6.199673642570192877e-02
1.316530291231279293e-01
