1.796922850883472336e+02
1.472433635628749515e+00
5.575616480911723905e+00
1.159107932951139652e+01
7.501208972381459006e+00
4.620287477754400740e+00
1.280806658597623304e+01
2.712193439674495110e+00
5.582127475226718039e-01
8.246098594274647198e+00
5.525955508643238367e+00
5.398975293207366910e+00
6.621570453867049011e+00
2.194801473111148926e+00
1.954777829571246572e+00
4.108806964700777442e+00
3.438097243594553820e+00
2.435547715167884597e+00
7.974730286122113654e-01
2.717708330791751781e+00
2.713040218767994727e+00
2.224630368614014753e+00
7.847203305781869087e-01
1.841341349591555154e+00
1.409955111310847053e+00
1.226151610093611788e-01
1.214512736726608644e+00
1.039671682510572737e+00
1.136964223868039969e+00
1.632577565314765833e+00
2.643225835059430207e+00
2.548884308475286797e+00
2.957862236981323001e+00
8.479545861708968069e-01
4.393981087047428291e-01
3.472482230854129881e+00
1.063010014759929733e+00
4.914846851676041295e-01
1.092594516952135830e+00
8.885277881049021831e-01
