6.686697798384928504e+00
2.171182928383367905e+00
5.511747822678603193e-01
5.928729595651301837e-02
6.635683634178018986e-01
6.032632820528599504e-01
1.850517974229084206e-01
5.668839800129557016e-01
5.300370970408413429e-01
5.303508532778534734e-01
1.771864269580681051e-01
1.921465766077334880e-01
6.094597580063205733e-01
8.562567500803158760e-01
5.478819996415608129e-01
4.804985587615890341e-01
3.712537893994056204e-01
8.363153585721193606e-01
3.956770876003065651e-01
2.355752320165959701e-01
3.718648314887453288e-01
2.299687205523227307e-01
4.397346771989292247e-01
8.356788736522778871e-01
3.363263011336105057e-01
1.244677642806199525e-01
4.050304239854519706e-01
4.496545941078741171e-01
4.542195375620213249e-01
3.003642499971468927e-01
3.639898868098034312e-01
1.657223057316707659e-01
3.846532208378701245e-01
1.951442541412827178e-02
2.717685271969297323e-01
2.411549348662561099e-01
3.518388659177999478e-01
2.921116367392010971e-01
3.052073308647380578e-01
4.490465413133628014e-01
