1.824553280889853468e+01
2.411356514907995741e-01
2.358530123456737959e-01
2.107765056266901749e-01
1.134130705330777672e-01
2.557658906964729306e-01
2.007397851126232480e-01
1.657793350402069210e-01
1.704032071486658306e-01
2.778184815024571930e-01
1.015014116164546371e-01
1.570448818859789819e-01
1.363509635132495734e-01
1.252622382401404055e-01
2.641495939247697211e-01
2.281878504881855729e-01
8.183146505662729220e-02
5.392429168843081849e-02
7.872168873212954943e-02
2.858930166848203114e-02
1.159662400628061196e-01
6.458291642433998392e-02
3.895736784986197909e-02
1.174535913897835487e-01
1.039047466754594168e-01
1.265433444004107622e-01
5.590447757687725533e-02
7.547992670776325352e-02
5.805110328075293452e-02
6.929308645162721159e-02
5.496617547772595508e-02
5.221618507115964591e-02
7.777554581476342488e-02
1.458378268956764430e-02
2.146230782760295136e-02
4.931865695923015602e-02
2.911733682373546239e-02
1.194415270700102671e-02
3.134901587511306365e-03
9.578930877975854602e-03
