1.859571203317322130e+01
1.547047940332497984e-01
5.790347947266587941e-02
7.900626269860173967e-02
4.764368144576720809e-02
3.712303674964949340e-02
7.929502221931343520e-02
6.293074017855661284e-02
3.765625882672605368e-02
5.957748642962273217e-02
1.014443548255983679e-01
4.481245484127593243e-02
8.131185533183546421e-02
5.217950793180547997e-02
4.575343911397922875e-02
1.718918000215705066e-02
6.025768098057632943e-02
3.268202155379023449e-02
1.001806102518636166e-01
7.824403535785556807e-02
4.745827513317821267e-02
4.159618812359990037e-02
1.388053836110727246e-01
3.202215899326088522e-02
3.745450430427281485e-02
7.227262945312633302e-02
2.282889414513621790e-02
2.050396962946279128e-02
1.168957312085068881e-02
2.917071284860401487e-02
1.739674312857036886e-02
1.676691123592391475e-02
3.551943076751814393e-02
8.203236613342491934e-02
4.229784262306894582e-02
5.437670715135837357e-02
3.834103841493054221e-02
6.588049941537235665e-02
3.424920836447093581e-02
4.595826431403204904e-02
