1.415411765696256019e+01
2.221381854536387479e+00
1.033076640427581294e+00
1.708443039490385118e+00
2.921282162222949452e+00
1.375767025984243608e+00
6.280418712566026018e-01
1.480924046735681010e+00
2.573256008230498382e-01
1.065383230810838633e+00
1.501179366382088487e+00
1.421713517437785512e+00
4.115639623454391827e-01
3.594801002110406540e-01
2.004795162303826539e-01
1.328657495315592740e-01
1.046145488836037307e+00
1.130715676923464974e+00
3.512087956739647909e-01
1.197101849067242485e+00
1.086385766812968390e+00
6.268084677537686389e-01
4.649221758664124349e-01
1.458027201173222487e+00
1.373475977525575376e+00
7.655396893389267987e-01
1.322835953015142563e+00
1.231073021229899922e+00
1.145682260791454077e+00
9.962200203240273444e-01
1.946952734434745702e+00
9.435911862800560046e-01
4.914562781754370224e-01
9.614062205322796428e-01
1.165112311846659088e+00
5.994849415603334952e-01
6.805232764780516641e-01
1.081844865736377947e+00
6.654227643662649072e-01
8.355109034187107042e-01
