2.422951089879902042e+00
1.452974505546494322e-01
1.258470402809975797e-01
3.226628781349769604e-01
1.102031035031466738e-01
3.336003565305060981e-02
1.105511739460996040e-01
1.285254580917089828e-01
1.169806379210518443e-01
1.962759331276826835e-01
1.876193101587224632e-01
7.798495621796747157e-02
2.059478109223846498e-01
6.791295419815010503e-02
5.465622720261618939e-02
1.022381296107480186e-01
1.281199101723712874e-01
1.154569367746217934e-01
7.553260789293470001e-02
1.555321101057532684e-01
6.017865855877028297e-02
9.091280768170240112e-02
8.279640042930168364e-02
1.059983256910053406e-01
1.905307771375746445e-02
1.088432940869581977e-01
1.480696525732946300e-01
3.504858209699136806e-02
2.238254413237537876e-01
3.586164971203691793e-02
1.222547710367604262e-01
1.599208521718242099e-02
8.700923744204641652e-02
2.043308362918276611e-01
1.982117701585682790e-01
8.076077607482910758e-02
1.576029413709996441e-02
6.635653932919381714e-02
7.936270871013692552e-02
7.189236965797961287e-02
