9.204958486582036414e+00
1.686646694630253629e+00
2.227862577900753482e+00
2.036330623904114567e+00
1.223199519326011231e+00
1.565354945645059725e+00
2.402887206994454683e+00
1.055501298511367203e+00
1.832224695795497738e+00
9.984521791357642284e-01
3.665611480294653779e-01
1.573098119365369030e+00
4.347862480518453476e-01
9.245879306398510078e-01
8.876119577986728570e-01
4.082955590114434874e-01
1.209775535947173575e+00
1.150003360129358221e+00
6.082062105550783970e-01
1.093660936065023570e+00
9.736242439180855524e-01
5.010357344122602363e-01
1.343262511557959060e+00
4.617865787860228610e-01
3.856020416906871806e-01
1.169825084646515245e+00
3.514280208642846515e-01
6.136519827830774210e-01
7.775454088086483084e-01
9.639773503704835989e-01
7.635804470171412284e-01
6.344379411171854333e-01
8.739997303353232994e-01
9.877833775803084304e-01
1.344582928595732529e-01
7.923368488359330275e-01
7.743367392210416256e-01
6.544874334550218054e-01
3.193223602392276650e-01
9.076061295073403201e-01
