6.375058252676776505e+00
5.079586434850599241e-01
1.992474503836130451e+00
4.503254311908027607e-01
1.732777416153880701e+00
8.195082930740464899e-01
1.033905730095154185e+00
1.735070297506194459e+00
1.358916781312829114e+00
1.519843032351812617e+00
1.533754078795954046e+00
1.626410151839307705e+00
1.202858874942253298e+00
7.402169381528356240e-01
1.185427485569321870e+00
1.053126961296363184e+00
1.834303359006108636e+00
1.040531847959745626e+00
1.529180613648443376e+00
1.108579901316479654e+00
1.480211068930971319e+00
1.044581597698365671e+00
1.121232068037169460e+00
8.025301629568716288e-01
1.088746478999562228e+00
1.170049217659919094e+00
1.194995151154380819e+00
1.364756534570469304e+00
1.264711804881894386e+00
1.203848849168933421e+00
9.380424902515356322e-01
1.181946765769706476e+00
1.045441577861851767e+00
1.052765376322411184e+00
1.159191695478151596e+00
1.114112480679294803e+00
9.503001733501429404e-01
1.480432658171901839e+00
8.021655933194882238e-01
1.530528037653451134e+00
