8.530429047923478336e+00
3.004907485737129846e+00
6.348716246549387376e-01
7.757462193138365825e-01
8.121234347253506458e-01
1.112134637454969432e+00
7.204329050549003188e-01
2.043487125821975836e-01
2.300457864082586790e-01
3.555893658812313562e-01
5.882588947940630558e-02
7.529838071473811123e-01
6.457583787042200374e-01
4.131658233280064985e-01
5.080296727770622356e-01
6.815464817521377228e-01
9.329673139105659763e-01
7.334123572782381695e-01
3.621921635192144051e-01
6.505625750585964928e-01
1.083817756861678472e+00
8.800310852473486323e-01
9.046502070732435064e-01
5.924491253294437154e-01
1.719098912672287205e-01
2.926924100898309344e-01
4.914626193759035200e-01
1.245123488827563490e-01
1.529989187537500739e-01
1.580867042187146798e-01
2.702090443345324666e-01
5.698523384239355671e-01
5.403237741061138744e-01
1.075905073126857125e-01
3.539880985459951668e-01
4.967208229780816775e-01
4.579614845046529603e-01
7.708800011775669425e-01
7.805149117861104324e-01
8.030002205536719284e-01
