4.092018791253236287e+01
1.420493652543087393e+01
1.263861539500931741e+01
1.170170973429684125e+01
1.079818462259844658e+01
1.320408955759778280e+01
1.286394495408766758e+01
1.241265443812820735e+01
1.060171809485854055e+01
1.083090429332818161e+01
9.163734363788837101e+00
8.836660495234319512e+00
9.879690774829528621e+00
8.586617389661604705e+00
8.993915427721608680e+00
1.106341944885313389e+01
1.240342100289507066e+01
1.157215345281401575e+01
1.130829908318484378e+01
1.014206869344035411e+01
9.868777393319046354e+00
1.086472832366777475e+01
1.167569819622413974e+01
1.204374068135257936e+01
1.113182578090489372e+01
9.668921340492785177e+00
9.391777997625673891e+00
1.038592902081773239e+01
9.565260621784069883e+00
9.147583397702165442e+00
9.596239508016330078e+00
9.720984528566479099e+00
1.164946696385166902e+01
1.089692044778987956e+01
1.096565357261951945e+01
1.129479930628638407e+01
1.071994772475107993e+01
1.168030397436974788e+01
1.225583409241251154e+01
1.321791040486863089e+01
