6.472843900497663228e+00
2.503850087569370331e+00
1.088986333291915631e+00
1.996869412195324101e+00
1.863425899018281040e+00
1.564791813778013241e+00
1.677733090624655921e+00
2.664750714559513067e+00
2.190814353840379258e+00
1.671720452956851677e+00
1.590021521089168388e+00
2.025701717625731035e+00
1.981627930651281622e+00
1.671133018265990700e+00
1.708468986752041285e+00
2.149742499786282401e+00
1.977284202213904329e+00
1.523930611975994109e+00
1.739879335554239681e+00
1.989619764777847521e+00
1.709515288293380397e+00
1.637085520506763592e+00
1.748230442073139601e+00
1.952915935039931217e+00
1.750841431788142888e+00
1.513205308137640426e+00
1.920015836922767116e+00
2.013042564687749447e+00
1.295586546459924993e+00
1.272957480349074633e+00
2.042485857083514489e+00
1.887879506403959073e+00
1.363517597129552561e+00
1.768396373138229727e+00
2.109847042939609896e+00
1.355549288402954966e+00
1.190426025190782111e+00
1.634692256205834360e+00
1.565311777122272874e+00
1.674914784362748099e+00
