2.071043258071335202e+01
1.399922778216664554e+01
1.094875562714680761e+01
8.068277574978502287e+00
6.958615067860557168e+00
6.282550278567589075e+00
7.087035722749595479e+00
7.216343191191272766e+00
6.931507315755551346e+00
5.642686825267655415e+00
5.815893756286776295e+00
4.770154452868113459e+00
4.042898706922031238e+00
3.545319523626032421e+00
3.522719865697019781e+00
3.668009513248711162e+00
2.256611864626993036e+00
3.312558380743590547e+00
4.132499590906966169e+00
4.633018406809906509e+00
4.568931785831376935e+00
4.953609087343582296e+00
4.904864655619899594e+00
4.955110441348401729e+00
6.000237912722448996e+00
7.003037569783646887e+00
7.994076357027270596e+00
8.358883870653652792e+00
8.443656964884761251e+00
7.907219285813066101e+00
7.373508829242299889e+00
7.393529561641654091e+00
7.067088335593123993e+00
6.665720814100259517e+00
5.718937839420797253e+00
5.093479100651474134e+00
3.915227376773107615e+00
2.832972438414097294e+00
2.953847028024351840e+00
2.953916132501499092e+00
