5.564784580022527294e+00
1.518621831949326761e+00
1.319036565500747882e+00
5.561287002771986288e-01
1.906862113069986986e-01
4.332524399789386416e-01
3.605547272636657752e-01
7.232498748911400099e-01
1.863546109545568819e-01
3.937431769208800669e-01
3.813332336484162588e-01
8.034681259003225717e-01
6.060962613557758782e-01
5.786916611434308466e-01
3.711331439887400885e-01
4.425569797197989597e-01
5.172362565875068263e-01
2.076714770338807525e-01
1.168613643515910849e-01
2.278687117955834340e-01
3.067392201249826145e-01
3.466667884133808886e-01
5.243770066851932699e-01
5.100392662005202027e-01
3.708015818391059426e-01
2.193308813436546933e-01
1.900380924340702993e-01
2.725094679681495657e-01
3.118355996197503255e-01
1.875763648510991866e-01
3.412805443594713051e-01
3.960608566522280660e-01
2.902136549630450757e-01
2.480556635666952281e-01
3.021149863179748429e-01
1.127938420440427886e-01
1.540170649030308536e-01
2.111730622935567570e-01
2.767760300528079864e-01
4.655679602670597106e-01
