6.922240460847705279e+00
1.451627129343953548e+00
8.454719796730476578e-01
9.607434033520280137e-01
9.704491620326137769e-01
9.589288426471639371e-01
8.683733799566749623e-01
9.605238331127499141e-01
7.218655517685845791e-01
2.030338179854717373e-01
9.900337601159436840e-01
5.417203722941426047e-01
7.155202761843133530e-01
8.570040506571393601e-01
5.009489415846742899e-01
8.896527143235969382e-01
4.573341725326452445e-01
6.102956548838432971e-01
1.951899497225273172e-01
3.520968946740762329e-01
9.784192450185750234e-01
4.001109542064102548e-02
4.442963786231328704e-01
2.446688653770798250e-01
3.072812985045835776e-01
4.355133305786665354e-01
5.653112948215639477e-01
4.503593826820361246e-01
1.057238926016694502e-01
5.676774663665616893e-01
3.669123832373517580e-01
3.237023035455676157e-01
2.787588974534169206e-01
1.608400313211204302e-01
3.130371141628561782e-01
2.844392039711433617e-01
3.713455255378745323e-01
3.642954326486328998e-01
5.853066702153273404e-01
6.987826799144450929e-01
