2.096114080811397784e+01
1.672549690214025775e-01
1.810743126086382382e-01
1.813441274526680358e-01
5.225783540618877954e-01
3.315070592218780088e-01
2.831084229582777612e-01
4.755791007160211636e-01
4.446919241755172281e-01
4.267144237701903098e-01
4.204969907038122456e-01
5.816715929813858210e-01
2.048583687508704620e-01
3.266874289452928459e-01
2.150231511749553515e-01
1.670314448186558109e-01
8.084523673769693219e-02
1.565070361410340338e-01
1.446419984882934828e-01
1.537703167559235640e-01
1.323473651725595723e-01
6.796197135350398044e-01
5.361315995818615177e-01
7.154501094791222426e-01
6.389652508268672815e-01
7.784445775956803093e-01
5.600595896127892326e-01
5.489960691589671482e-01
5.203802442326512789e-01
2.750320727632810103e-01
3.600582088811827841e-01
6.882334682208286758e-02
2.219662052089945159e-01
1.268324039291192085e-01
1.358218441138493715e-01
1.636321273805085852e-01
1.780815757041638581e-01
1.283643311925927177e-01
1.309000672097627715e-01
2.287196480038242996e-01
