1.244226405311020045e+01
3.892436373436359620e+00
2.130368887864257044e+00
2.538943732475711368e+00
1.007682923317104295e+00
9.448756043618043721e-02
5.156249273919628617e-01
9.854840790758153668e-01
5.689476692530427426e-01
1.172987035434210012e+00
9.074559447014773905e-02
9.672284906806746241e-01
5.184730077967191209e-01
9.112316835939764381e-01
1.017946071045647827e+00
1.542173133277820185e-01
3.854138217982624459e-01
2.601733319870586092e-01
3.568400341758796723e-01
1.345720029236305570e-01
3.190819444308346520e-01
3.834352078018934268e-02
1.194566495935629885e-01
1.185220047161203716e-01
2.479114118074784712e-01
4.384482340552665613e-01
3.274281471847336755e-01
1.311692355145286371e-01
9.640103758080444118e-02
3.335243763549598506e-01
2.818301911825580319e-01
1.910950712183191735e-01
3.017570835274487884e-01
4.376573881468863170e-01
1.327069570342415405e-01
4.622236425353897782e-01
3.349522912957572651e-01
2.478463026240615152e-01
2.850303138760764687e-01
3.297891004159283490e-01
