9.065613631528618654e+00
1.054693163839083070e+00
4.485642471285217203e-01
9.717004697857632989e-01
9.717365653912257706e-01
3.531797192189590207e-01
9.233029837486587121e-01
3.687884152483852374e-01
7.010400661382210075e-01
1.033445822287670790e+00
3.897119429072827268e-01
3.034565308049848031e-01
4.225678189424590947e-01
3.994338710754631872e-01
3.152501374492295283e-01
1.959851022555389177e-01
3.319243014150586313e-01
4.597598280277038207e-01
4.213882922509558648e-01
4.963624499972617010e-01
4.602769517476605898e-01
4.753509883540317782e-01
2.890912678483562592e-01
2.917380154818801641e-01
2.056762148969030479e-01
3.005533067815445158e-01
6.309211490128591171e-02
3.199659601354877259e-01
6.190059936131257073e-02
9.127720053944113343e-02
1.462005709296228251e-01
2.645178686856639039e-01
3.019057470428578305e-01
3.948277932868498596e-01
3.540771047535202221e-01
2.897443645430741177e-01
4.369280765721877402e-01
4.621309918798078287e-01
1.335564773327198862e-01
2.631243676155375355e-01
