6.940870470138517767e+00
1.316135671900784843e+00
4.106258716081382515e-02
7.675143832758298812e-01
3.337361640180044886e-01
1.061731377754974170e-01
3.379562500994612306e-01
5.471086101638883425e-01
8.837616939332576527e-01
6.158944226718615633e-01
2.718381962296196330e-01
9.192994029678939194e-01
6.977946282595400840e-01
1.730925537472641218e-02
4.209946473287941582e-01
4.045642884457160138e-01
2.837126198451896952e-01
1.575979834903052101e-01
2.652478450967824530e-01
2.517407477031369245e-01
4.487237802395202535e-01
3.601628316651802053e-01
1.634729426868503643e-01
2.022011877379363276e-01
2.787925347817574728e-01
3.591957218565104970e-01
2.321861861382655545e-01
1.477072912459889142e-01
1.849259144920204281e-02
9.670387150645437524e-02
1.617858317876174068e-01
2.279794524544549172e-01
1.495516909011593565e-01
1.852835853003402256e-01
1.226142563636534316e-01
8.711383885729309662e-02
3.023623447654867624e-02
6.343676150555357940e-02
1.055826458082678720e-01
1.246163291942710694e-01
