6.445938284643695226e+00
9.357872065613986878e-01
2.151116421946208668e-01
2.363187736866574906e-01
2.098960519405770331e-01
1.381914841331597810e+00
6.481606066030876079e-01
1.498862343858812507e-01
5.743443613562460026e-01
3.036209278307103188e-01
2.086106742452720486e-01
2.641741827757421723e-01
3.275207308966927577e-01
2.478530768089150516e-01
1.735102062380178278e-01
6.285043908673501600e-02
1.963853935289144037e-01
2.684790446276345000e-01
1.123448025994811389e-01
1.786388588137563516e-01
8.262874117826514431e-02
4.216389642160823376e-02
1.173180990030390086e-01
1.305717320298915296e-01
9.223711853659254112e-02
5.207051766626481087e-02
1.065802674547696033e-01
1.422047423195295646e-01
2.564833353305600097e-02
6.363921401517014242e-02
2.634749111821297479e-02
1.334164202943013446e-02
4.543793030993265730e-02
1.242805211516161135e-01
9.108768760380181462e-02
2.143178485978083567e-02
4.847039403687527365e-02
2.753653753916365104e-02
6.356669742166753956e-02
2.759229815759349502e-02
