2.139527390357938152e+00
1.909727994164676090e-01
6.884700211092358024e-02
1.311221373873586171e-01
1.245258488070761227e-01
8.912309314886866785e-02
9.582489004108570019e-02
4.177408281206226870e-02
7.015309798168239963e-02
4.990640323639275455e-02
3.946190893693620610e-02
1.010941680200704851e-01
7.172597241592310047e-02
2.411793335765780033e-02
4.247919802402343181e-02
6.170597042042469393e-02
7.140971991292617560e-02
1.212241836254470961e-01
1.761455613875625437e-01
2.783972426045185425e-02
2.594920450928974581e-02
2.666870672297578029e-02
4.736771741850769046e-02
4.175009610596924770e-02
8.340865814685592683e-02
2.863026451987744220e-02
6.902250792117589628e-02
1.982159415586473919e-02
5.003604913626470696e-02
4.053962635060889830e-02
4.193025143544436978e-02
4.216651509548818150e-02
4.328233791826389953e-02
2.743853253524702537e-02
3.222817527495729778e-02
3.944436605276972763e-02
7.130542390605491831e-02
5.665462211570509825e-03
6.928111512544143924e-02
6.767895029698789422e-02
