7.804509461412597382e+00
5.358969325180993337e-01
1.326458573586664746e+00
1.264045770074613495e+00
9.138218970572187239e-01
1.348630627231057755e+00
7.208171747928282524e-01
7.706778417779581725e-01
9.740534727935830084e-01
3.955623456785951064e-01
3.155593413715543361e-01
2.351581610451072557e-01
6.809392569779658677e-01
2.083021114674931951e-01
3.113719242184321834e-01
2.724685334352293653e-01
5.374361773383622420e-01
5.358590666835411076e-01
2.993790334432502309e-01
2.860634765670012070e-01
2.821364982277551059e-01
1.391198268220011913e-01
5.894574135346721672e-02
1.523795599206984874e-01
1.241917150751146448e-01
5.218383035709909384e-02
1.407096548596320773e-01
4.562890995478643963e-02
1.562040116725061378e-01
1.007823700629822683e-01
7.087551575577404062e-02
8.840124051371343883e-02
9.480248715463038267e-02
5.383014022702959506e-02
3.793984929772453024e-02
7.636385336200826601e-02
3.947743709127948114e-02
5.923011292310073617e-02
1.658246338189560409e-02
4.867030362933717075e-02
