1.988429495819831061e+01
6.174102784254169585e+00
1.823074055707354146e+00
2.220415586459308255e+00
2.173890973151771377e-01
1.718865018448511695e+00
2.581002725050044244e+00
1.875065101312635374e+00
1.813165668647192419e+00
2.263299708570441382e+00
1.412543004421602078e+00
8.230603858565133102e-01
1.361772994703587925e+00
1.043138611057297549e+00
1.213219007906861879e+00
1.012100176639156413e+00
1.580673628668079367e+00
1.195905112546906901e+00
1.159292651901417726e+00
3.622289041973746904e-01
1.100861031736489748e+00
3.642273624366509921e-01
7.083385222827139893e-01
7.125033247871823683e-01
4.118459286305439226e-01
3.056802565025347751e-01
5.758517837109461412e-01
2.236614861479664096e-01
4.759808595201213133e-01
4.072120282938017088e-01
1.697448427516276281e-01
2.049515901873700807e-01
3.729526719615477992e-01
2.170684246432072473e-01
6.052329483412481892e-01
2.553249265331793971e-01
5.007145855115685551e-01
9.048731053418136716e-02
4.581689948278672153e-01
4.564633107465661949e-02
