4.389682035750027467e+01
1.308767113763412837e+01
5.010913180041730364e+00
2.934829367606500927e+00
6.765339894093479245e+00
2.893597369068072300e+00
2.051637841218481473e+00
3.742234830841501214e+00
2.849921836826012189e+00
6.017371263397431891e-01
2.552179894053276055e+00
2.858071638096658429e+00
3.586243177732533649e+00
3.309815483605696773e+00
1.815618934510717430e+00
6.618493913006198159e-01
2.249123181760023016e+00
3.931399810905589209e+00
2.929831168072417835e+00
6.435446929372473646e-01
8.611439194019366861e-01
6.995364596055264617e-01
1.137613642883924525e+00
1.594094570584863257e+00
1.711838970798221116e+00
2.224645165760880339e+00
1.447542461411497339e+00
4.771403946283291897e-01
3.584584903903000885e-01
1.583101033600774254e+00
1.419672143327459723e+00
5.381041654722372725e-01
5.945458666001686154e-01
4.158859018121197071e-01
4.230958149776037347e-01
3.156272977341663677e-01
2.707950779722791412e-01
7.094784806384478726e-01
2.905062976582563072e-01
5.807474092486804018e-01
