6.563430258289518093e+00
4.542236428692655315e-01
6.878623412281935634e-01
4.908987860600615982e-01
5.803164236161205691e-01
1.600832152945460829e-01
9.340838107592419615e-01
5.424715019301176167e-01
1.960781425881503170e-01
2.473645353947106218e-01
5.869247899253516448e-02
6.410636526532000057e-02
2.530755858734592412e-01
1.051131873696141417e-01
4.200122400282062241e-02
1.198127758976528234e-01
9.554918817859886504e-02
2.779177260840358377e-02
3.947854176181909286e-02
6.701407078128052142e-02
5.354627693790417475e-02
4.365871591219374487e-02
2.015371614053503013e-02
1.940765417094586151e-02
1.976216536109271296e-02
2.338183770094401370e-02
8.118706081211410353e-02
2.276916866940233153e-02
5.675770108647969908e-02
3.221766535307475643e-02
2.896470925044009395e-02
2.504908111908452431e-02
5.310184089874883662e-02
5.969081665081946327e-03
1.341766491968553882e-02
2.479737470900581636e-02
3.195692816627196398e-02
1.513419457574201321e-02
1.378781272020715605e-02
1.025612895514983053e-02
