2.977828666704594340e+00
3.858469107752388050e-01
6.489079094387807389e-01
8.376214217728136791e-02
2.922915745634205309e-01
6.181933673451353028e-01
3.032229716903818706e-01
3.612702601729924634e-01
3.964961588658248992e-01
2.147997299949473970e-01
8.673003572005476280e-02
2.407795623634132187e-01
4.066883461994351412e-02
2.107862487545652530e-01
2.725998477718053481e-01
3.692579994910435426e-01
1.647271849358447060e-01
2.770618049641798142e-01
3.600470237054106404e-01
2.495909388990394662e-01
1.098661357007988254e-01
3.008955905542720632e-01
2.374409862519391567e-01
2.714696508428146027e-01
1.797151347604269700e-01
3.054065355814409854e-01
2.725510609669283824e-01
3.956091202515533145e-01
1.513336396130061101e-01
1.620051365815559641e-01
2.970969585367452814e-02
2.633636626640938339e-01
1.896159016796210295e-01
3.434105517345140135e-01
3.258697003979117990e-01
1.336747672785107421e-01
2.687094291463955065e-01
1.280939485359298136e-01
3.213990170474241848e-01
1.680162853275284640e-01
