2.747108581850087550e+00
3.725458122272748973e-01
1.275229879886489837e+00
4.224668689145710254e-01
5.291898226028133312e-01
1.886813079629678647e-01
1.005391922992933118e-01
3.141260545396514225e-01
1.189775345597299805e-01
2.022141402324071635e-01
3.276920617096859001e-01
5.921528607168249220e-02
3.228190301993510425e-01
2.054361066259858537e-01
3.304816890449975286e-01
3.231308603069947272e-01
3.040351245077167475e-01
4.367200270949550545e-01
3.135939502769684584e-01
4.350293342884165027e-01
1.978986656370042285e-01
3.672838502443400710e-01
8.272964467942785227e-02
4.028526962524831001e-01
8.510009747273673819e-02
3.754026183416598883e-01
1.320219488174354527e-01
1.721860501376583918e-01
2.233009502060219198e-01
1.254353945780866120e-01
1.371647908126891746e-01
1.637299905329826499e-01
3.044717357024621651e-01
3.707038507260321247e-01
1.615598859187292458e-01
2.330871687333415931e-01
1.873116929708558698e-01
2.327340025041309823e-01
4.801441775948905866e-01
1.143825281368359426e-01
