1.297860690152723429e+01
2.163399249196118201e-01
2.738910112786032136e-01
4.585417749292231560e-01
4.774449392849589024e-01
4.096876851489035798e-01
4.216427480196225930e-01
5.233362060411658190e-01
3.599007371393381782e-01
3.862082753822033698e-01
4.367589014445864559e-01
3.793853864339029047e-01
4.092890134031515470e-01
3.373331191191474288e-01
2.111550869591187485e-01
3.581946266667859757e-01
3.117729768724181172e-01
2.936629249839276534e-01
3.168879015002132871e-01
2.899029241755702313e-01
2.871099011963444969e-01
4.544977581422071089e-01
3.241087488186606969e-01
2.566078345198574695e-01
1.874459500905117371e-01
2.323827280495870118e-01
3.373633746763404218e-01
2.019645686236702375e-01
2.222063780818940015e-01
2.114213230870624349e-01
1.115986423233698149e-01
5.427670856052826259e-02
6.655400820201594347e-02
9.164047130608103664e-02
6.656760745173383176e-02
1.094570207850698446e-01
9.007518241393930314e-02
8.447358411821946633e-02
1.150116859847460510e-01
1.162518010279176145e-01
