1.130330509679014561e+01
5.967239815272519898e+00
4.458180774014340209e+00
3.891248296772164217e+00
3.276810560458707222e+00
2.877960714646888629e+00
3.012168519669881306e+00
2.372790025618428444e+00
1.880988639362657366e+00
1.631402167832365357e+00
2.442516363409244828e+00
2.765961954727776284e+00
2.042465613418781967e+00
2.454837396786663017e+00
1.649422158148052597e+00
1.175430643474583370e+00
1.246956337662897596e+00
1.628172198165380946e+00
9.784764175619955484e-01
4.895670847715167806e-01
5.952846226610911673e-01
1.128079045144892545e+00
1.341188506709980466e+00
1.666641386608069597e+00
1.636962581531090644e+00
1.110181606920289665e+00
5.472500629048145937e-01
7.713690683792505665e-01
1.014346207536655609e+00
4.102117215095263392e-01
2.859888631707963036e-01
3.219895627644982217e-02
2.498751452876522838e-01
7.819300101610214826e-01
5.029863140597917726e-01
6.663614127124338760e-01
2.771533361103333815e-01
1.801237612458485848e-01
5.059941746036847876e-01
3.332203345895339841e-01
