4.727955124741176718e+01
3.601143988321809530e+01
2.358900377129211989e+01
1.824433026337151986e+01
2.149158759906844907e+01
2.479325465779440663e+01
2.416692003768966046e+01
2.072697408484722459e+01
1.856724027230482221e+01
1.752893277533564032e+01
1.809153218102210658e+01
1.984410997943928834e+01
2.068211464143181288e+01
1.952907974581960460e+01
1.681169070645415076e+01
1.517873423361304042e+01
1.310357067634827288e+01
1.334322309344851121e+01
1.508176849743840719e+01
1.588427587578967781e+01
1.493836924320674164e+01
1.325760051294818531e+01
1.329199009072497972e+01
1.389927318590954997e+01
1.380230294176048567e+01
1.256982941771667406e+01
1.123252672826750853e+01
1.016296061233780890e+01
9.494607000225867566e+00
8.371202907588576991e+00
6.864209748656056931e+00
4.552174388094428537e+00
4.832076573413014664e+00
7.888284552115937487e+00
9.821444185525967541e+00
8.080403843119555063e+00
4.081271948456080878e+00
2.490662890135046048e+00
2.615934137037791540e+00
4.567441804339464895e+00
