1.372612253787537817e+00
1.703645562491705456e-01
1.782957158823482158e-01
1.263455224326816839e-01
4.492453801461929186e-02
1.055230452709851607e-01
9.519525402766798594e-02
8.734419707457284632e-02
1.060355994674946900e-01
9.702815680622325911e-02
7.831038470137408058e-02
1.481321852605654021e-01
1.021023817723707011e-01
1.028661399769765644e-01
2.480965499090082363e-02
1.207074095864763275e-01
1.387343803268520637e-01
4.773287269255865883e-02
4.764045218139009025e-02
1.046626844973154169e-01
6.570567210495766031e-02
4.527228136445200085e-02
2.610529903935525017e-02
1.064932683739940739e-01
3.601449561241635428e-02
1.001451669622075297e-01
1.927599466932810868e-01
4.852501414808174651e-02
5.278610955620831324e-02
4.351355495691824199e-02
4.059671969756561971e-02
1.102018141630159570e-01
9.968891004577952464e-02
2.631600619797689472e-02
8.058708864588154386e-02
9.506657414935537620e-02
8.688368243818721248e-02
6.511445392331487170e-02
4.362178423824470547e-02
2.581204531864609783e-02
