4.446132374992044944e+00
1.286693705867432702e-01
4.447250976748917117e-01
1.714687482761559634e-01
2.800570632257594617e-01
4.481000117608823774e-01
3.087351319851034948e-01
5.631885061225889305e-02
3.171508444627645917e-01
1.776974562843589567e-01
1.524637048948272178e-01
2.232504578097068149e-01
3.304207845663751919e-01
1.803823944057645068e-01
2.680154968367630119e-01
1.285394960274851839e-01
2.132896187633420149e-01
6.773856106216910589e-02
7.173253372273258321e-02
4.247517192859788515e-02
4.204500793421952348e-02
1.273310289200866308e-01
1.715868827777137229e-01
1.481832249889444286e-01
1.018398483289373879e-01
4.080130156622151227e-02
1.159458188047686328e-01
7.736287400060226638e-02
7.177738453649248895e-02
1.836320115468914604e-01
1.800428525762303167e-01
2.001676076960495765e-01
1.168604308127423469e-01
4.536443234989552542e-02
5.197227667101614323e-02
1.324605261266597334e-01
1.560892960132200524e-01
7.767327938608399596e-02
4.990014396131833840e-02
1.910810377866635767e-01
