1.663384047615637229e+01
7.215152101102257021e+00
3.268589932104368323e+00
1.786011915154975149e+00
2.342654477792116552e+00
2.871979604202852698e+00
1.589685153328427525e+00
1.829571535825379236e+00
1.684763642769839587e+00
1.593898147072110083e+00
1.577564331953419163e+00
2.002706299570554016e+00
9.786816531078461612e-01
1.591185786250628453e+00
2.235396740608998289e+00
1.814998157241572319e+00
1.622050057053335603e+00
3.845265111941751912e-01
9.805970584551895186e-01
8.426945113071784288e-01
7.965788798068030863e-01
1.265749825580597898e+00
1.527134999187584441e+00
1.190561963673836265e+00
3.428591696953861012e-01
9.474035057858699593e-01
1.498247602762173170e+00
1.202895978149812528e+00
1.322282686919135308e+00
1.408641928491061401e+00
9.375086477885015146e-01
7.348996418920227258e-01
8.986363153908091261e-01
1.412999565628595633e+00
1.011369514370047407e+00
9.010094323349936429e-01
1.254178775544651181e+00
1.252439204565518605e+00
1.105825419263852583e+00
6.027271322074887472e-01
