1.075391747090349526e+01
5.340154942525067838e+00
2.942970595598263017e+00
2.667970481161212160e+00
1.462684452959859716e+00
3.205281074295447397e-01
2.290533924009031941e-01
5.951974747427594969e-02
4.832758800547909961e-01
6.356004772499470601e-01
4.533201937646398338e-01
1.216998683103407641e+00
1.375889954335102416e+00
9.135610206252896548e-01
3.793013484498600207e-01
4.511858790557525811e-01
4.066042423255984417e-01
7.660447198808683078e-01
6.055018234173735747e-01
2.190361367265965531e-01
3.952856656663601420e-01
5.577643301277294130e-01
6.000590160845356014e-01
7.973371151567799631e-01
8.485141775912283801e-01
5.629877475758058303e-01
1.994749443904771380e-01
2.224664356763266237e-01
3.008797074585804476e-01
4.039012126138605829e-01
2.007368100274724287e-01
2.369987362781256490e-01
2.906750637989189978e-01
2.711130138548249469e-01
2.937113027685321343e-01
5.590186720143663912e-01
7.920652383553006270e-01
8.718372312196882579e-01
6.446156481910495506e-01
5.061874309569446284e-01
