1.490128462167378487e+01
4.651845028406680349e+00
2.039942121030153377e+00
2.425937752065293829e+00
1.060529429886243546e+00
4.401617311263146815e-01
2.981181203219875897e-01
1.901056868790030885e-01
8.880507790401551693e-01
6.153473007246930138e-01
1.249502748507439920e+00
1.860113685852867516e+00
1.202850502240496056e+00
1.095314386417374664e+00
1.993592560135482306e-01
4.486933740311039864e-01
1.420123763951132712e-01
8.252565046453286257e-01
1.088707036355499591e+00
4.367983156311894266e-01
4.961747070087031419e-01
5.190135383698829541e-01
9.898207336415402180e-01
1.041913957114652733e+00
3.636692483214694072e-01
5.661121053439434059e-01
7.455316487754611865e-01
7.338078583604676908e-01
1.736101579373223458e-01
3.354747892973443668e-01
3.950608863987037367e-01
5.345555624076050311e-02
3.975787749563653994e-01
2.094526845458316022e-01
4.996813636155875149e-01
4.061393830429140817e-01
7.773059247252460668e-01
7.827565296216858481e-01
7.222645633476861837e-01
3.794443251527929162e-01
