1.137974647776816894e+01
3.421426029028500349e+00
8.168561321271350373e-01
6.084575261806043356e-01
8.974311582097673767e-01
9.637926857864947960e-01
6.162572102006202979e-01
3.445552226895571835e-01
7.106516899537240750e-01
1.630315002183986950e+00
1.359984273405721922e+00
1.210621102268608640e+00
8.560749155046154524e-01
5.028691683504035170e-01
1.949563703395725267e-01
9.685535784498766620e-02
1.212369582499355364e-01
1.749270324642847041e-01
2.665500385563043806e-01
9.674881528029290190e-02
1.115719708421645945e-01
2.964289745782854868e-01
6.038258281468212446e-02
4.098240828453448281e-01
3.197799064385133949e-01
1.757748735226603853e-01
3.738930449593868000e-01
2.417254897964249694e-01
1.523888918000765591e-01
1.499701427949472754e-01
1.400612544086866640e-01
1.583962713005471479e-01
2.080353089009502610e-01
2.083111283611438491e-01
1.937550047871358649e-01
6.772964906444527144e-02
2.213019080815777362e-01
2.723088239136936539e-01
1.179038759760213800e-01
1.328561431697429518e-01
