9.153758232825840224e+00
1.140330935700039294e+00
7.469064356441790231e-01
8.102366541287107093e-01
5.256844252194418088e-01
5.168076092847406766e-01
2.217769827427456264e-01
2.114812409183260689e-01
7.674456998203604829e-01
1.054097711101983359e+00
4.643629503891121835e-01
5.280091770911606863e-01
5.818323708362289626e-01
3.874432267746427683e-01
5.617176232295097993e-01
4.498328499251574852e-01
3.642560355610106049e-01
4.067704957237336938e-01
3.650417383972712204e-01
2.873130501114764535e-01
6.667119907818761515e-01
3.112577364848098660e-01
1.066918403970004009e-01
2.941801110271942687e-01
2.511655886824013528e-01
2.030198323072839595e-01
5.273894525229154695e-01
2.690627513983692154e-01
2.901216521748595928e-02
3.142827804283080950e-01
1.879979829780075440e-01
2.450765413371049917e-01
2.822953144808238446e-01
1.317100024688408477e-01
4.284779587840781279e-02
1.781357917796214663e-01
1.000547035649293204e-01
1.441756513600231937e-01
1.107074674445676504e-01
1.924071502711494630e-01
