1.554745359537931115e+01
7.898272450947513512e+00
6.311476038304189018e+00
6.398326487633703152e+00
5.976587772430736578e+00
6.406587369266738996e+00
6.129090155173255283e+00
5.627108432625432144e+00
5.516990595176888057e+00
4.759008366172365889e+00
5.339916149587206284e+00
4.721827655312617722e+00
5.122371090156478068e+00
4.439500982465716561e+00
4.359500877922004136e+00
4.939235774178076355e+00
5.470441078748174313e+00
4.795972738846839611e+00
4.524208107731272577e+00
5.452080751255386382e+00
4.732952145924811838e+00
4.744978241651576667e+00
5.879766851535651817e+00
5.643164178242658480e+00
5.707057399028668598e+00
5.730190590606818013e+00
5.854155233430503813e+00
5.764363313055936189e+00
5.648376070572139085e+00
5.592389311300928867e+00
5.537234885717728261e+00
5.848771568459524062e+00
5.645982977214557330e+00
5.363405400533104661e+00
5.483481473080979995e+00
4.796978029495920559e+00
5.020280185080599367e+00
5.306049927173682512e+00
5.070882864488013730e+00
5.031888859960313098e+00
