2.938441933633401604e+01
8.848080875915465882e+00
3.401832215086240563e+00
1.425379559578528355e+00
1.092713963671914756e+00
1.358648414353776479e+00
1.796311080422417827e+00
2.632399813057828553e+00
2.303413217746669517e+00
1.478277971540980840e+00
2.607208154898540187e+00
1.110734618545357044e+00
1.417534737021921287e-01
2.400974472218959654e+00
3.063018298285967944e+00
2.136529617240376488e+00
1.688744980860017231e+00
1.820798355686407799e+00
2.591423794359021038e+00
1.471221470355403627e+00
1.236358628031227536e+00
1.422881398620263971e+00
9.466609033093643655e-01
4.348512527526665061e-01
5.532490008246091495e-01
1.641843138318263562e-01
2.096616985718799397e-01
6.581262900561718476e-01
4.575952990719009961e-01
6.584309151463949572e-01
2.572341071610446117e-01
4.407591541496932996e-01
2.792287082251138641e-01
2.806326203524278085e-01
5.010204576671313248e-01
7.219756514233924838e-01
1.795226033889424644e-01
7.195367774410328376e-01
9.086332816284772296e-01
2.937548459302141701e-01
