1.591797277838156077e+01
4.021284573029719311e+00
1.305434495344710788e+00
2.240848202321132021e+00
1.768329589122378920e+00
1.400614054674865105e+00
3.711979557908266503e-01
7.449020208090043615e-01
5.096925043351895335e-01
8.716297199508755700e-01
1.355832983451019880e+00
1.705007614752783951e+00
7.241032632385955292e-01
5.283009483198257694e-01
1.079863050838150595e+00
7.788696609119500902e-01
2.408145773638790121e-01
5.874088735609108713e-01
1.212773921083765361e+00
3.137590128523793376e-01
8.527562633595772157e-01
1.063976621022163060e+00
9.955088324957674928e-01
6.324935796784568742e-01
2.224905662925459049e-01
5.050983724317547469e-02
4.230163345566348432e-01
9.229257605702998468e-01
5.485698442614572734e-01
3.787430873181937274e-01
5.267344214543814296e-01
2.704702479120439373e-01
3.811491259623439598e-01
4.136453822251465740e-01
6.257375061773965408e-01
4.972755371701059190e-01
6.039268005297993014e-01
4.944040468874675298e-01
7.230497371889869074e-01
3.177065702855577656e-01
