8.066804230431351641e+00
1.141013601651232667e+00
7.268551318759635116e-01
4.091105785809774353e-01
1.818687402289505650e+00
1.293282103598896393e+00
6.929438290451384042e-01
1.377188630266270863e-01
1.347599201555839954e-01
6.524606543568436390e-01
8.920438407555957294e-01
6.231831280494468661e-01
3.100931981422270223e-01
7.374916824693782402e-01
8.189371256323856318e-01
3.299866264180134623e-01
3.533484530000727264e-01
7.096835344564987880e-01
6.732902684731120191e-01
2.336225001175170068e-01
2.136972316102835889e-01
8.214633974320204035e-02
1.970738330321073206e-01
4.685079219962720032e-01
2.835999485042238755e-01
3.095861678046656351e-01
3.494267428285065535e-01
2.079512935131060947e-01
2.260844000397342901e-01
1.947198730289996793e-01
1.080217207802641466e-01
1.364406727082498882e-01
1.639029356760875189e-01
1.009004763133853344e-01
1.068533225296048328e-01
6.798994016972184640e-02
1.079016860277884349e-02
1.959035398658339200e-01
1.405411146120438270e-01
1.081991847770315957e-01
