1.994615075307338259e+01
5.195907678306727284e+00
5.237280198912323215e+00
3.822051988014974366e+00
2.188514802839291118e+00
2.221593318785794580e+00
3.013794496772732590e+00
4.461813039671360670e+00
2.623916389851772113e+00
3.467265900441526050e+00
2.992582144325987237e+00
2.680912858077366234e+00
1.429793712068208267e+00
1.992053729756776637e+00
3.896074962147432430e+00
3.958045836536637108e+00
2.963546299072556067e+00
3.808749363468854288e+00
3.013896221135679010e+00
9.664544193027824193e-01
2.308481605901624434e+00
3.822133704708960966e+00
3.305398708461102508e+00
1.592586426734690752e+00
4.046121065835931674e+00
3.950531415889923625e+00
2.145063418465041671e+00
2.770993397039620554e+00
3.900431229895469976e+00
2.681349870823277914e+00
1.687498388367745017e+00
4.831513549647354466e+00
4.171973512240593429e+00
2.176817492026171141e+00
3.498613108084875911e+00
2.937522164560796956e+00
1.566097286135200939e+00
1.550457070574897456e+00
4.223946909909193970e+00
4.536758420868629571e+00
