1.953488828619941486e+01
9.591758653489005582e+00
2.644216589768674464e+00
2.230685242248144018e+00
1.270866707208255120e+00
1.379571636333528639e+00
1.847541763268437887e+00
1.544929021945649072e+00
1.087369891584517134e+00
1.112753315200494031e+00
2.561724309814815470e+00
2.004662505312129195e+00
1.114351109203017387e+00
1.441767696795600351e+00
1.143869755138052557e+00
9.754850049634284925e-01
8.168976889597426849e-01
6.919999228452169415e-01
8.091782435892149739e-01
8.179764142508879621e-01
4.909019564258745305e-01
1.039322134997879982e-01
5.786630191185103689e-01
1.326505874949618358e+00
1.315726646146369250e+00
8.686937617315853011e-01
6.036057447987269731e-01
7.688865546360525993e-01
6.646598273519145339e-01
6.004175294697432497e-01
7.342472546133982370e-01
5.549452323045046542e-01
4.128840225778830364e-01
7.625560749348233580e-01
6.084994742689107117e-01
2.304402901231949186e-01
4.177098094465704348e-01
5.997407285398327348e-01
1.767891838288179474e-01
5.798449896795263570e-01
