1.729912870013149018e+01
6.762947307065838132e+00
5.514580797701033710e+00
4.874694964874558778e+00
3.349523156180914008e+00
4.955768689075774169e+00
1.214347465466675491e+00
6.473888767443289893e-01
2.798123019151474988e+00
1.045459636378950785e+00
2.402259988171600025e+00
1.710744301258788402e+00
3.781440771515419019e+00
1.761008918374851628e+00
3.644370194550592856e+00
4.523933845072345861e+00
2.775982281948538688e+00
5.419925941705298733e+00
2.837552051136318809e+00
3.153278984796293649e+00
3.935291130231431289e+00
1.348752254416225593e+00
3.657384679861051868e+00
4.219759047586321699e-01
2.726054854053572729e+00
1.018038014328043861e+00
2.791340255197076292e+00
3.263184717942066992e+00
1.572685004005989651e+00
3.681669523455608051e+00
2.130201477677087230e+00
3.290430929597383702e+00
3.868699531286213134e+00
1.598970105856024393e+00
4.094884071701209827e+00
2.414823005271990120e+00
2.517828455070537874e+00
2.592611162682918025e+00
7.471401294870718690e-01
2.663575541687734916e+00
