4.300548916084481732e+01
1.991304976865732002e+01
1.146112070227817448e+01
7.209772821586676095e+00
5.829353218780600088e+00
2.959460565862428894e+00
9.924183299766776045e+00
1.444000103403761059e+01
1.270883165777757107e+01
7.122798058954246336e+00
5.543897785469656725e+00
7.389805836280652684e+00
6.876154728411210115e+00
6.657375951138775783e+00
7.486724484256208179e+00
6.993374230467919617e+00
5.360242030758122667e+00
5.273166904889490247e+00
5.614424280141842694e+00
6.038399118810415800e+00
5.903723865915823765e+00
4.522043555509780433e+00
2.293536255716244199e+00
4.222655995265102824e+00
6.677187210650463278e+00
6.996431849020282812e+00
7.089197672171926534e+00
7.545769829830166309e+00
6.333279255775139838e+00
2.976591595913071320e+00
2.540511194498671355e+00
5.082535425646939053e+00
5.477198932232840711e+00
4.905571188136153005e+00
4.458743120559704565e+00
3.129486956066836800e+00
7.276476373684815924e-01
1.889770021353360585e+00
3.218252796496754886e+00
3.306713238156234080e+00
