4.553275430275907532e+00
2.609772941058677298e-01
5.771640531566042398e-01
4.792558061873187225e-01
2.256123072911956073e-01
4.262663116609335945e-01
1.328340019132455418e-01
5.117861910253226343e-01
6.733267625277220558e-01
1.400605604943914173e-01
1.671405374662826016e-01
1.704870121347536460e-01
1.590610095566606652e-01
2.762026128576205997e-01
2.604998165225894668e-01
2.985257766926162071e-01
1.310819190909924825e-01
1.333528430759465255e-01
2.028268323591299604e-01
2.689765172860862918e-01
6.172222430600566440e-02
2.793163750782849397e-01
1.324772636380865121e-01
9.923853916627005389e-02
5.384595752317167250e-02
4.510096969935596667e-02
8.240510890207250472e-02
1.315875763848536883e-01
1.654030512140589049e-01
1.700332433919324593e-01
8.599709663809515514e-02
2.454270343578114910e-01
7.615239239268788152e-02
2.335691834111721932e-01
3.835298012950868335e-02
7.166970302064983034e-02
3.027338111879407379e-01
1.384065900826107198e-01
1.296581793584641595e-01
1.505130557249984014e-01
