2.697480877177746095e+01
9.938065273026907676e+00
1.171940059782537880e+01
6.441152468828173383e+00
7.304761656851572305e+00
4.848947051403261099e+00
6.942053743073763883e+00
5.025496925093047906e+00
6.513588612803368427e+00
7.079855795482434822e+00
5.537147630860548730e+00
6.105758156166854356e+00
4.784191888875414911e+00
5.711994789605234324e+00
2.790106187838482299e+00
4.748166273071479537e+00
3.390000381854938016e+00
5.510972045525597274e+00
4.816307739638561181e+00
5.529651138011290712e+00
4.292689422049228654e+00
5.569587188423401614e+00
3.577681254053812321e+00
4.414222761642682791e+00
4.574304512645702481e+00
2.870691514441164660e+00
5.094014921989328037e+00
4.979963603820586115e+00
6.020522768100035726e+00
5.806308618788046161e+00
5.863352279890407637e+00
5.687086753276868301e+00
5.797952762761066303e+00
5.758279945589695359e+00
4.589466354798558356e+00
6.455962867030806684e+00
6.236793675075904098e+00
6.230733066005393006e+00
8.169141827823684920e+00
1.008390303645479236e+01
