6.167849179721083708e+00
1.152392445088982864e+00
1.029516743569622639e+00
1.456081535101997337e+00
1.195133770519308358e+00
1.231624853371846129e+00
6.525998233341590016e-01
8.115680049523534834e-01
8.884580572103628615e-01
3.984995092797100624e-01
4.355109983134363705e-01
6.364457203325157852e-01
8.790536851220337455e-02
4.619695884455097268e-01
6.471433080119356474e-01
3.818191648762968571e-01
5.688577080376687745e-01
3.834064157635401759e-01
6.967295461400061507e-01
4.274270120880526713e-01
2.989216231059307893e-01
6.769966352219960459e-01
2.515147723773170085e-01
1.895631399983743193e-01
5.745115249416560266e-01
7.941679828926159757e-02
2.645893359160120806e-01
5.022973434466461162e-01
1.767925304521736074e-01
5.103947523239582562e-01
4.895078969613331221e-01
5.061632461240777037e-01
7.316670044930664307e-01
2.516857536511158400e-01
5.145361067929768994e-01
5.999349475375064245e-01
2.076747567032884989e-01
3.942745474761610858e-01
3.736659479773659642e-01
2.948964982920411759e-01
