1.069372174494849226e+01
3.523852157608984292e+00
1.389283000006591662e+00
1.071580970146601253e+00
2.372784812481560035e+00
1.559249085775020083e+00
9.172774338994031940e-01
1.450287041051221193e+00
7.540273721543789831e-01
9.694745122275088001e-01
1.535550840071887579e+00
1.433364873987119203e+00
1.288635837028247577e+00
1.228516439464683030e+00
1.239365316136168405e+00
1.664129376713413544e+00
8.575373233413087215e-01
5.255099607531401595e-01
4.945490501498134850e-01
7.281494379240187609e-01
7.559393620493496391e-01
9.060637113990130942e-01
9.153776830283051336e-01
2.045671775491806621e-01
6.053696432457059684e-01
6.277994835976264953e-01
1.218881429489488966e+00
1.265493025988852827e+00
1.136239002772614359e+00
9.098462241441112042e-01
2.931674589077021831e-01
3.480382913782809062e-01
1.017601968799417556e+00
1.575024656265501033e+00
7.440134646889386971e-01
9.004799220565862239e-01
5.697644000147882304e-01
4.459271161820521634e-01
6.868960674265252031e-01
6.567612294865359246e-01
