3.179255814341341591e+01
2.219850724756293658e+01
1.869759083378952624e+01
1.572540895330835653e+01
1.439525439720552669e+01
1.616997030292009896e+01
1.791721987462486609e+01
1.649822136577610365e+01
1.559839537619384053e+01
1.453400534668946342e+01
1.410075341337489618e+01
1.553991798095256982e+01
1.515993690415114159e+01
1.489663466222405042e+01
1.501904761634922281e+01
1.342895068569553985e+01
1.342535897059854655e+01
1.269705742989869357e+01
1.083052200645478003e+01
1.030705967939076650e+01
1.019220567854424431e+01
1.023316230856349840e+01
1.205801151554357276e+01
1.120149070800912838e+01
9.622724318870011118e+00
9.070100745735718561e+00
7.581253592847798650e+00
7.871096955733599465e+00
8.964912521250132826e+00
8.258214410243692072e+00
7.935549734485771722e+00
6.805716722942812602e+00
5.163597282102138308e+00
5.864049774386841385e+00
5.189699237094391293e+00
4.281115058598229162e+00
4.063738607006402326e+00
3.041023172770457084e+00
3.378527992891598331e+00
4.395026188958875757e+00
