5.848863664146517927e+00
3.116870411855138800e-01
1.224261002173128166e+00
1.241730447159396622e+00
8.225035725178547752e-01
1.070332831363116410e+00
1.452265840787182016e+00
3.559903577586754908e-01
1.004045374177125582e+00
1.041095268859484113e+00
6.119578002812741113e-01
8.757170661821472857e-01
1.451427398552113113e+00
1.206614355191912985e-01
1.006125369819436566e+00
1.103388209511105833e+00
8.290086140760676292e-01
1.017205700410163560e+00
6.714595440384725222e-01
8.050761468522322772e-01
6.584031255431387342e-01
7.325545038163627787e-01
8.056395300755611055e-01
7.964963524782158188e-01
9.477552671881059876e-01
7.348342579958585530e-01
3.905856033391015836e-01
9.877431622204694284e-01
9.538289616057724629e-01
6.098148039975793688e-01
8.366902171190447879e-01
1.035024360733067583e+00
5.659256295886149202e-01
1.296099950146883950e+00
3.785517580062090492e-01
1.012503043621207244e+00
7.001576196546775988e-01
8.035618891090577920e-01
6.311311197567157638e-01
1.045171093751125380e+00
