3.575227201922946296e+00
5.170297595816998326e-01
3.488600767410569570e-01
1.152049456095543267e-01
2.001756734252147785e-01
3.349981000937076736e-01
3.392995892352287934e-01
2.643799914129677520e-01
1.193764021854011870e-01
1.436335868200335208e-01
2.848659259619870654e-01
3.762918723381801223e-01
3.746525487035897162e-01
3.297068676874503890e-01
1.959347982398493282e-01
6.571641802734011495e-02
1.578904779531974945e-01
1.952103882337469232e-01
1.203611555035213887e-01
7.487867846141109396e-02
9.796055564907474311e-02
1.842540951017852535e-01
2.160048819449208457e-01
1.742441470417087912e-01
2.837421754447063196e-02
1.050176022874063642e-01
1.911715416809881551e-01
2.671403225840955353e-01
2.206244668447033819e-01
1.650503262561104079e-01
6.426622513665948555e-02
5.639398062575079473e-02
1.286522315119121573e-01
1.554422876112748209e-01
1.063010022395324827e-01
6.224738104889437212e-02
4.608567425220114894e-02
1.013770923988387418e-01
1.498738863244295783e-01
1.411966010588842357e-01
