2.851915209961498832e+00
3.901837607012267201e-02
2.335742710334693523e-02
3.905981826239977861e-02
5.700578003978035851e-02
4.414776130026310669e-02
4.579458138479761825e-02
3.665660033066464596e-02
7.915779458185698281e-02
4.711674671433541128e-02
1.528922008630194916e-02
1.098001910777058471e-01
1.149553534240149860e-01
3.170364774416541825e-02
8.946953350985178965e-02
4.329557355366758092e-02
6.052689941905292637e-02
1.025645886599563517e-01
4.367229132462795843e-02
1.010435868687177552e-01
4.600263045845926629e-02
3.221666968611241327e-02
7.276721633354274466e-02
8.905222398632610392e-02
9.106672179506197784e-02
2.395247751569500733e-02
2.495507577435124302e-02
2.182704186684084752e-02
2.725932828954168510e-02
2.383418164539243336e-02
1.558865425933028161e-02
4.924980014639074311e-02
1.700374900630826844e-02
2.323421645616093392e-02
2.461745603046163605e-02
4.714371834729578353e-02
3.080282877042356607e-02
4.734779823370336566e-02
3.915905714313064334e-02
8.146513225135888769e-02
