1.371221658177488045e+01
1.528747395817118049e+00
1.096433827654565540e+00
5.757460230299046300e-01
1.416310809947331828e+00
3.247124714220396946e+00
1.016605656850000372e+00
3.689274860608005580e-01
5.623634376809800717e-01
3.721072272990903484e-01
1.462886672100771890e-01
2.902940865733946718e-01
1.871490890775951710e-01
2.771936112679804776e-01
7.205373189991109983e-02
1.447749890695704256e-01
2.451217079875203098e-01
9.852890453845035423e-02
1.784509899650456310e-01
1.348448274497641430e-01
1.085130513183619333e-01
8.063923312379413233e-02
9.422507197997403994e-02
4.994210154724094963e-02
5.398532193877057794e-02
6.447160919777210342e-02
6.090522227527062765e-02
7.156353228315041892e-02
7.963427046114392172e-02
7.841956909960515198e-02
3.313640000106559541e-02
6.314376029628145093e-02
1.314880556511655585e-01
1.048207179113084669e-01
7.931764712104955040e-02
1.074643742146399461e-01
1.005156475005636180e-01
6.223727374030742915e-02
8.574338464833687612e-02
1.186179490049779212e-01
