9.712202334938648818e+00
1.376371338311418002e+00
1.400931790242873509e+00
6.271033495063788044e-01
4.135120608199905345e-01
6.343560350280527116e-01
5.774143063109382634e-01
8.819873545706411466e-01
2.234756732650745870e-01
6.583184427650140558e-01
3.383938465317388733e-01
1.050927299341201798e-01
4.626151097225592035e-01
4.577616225671826133e-01
3.863788155740590091e-01
1.916042643763889997e-01
3.463465396820534226e-01
3.477765643075747537e-01
1.693188615831958677e-01
1.354763174145452442e-01
8.156037009557705331e-02
1.104912107110555125e-01
2.139553735360315567e-01
2.176529134731531312e-01
2.675105940811757232e-01
2.071683807072529082e-01
3.498439630202224149e-01
6.868619928185568102e-02
3.055566889654297569e-01
6.873433092849853820e-02
3.712548643856403152e-01
3.545033912584266700e-01
2.171569966400155038e-01
2.354900672178480980e-01
4.212138985721604612e-01
1.279266743961985087e-01
1.632277577222493170e-01
2.863668592902731125e-01
2.022989897618667210e-01
2.817064032452276656e-01
