6.539970612580343179e+00
1.561311909509585538e+00
9.063675710389142992e-01
5.964517547297504274e-01
3.395078660680505012e-01
7.153686635100183766e-01
1.105030248721875497e+00
9.686904875591481057e-01
3.930084880875328590e-01
3.023727673529523763e-01
4.080806893231669896e-01
4.075176207778820059e-01
3.699443309122175116e-01
4.738613565101951197e-01
3.658347672252647564e-01
2.983380749680397126e-01
3.404136502334720871e-01
4.218986744255303067e-01
3.756865511993716655e-01
4.494528417358483741e-01
3.101058701300463127e-01
1.724939131744589182e-01
1.123764052321178930e-01
1.814732800670390833e-01
3.370379929990782730e-01
3.810939475012578570e-01
2.679028634566874012e-01
1.987437553735941498e-01
1.535092210208712782e-01
1.818241827999248772e-01
2.887727694532774558e-01
3.763176757364138925e-01
3.544470031466782078e-01
1.732544329220047363e-01
3.872879852907162163e-02
1.513603326265770266e-01
3.385395268929440871e-01
4.209096880545868391e-01
3.353320654627132136e-01
2.308594505165788291e-01
