3.500856770197620449e+01
6.802904846728353050e+00
9.967211712630413833e-01
5.074728593765070350e+00
5.151685574794387712e+00
3.084230810107348564e+00
3.346109855024121060e+00
3.622543356933754399e+00
2.717139286757175309e+00
1.813369841022537177e+00
1.689427888410109713e+00
4.217610685396920189e+00
1.801952992934524600e+00
3.215908164360302468e+00
1.287259024401085084e+00
2.035308919907437453e+00
5.030817248476378012e+00
8.102773063565970046e-01
1.426777943953315253e+00
3.941532257166577402e+00
2.693661073551226082e+00
1.539887040240798033e+00
7.748837315653611668e-01
2.078507809858616273e+00
2.419407622697077986e+00
8.448359903506149626e-01
2.996873032853351937e+00
2.100921884584523003e+00
1.071083070526253289e+00
1.826089051934983942e+00
2.248349448399168171e+00
2.057248304998659183e+00
2.460976618199841148e+00
1.429554775630130559e+00
2.273424148903125719e+00
2.636977230058095589e+00
9.945452115540127647e-01
2.893739957704325683e+00
1.884651663358029694e+00
1.805605295591057535e+00
