1.202515996063983650e+01
3.737410742940605601e+00
1.116745417725066858e+00
1.105689248896917887e+00
7.285607441028517650e-01
9.441308909661105808e-01
8.816022788024137080e-01
3.040187351393511817e-01
9.306750466430364910e-02
5.214960026538326687e-01
2.953867749311282487e-01
5.135662721464812064e-01
3.706051129444661862e-01
2.746650698357241405e-01
3.295901303630394130e-01
2.635894733517270550e-01
2.412315495977156721e-01
2.123488243200517267e-01
2.429966600584237968e-01
3.253693188119184398e-01
1.539190166691177808e-01
2.512418075048371557e-01
4.073759352495580077e-01
1.259881960286326485e-01
3.253089078027284198e-01
3.664478253991671486e-01
5.932849623953195817e-01
3.746234978370484026e-01
1.495127037011863558e-01
2.142444304287624557e-01
2.669607294409454545e-01
3.466642685885803488e-01
6.460785900719464570e-01
6.355179386668671215e-01
4.746112001887834997e-01
2.920647222651361896e-01
1.480999448842726940e-01
2.827994361949222601e-01
3.405644209437249659e-01
3.382403890446813999e-01
