1.156539735126979451e+01
4.197267572421500503e+00
3.214692132275619674e+00
2.813412340649386945e+00
7.419794313419187937e-01
8.177745875923549956e-01
6.185959104416054455e-01
7.175980986253828187e-01
2.002245533279633227e-01
6.583529643769681083e-01
6.062232985622456605e-01
1.381597239402514221e+00
1.240897056032538526e+00
3.603566208547036021e-01
4.373069470255720459e-01
5.522450508056300222e-01
6.645416887062178812e-01
3.875203728739970432e-01
3.006645464963824121e-01
2.581980735731702614e-01
4.136353753470911609e-01
9.051356303555508909e-01
7.922942244728246042e-01
6.578904600158477223e-01
3.593136047587378035e-01
2.874697807832446439e-01
3.354200468956036185e-01
3.752701595159856351e-01
2.462259874215347588e-01
3.365947530856776004e-01
4.457650377183833279e-01
6.633301365459394194e-01
7.375784463236905175e-01
5.956042046582723515e-01
8.950861162569464513e-01
7.011835245356158319e-01
4.457036922725060024e-01
2.687359313924371773e-01
5.569357363815097273e-01
6.900896561666000073e-01
