1.279411689389692519e+01
1.723894874185281312e+00
1.744414000707309453e+00
6.485823735769630227e-01
3.723054588473556414e+00
9.276365385182345769e-01
9.727513264708328444e-01
5.260371898907419963e-01
3.044956393023066643e-01
8.251270003410129950e-02
2.265588834583338040e-01
1.794676480471855406e-01
1.160183812250615287e-01
2.734768323332592566e-01
1.569158892467460154e-01
1.407856019276797210e-01
7.918186897748925868e-02
1.527549618832397260e-01
1.424964331718634736e-01
8.373951134751594916e-02
1.400107057569424662e-01
6.200942029276718809e-02
8.930550514859868227e-02
8.835729120934679437e-02
3.398394122109417437e-02
6.729887643285401011e-02
5.495222369953448038e-02
9.646342886843310704e-02
9.254710131775832627e-02
1.351702136073699434e-01
6.251861461806787479e-02
6.790807683316639476e-02
5.970911165245695179e-02
8.311556921361114292e-02
3.275703232463323539e-02
6.612362491180570623e-02
2.196248082233331900e-02
1.743289577713233104e-02
5.376488710862514092e-02
1.498826363876396006e-02
