6.099205117249764996e+00
1.568677552448606960e+00
9.350741738284354398e-02
1.159062069357761127e+00
1.111177003554104203e+00
6.775366711625034899e-01
7.788608296291842370e-01
1.010263630345157537e+00
2.256498097162960570e-01
9.288134641623528864e-01
3.095008013790649937e-01
9.610817014063236519e-01
3.351788924395104341e-01
5.537192747863177722e-01
4.275562595990141657e-01
4.490214693061569395e-01
4.140601170878283610e-01
3.251003021610450738e-01
4.743651414636965713e-01
5.004796733952103782e-01
5.865443011928260786e-01
4.286962098143213828e-01
4.377123319511457833e-01
5.397809183399757682e-01
3.733301419147562750e-01
1.393066172015311743e-01
2.823908294762921822e-01
4.306154915673026107e-01
3.951671513440577765e-01
2.674619694973024431e-01
2.953707745456736200e-01
5.449449339900434008e-01
4.255171188470019406e-01
2.627470069031775379e-01
3.349659334769865549e-01
3.909630767824928133e-01
3.594075744223947932e-01
3.252459394547252414e-01
3.144619995930605372e-01
4.163342877430994404e-01
