5.614482152973122808e+00
7.238360197436324306e-01
5.430547458681857925e-02
6.295944978732815889e-01
9.172841587289780607e-01
8.378648341603152083e-01
3.521131858384603519e-01
4.818686452678529464e-01
3.784986267618981604e-01
1.506686392340353953e-01
2.121835027951454455e-01
7.550218738486205727e-02
9.526254840958763015e-02
2.071794162546940765e-01
1.468676564021404174e-01
1.254744195344600355e-01
3.958722034297242065e-02
1.154583213037441020e-01
9.423948582256444495e-02
6.576944091324944675e-02
5.587497750773386812e-02
8.070602878353609622e-02
4.006428817226168060e-02
4.462250903610037039e-02
2.045789268673840755e-02
1.354373344638803468e-02
1.095054464759979453e-02
5.420191981072589732e-02
2.496098902706104725e-02
2.909066452167641606e-02
6.705403713772210839e-02
5.614238721611648081e-02
2.967663749355729796e-02
1.194883449137314896e-02
1.893839562897324871e-02
1.738292411384493794e-02
2.614424781174757781e-02
2.383343292542393008e-02
6.022816027273568407e-02
5.539517027909660746e-02
