2.635526335537197795e+01
4.196808331224236355e+00
1.402302210806275040e+00
3.679162758993638427e+00
1.521926931953398121e+00
1.662718960813453162e+00
1.832630874486798511e+00
1.629478502879499136e+00
2.099640005835506695e+00
2.344579982429432441e+00
9.695756799594798525e-02
7.672194045550132513e-01
7.845388905974739480e-01
4.133148528211090800e-01
1.803295252816772720e+00
8.467692540921789579e-01
4.767462483448072219e-01
6.666238903712156105e-01
5.558526560754805113e-01
1.543797059851480302e+00
1.644853108644474426e+00
5.164919302987734939e-01
1.726219300230866116e+00
1.129431207868911047e+00
7.824693549076661148e-01
2.373062138093284368e+00
1.605813918173117638e-01
6.729185328786827514e-01
9.326568742574038451e-01
9.372398186871844228e-01
3.490591284832946783e-01
9.755191586117000213e-01
1.203772426963858999e+00
8.913662514322698849e-01
7.888963795416494840e-01
9.082094181826573243e-01
9.325762256543679296e-01
5.533493243247098459e-01
4.326783835579433024e-01
5.222386930930916771e-01
