3.631605173391888286e+01
2.317637370166601762e+00
1.529965550586178891e+00
3.897282628769455748e+00
4.259037501613633481e+00
2.455408389963547322e-01
3.390463643078117872e+00
2.972162345635066316e+00
1.814293061220546344e+00
8.532785731781356020e-01
9.134549228513985097e-01
1.354938373651763506e+00
1.695844988006498077e+00
5.783167565297598900e-01
9.001740627292321717e-01
1.206228816973525575e+00
1.157430000143864879e+00
1.402445643059159641e+00
7.163788956432133315e-01
1.554745053526313425e+00
1.402396871751127039e+00
1.487187955074460888e+00
4.904842104662111013e-01
8.131522939894172408e-01
6.882740232287584137e-01
9.391527302239098818e-01
3.518412511082478766e-01
2.972248635340843936e-01
1.076946944657876326e+00
9.411025408409389170e-01
9.876623872169957297e-01
4.369006405012059169e-01
2.856940537877149522e-01
5.906257063840335969e-02
6.725608574744194046e-01
7.302416970348356573e-01
6.273254092082684030e-01
8.356553797105853443e-01
7.012528748189261751e-01
2.881373612909817750e-01
