2.326955211975907645e+01
2.514479472368437829e+00
1.424732892199429113e+00
2.878761579658968728e+00
3.362548332960978437e-01
1.463673233275649910e+00
1.294089659228117473e+00
6.625637822810772626e-01
1.335229264856853337e+00
5.161393683205454108e-01
9.343286143580852299e-01
3.428895697326038716e-01
1.565479551049123952e+00
1.011187147684995180e+00
7.383242007697886633e-01
9.334748423022048991e-01
1.180819970476402192e+00
1.087376503973053410e+00
6.739248536875348528e-01
2.300884515846561007e-01
7.104655347229121842e-01
5.673204993807348107e-01
5.698166736177929792e-01
5.431548957329758176e-01
2.271108680899563137e-01
6.360994035202192087e-01
5.673823733347829190e-01
3.205779044112321285e-01
5.524096690825909262e-01
5.608636084690070689e-01
3.613594841037320871e-01
5.478380904320059308e-01
2.445570205075655035e-01
1.259740819627544473e-01
2.239096270908965680e-01
2.331749200701281333e-01
9.452725788312395239e-02
2.009391243667724702e-01
2.893881300538473367e-01
2.854393940332018986e-01
