3.817786544518089897e+01
1.200580504512790192e+01
5.213669641760589002e+00
6.064831064502556046e+00
3.389517429194498277e+00
5.441766132429160407e+00
5.194233165506615180e+00
4.978756653520677311e+00
5.034858762736766025e+00
2.298829808732347768e+00
3.502468567106353792e+00
2.917507971650877163e+00
2.889590169405001685e+00
2.795762716127501157e+00
2.880420256062651063e+00
1.821766233491195486e+00
1.239540957302013746e+00
7.067517213707856794e-01
1.368491771364826137e+00
1.405702596453395348e+00
1.214285580430754852e+00
5.545634517871219638e-01
6.149502605709356029e-01
5.579235897510447240e-01
4.712843893578214649e-01
7.522271974935873518e-01
1.010295497916928964e+00
5.255145027793151069e-01
9.758529958136222815e-01
7.976954790612600377e-01
1.121237639116182461e+00
1.162840493260564045e+00
1.081194494499481129e+00
4.942247655333370515e-01
7.123432165221781354e-01
6.912870504797359317e-01
7.601500354177278540e-01
3.247237865975785565e-01
3.683947244993515113e-01
4.756313429622715527e-01
