4.800225032822187821e+00
4.806633928577722648e-01
9.763819382922668266e-01
5.969948253523446047e-01
4.996817023722532336e-01
3.448983650103870646e-01
2.913562826479365597e-01
2.965095191705879318e-01
3.696606056032279986e-01
3.113345504252141294e-01
5.657675295739322818e-01
5.588000081952864545e-02
3.609731750111508375e-01
1.134118661779263265e-01
1.025189250265773899e-01
4.553131542631776441e-01
1.951603352047877604e-01
2.384892450824366572e-01
1.984330828846211925e-01
1.219489500347786526e-01
1.986919181531403844e-01
2.114003825696176564e-01
4.677344828085938100e-01
3.875289503880972597e-01
3.138954553895492161e-01
2.759558573944236870e-01
3.622528357078912964e-01
1.659607253143182415e-01
3.204064173104620439e-01
2.673996076118563270e-01
1.329568244273564015e-01
2.822377219932984405e-01
3.518352999864587938e-01
2.318920074770691175e-01
1.550797670129980543e-01
2.731755195562897143e-01
2.552292493381424499e-01
2.734701985383821143e-01
2.383123804866459083e-01
2.058610332405762244e-01
