7.296793443120840550e+00
1.472448694979639816e+00
6.885493696649154227e-01
4.856875626498784182e-02
9.264006734332441706e-01
7.085953328576654053e-01
9.280231220809253001e-01
9.263041344511179220e-01
3.037584893601231739e-01
1.301507109846604948e-01
4.191814387549449572e-01
1.005067685246787912e+00
6.320683817976845420e-01
3.431240824893930230e-01
2.846621755395656317e-01
3.119323662208120518e-01
6.739053035522711843e-01
6.666815505016567833e-01
4.302191574267143492e-01
5.476055976614268017e-01
3.838838611371022114e-01
5.890075813730849541e-01
5.436418077298948992e-01
6.874191338290870368e-01
2.972479444167536178e-01
5.108238858359571699e-01
4.474945138402642297e-01
3.090675632571892040e-01
3.961231052560363480e-02
3.042213740050041942e-02
1.779833178696868523e-01
4.504901263021013902e-01
2.876365406418627813e-01
6.141703929476550750e-01
2.650767603140022355e-01
2.927388024137496658e-01
2.533812347763513828e-01
8.768552036784007520e-01
5.604572829799802092e-01
8.870204159325622006e-01
