5.205355518978618079e+01
2.939159377714618060e+01
1.555217952976448359e+01
1.621941043992270437e+01
1.403672989299720442e+01
5.848137530289713837e+00
6.014511921903824110e+00
1.113617894907785200e+01
9.494993001601185867e+00
6.271222942420050295e+00
3.152439058668235816e+00
4.263476594752589222e+00
1.893149917158216899e+00
3.716938484288107247e+00
5.291823918479469313e+00
8.930197666793549871e+00
1.213763686144910814e+01
1.128664745733270891e+01
9.261091959332752310e+00
9.254775104106787609e+00
1.253187639906223616e+01
1.278434818625227365e+01
8.494706869526092774e+00
4.502560980345334585e+00
2.835276858807543654e+00
3.542877482156688629e+00
5.205938210095739649e+00
1.074413505861097740e+01
1.154745391538981458e+01
8.149162851881714076e+00
7.893488744414382197e+00
9.809422435446318644e+00
1.165248422841581899e+01
1.070026297407757809e+01
7.339808160667803172e+00
5.388987513182906142e+00
7.557487402791373654e+00
7.541648276863589295e+00
3.817830567897524841e+00
2.072528728972530487e+00
