1.574036320417594936e+01
6.313185491473837452e+00
2.055219518886726604e+00
1.033730133602451140e+00
9.869348432387682335e-01
3.216191777378847316e-01
1.290370220910439292e+00
2.121288828740853560e+00
1.899222128436669932e+00
9.344119183339114620e-01
5.951174672513239727e-01
5.450700629448685941e-01
8.111564328154473591e-01
1.403513205713767809e+00
1.090429031454236419e+00
9.711434439244766015e-01
1.417573616654726587e+00
1.575330377827784067e+00
9.161104751225059850e-01
9.483936462885747543e-02
6.975352574211365342e-01
1.919965522863409102e-01
5.508149783197673344e-01
1.017830050089484573e+00
4.182039107759866758e-01
7.093601669381439934e-02
1.196726735227255922e-01
5.562569845905487309e-01
3.418059034988497058e-01
1.416733831082367390e-01
9.288994891978892554e-02
1.346284421330565251e-01
1.691103097077872042e-01
4.462679537758388326e-01
3.391393819334181936e-01
2.719627002503617330e-01
5.332727348363842657e-01
2.913846109144304086e-01
8.887080108113308563e-02
2.708530251681371959e-01
