1.977171869456251230e+01
1.561599895632329149e+00
1.188816499816705674e+00
1.586069556514352996e+00
1.845641730073056985e+00
2.049883727872626182e-01
2.110605145692233897e+00
3.330352220281060371e-01
1.442091069221030475e+00
3.212000246422063165e-01
1.067623215648723090e+00
7.778142116510688986e-01
1.166815983913969790e+00
5.433991824664076153e-01
1.316942306366149840e+00
1.357133996932457176e+00
3.901532160066549237e-01
2.514770361906822904e-01
3.082884324010505828e-01
5.872118897905325152e-01
5.317343395270092143e-01
7.561685344797116626e-01
5.436088083663279669e-01
3.422092282111446337e-01
9.310079190562534635e-01
2.984551879464472646e-01
2.789181087894660460e-01
8.341917674311989384e-01
7.216790125525743838e-01
5.252622378500603206e-01
3.613645855111783378e-01
2.601432987019817733e-01
3.133905976435395480e-01
1.620440896113389262e-01
3.709984417903554044e-01
2.800046999184003793e-01
9.688366452331002854e-02
3.369997747820693279e-01
5.255861517574917929e-01
2.668395253779282106e-01
