1.168875677075967445e+01
2.133887310220734967e+00
3.732590894857381159e+00
2.610997507073319124e+00
7.324026473780123059e-01
1.556672869600052467e+00
1.608942604900848616e+00
8.806651874892730270e-01
2.234144622192579366e+00
9.872214680551716359e-01
1.105042586206498534e+00
7.620446247428431796e-01
1.264065099308229634e+00
7.888508566648245734e-01
9.480582696909598539e-01
9.176553073974329511e-01
1.046809399326384282e+00
1.193909022972951872e+00
9.883319248442322680e-01
7.807450553621203548e-01
4.898224050229064708e-01
2.196161396088922024e-01
4.339205313210882098e-01
3.437809007691187135e-01
4.666646617217522497e-01
1.916698471838386986e-01
2.776654643924731936e-01
1.128095750460223201e-01
3.884767080109148285e-01
2.800931620502976060e-01
2.161725086637301119e-01
2.382994844439764448e-01
8.780365285712907197e-02
1.859369471313864763e-01
2.268828683348292352e-01
1.116019119089250583e-01
1.295777250596966412e-01
5.936934372998761700e-02
7.566694135840623670e-02
2.919128143088964289e-02
