2.149358457065471129e+01
1.100335193017666668e+01
1.470605867788781662e+00
8.458231448615861625e-01
5.936141160503498604e+00
5.626907944639016002e+00
2.867288805861443635e+00
2.172367405140020580e+00
1.853512181056477859e+00
3.136534187949999275e+00
1.376755390556932523e+00
1.315107284782346397e+00
1.331166604714679291e+00
3.026021554006278702e+00
3.715295080023485408e+00
2.690999653071699083e+00
6.378525422243815912e-01
1.971273416980549920e+00
2.794950559761833375e+00
2.294253824248060347e+00
2.140891515186144733e+00
1.568258952677891394e+00
1.792824979890208725e+00
2.507781944426060505e+00
9.681553973216689979e-01
3.012230109932542366e+00
9.103816384757048574e-01
2.878733860013928059e+00
3.373823181817829475e+00
9.862419962613364621e-01
1.122085738504502883e+00
1.963498679366578514e+00
2.437389015091536049e+00
2.140529964682970743e+00
1.303904817754148571e+00
2.172533820276782990e+00
3.049298126977436851e+00
1.977342001823612971e+00
1.820271304277507607e+00
1.964406803474074703e+00
