3.187238501823247194e+00
3.786633964714414269e-01
1.982880113498786123e-01
1.694049635596220002e-02
3.557265625309564694e-01
2.429310139747543063e-01
1.412784009360449622e-01
3.383661331553532159e-02
2.803843733596617094e-01
2.594472818511699974e-01
2.200208533250166965e-01
1.162994164714365453e-01
2.136120151830268321e-01
1.266658580210186513e-01
6.694148723416350200e-02
1.454371740790009193e-01
8.640430397518536476e-02
5.011795435586609976e-02
5.519147037804596201e-02
8.509237582492248930e-02
2.992168015021835770e-02
1.013664023977358802e-01
6.556476825823107091e-02
4.976980194990693329e-02
9.159787875753253039e-02
2.134922284363946141e-02
4.806544349168458824e-02
7.772758022264927846e-02
2.882828252778925349e-02
3.705967192038414626e-02
4.129463539287327178e-02
3.817262090397191554e-02
6.629980292907476647e-02
4.808543283306158933e-02
5.394924787806054667e-02
2.809922466506527272e-02
1.874312955664630270e-02
6.520265711916212181e-02
3.044893001648387582e-02
3.958366526735172114e-02
