3.944722534103655676e+01
5.519799124999438256e+00
3.642418074957221474e+00
8.029272307129903252e-01
1.988127226928619873e+00
1.676929689442624216e+00
6.976144381608145872e-01
1.060823255213769301e+00
8.075859606291078130e-01
1.564499091113420670e+00
9.481727243984481301e-01
1.337434622459768629e+00
6.559417841114446590e-01
1.928012085979646129e+00
1.441056786033744430e+00
2.469751684436352068e+00
1.979520694899753019e+00
1.876960067126705267e+00
1.559679081210719964e+00
1.057181711189812301e+00
5.870368472591412923e-01
1.965372803454594752e+00
4.742486917225622323e-01
4.531294306876100242e-01
9.272165395587503856e-01
8.917747764302484947e-01
1.139316724544127135e+00
8.884612988542446299e-01
1.803692636422151940e+00
1.184057961889448674e+00
8.631121162495609678e-01
7.926079973067655660e-01
2.036853511405535000e-01
5.510738399829300249e-01
1.088325247628794346e+00
5.235000474165172335e-01
1.160795209234782632e+00
8.486724786764523465e-01
1.508428963001886336e+00
1.715541482457909384e+00
