3.994402610811705756e+01
1.021496116203423021e+01
7.366193609661208619e+00
5.012878968998477625e+00
5.124509284338529369e+00
4.993810340895169730e+00
4.476248188108700177e+00
3.713625104386463427e+00
3.872693405707481773e+00
4.002518140662752799e+00
1.378383670424798479e+00
1.293360752208121633e+00
1.072466537857450053e+00
9.767401785976677180e-04
6.305784981143388590e-01
9.107820254732170717e-01
1.123810797059749511e+00
1.307827712482082738e+00
1.283044327120924644e+00
1.201062446329916877e+00
9.638735156914864932e-01
9.388071560890101086e-01
2.948370250902100365e-01
6.465441354275267560e-01
8.112057117501213499e-01
7.575640346148159177e-01
3.611142660701567308e-01
4.573983124806278444e-01
3.194796422452224616e-01
5.338426890924544699e-01
4.862540307486634128e-01
3.275991947323233511e-01
2.636416052900544815e-01
8.116631616463791665e-02
9.783558334908758203e-02
2.299749567511457371e-01
4.207525182196395486e-01
4.124684127370243925e-01
3.637523554733790299e-01
3.108634381609389208e-01
