4.971148814293812990e+01
3.355273876897673091e+00
2.889652704136687622e-01
1.397813016482751358e+00
3.798172178701660684e+00
3.958949335664927016e+00
1.601039191465990941e+00
2.067074259327450036e+00
1.693242222489666160e+00
2.937068805149264605e+00
1.038023904271151876e+00
8.863222042108171994e-01
9.740510003296296571e-01
1.728496699407298998e+00
3.401329179334917185e+00
2.675146131309301456e+00
1.399887682849750625e+00
1.722873721768105604e+00
9.869627122680960651e-01
2.175020337263651182e+00
1.814279864002722009e+00
2.094824452712442664e+00
1.268061485363964014e+00
9.039742742412278931e-01
1.537153567095062234e+00
8.704197437153310402e-01
3.997832216669982563e-01
1.328751646084687321e+00
3.519760808214599468e+00
1.628075327542536366e+00
8.358857351554204174e-01
1.860361661121521903e+00
1.983408094385361142e+00
2.410276729855918454e+00
2.079298849883288725e+00
1.161380789029667238e+00
1.892229518007723099e+00
2.652982537358781201e-01
1.674022681211819297e+00
5.495819763155395110e-01
