6.727530291021243158e+01
1.739392252449332332e+01
1.979138714878608951e+01
1.534362588911037051e+01
4.817711344242536775e+00
1.087989968506135696e+01
2.778546684586113980e+00
5.304147531788027337e+00
5.796923455065483566e+00
2.277453942039234125e+00
2.775153202714816913e+00
2.610280973349125233e+00
2.990423969535536131e+00
2.396866334153391787e+00
1.148882788698389890e+00
2.734856662225365831e+00
4.693639056913663787e-01
3.935066031548023702e+00
2.124462327668199979e+00
1.327429562546361019e+00
3.145365804731346415e+00
2.510426313363588680e+00
1.589379769996051239e+00
1.242019852177506989e+00
1.146644480424087842e+00
2.224569831097178874e+00
2.036947350720229810e+00
1.272888193277170954e+00
2.034334278194987800e+00
2.729171217080455403e+00
2.224127400552166733e+00
1.809777026158272406e+00
1.246175531872971476e+00
2.023559303112440755e-01
1.217777380159430489e+00
1.807616185242254536e+00
2.706937903845347826e+00
3.747144072836535944e+00
1.602309493606773660e+00
1.307973530156933073e+00
