9.034867736511721148e+01
3.298702037626803918e+00
3.343939149005720424e+00
3.825883845127757699e+00
2.383213435344808673e+00
8.753331381741757511e+00
4.256634537563916965e+00
3.745962345688515605e+00
9.932594723461167785e-01
3.608775485173506326e+00
2.351282267014475735e+00
2.272051015094789239e+00
2.367129769231380187e+00
2.696839019992858799e-01
3.216420850530616438e+00
3.724608769207574444e+00
8.333716502714816343e-01
2.507255614807115673e+00
1.010118833042523478e+00
1.317807331130486981e+00
5.132342672707882469e-01
1.909282210499666510e+00
1.055478221206417322e+00
1.202276146924100564e+00
6.698448685340147035e-01
1.320303392209691395e+00
4.071767089678825502e-01
1.477283536723991819e+00
4.604515862777582846e-01
2.684559053238495530e-01
5.188492442095984369e-01
1.112514369997697594e+00
7.352515540618890233e-01
1.390473450932313837e-01
1.218781560326124280e+00
4.986198625894081027e-01
5.134493943288267470e-01
1.137342202440035921e+00
5.018351429551639598e-01
4.783465562581738495e-01
