8.812112114169602251e+01
4.359953118060673205e+00
4.282708211618922789e+00
3.332333284650403460e+00
3.745339620332258868e+00
5.222455558331328795e+00
2.596484348242558582e+00
4.817003111313683306e+00
3.750241533373678937e+00
2.253205730285417374e+00
3.090188566339422405e+00
2.506005025307817657e+00
1.106676517619467282e+00
1.302593610419682024e+00
3.056544141220061128e+00
2.621043722022566413e+00
7.319045852609721292e-01
6.844004934803163964e-01
2.938458431267344739e+00
9.878455807744415118e-01
6.015538626708025749e-01
1.618370058452973215e+00
7.109107208468623540e-01
8.204244332142893725e-01
1.486585690323905529e-01
5.088927329431900404e-01
5.083079549375757455e-01
8.372431720172434089e-01
9.599174772294719604e-01
4.000366268222041444e-01
6.037489698640159386e-01
1.007384595004449546e+00
1.883097187422711205e-01
2.610419805671057580e-01
4.781249943452425821e-01
1.524879375299174021e-02
8.267090735138419300e-01
4.627261473740447162e-01
5.465804171820308754e-01
2.971193858104015373e-01
