2.485085823146281143e+02
7.467822698905052903e+00
5.486015448365631819e+00
9.228582855966497078e+00
1.185488225737616297e+01
2.215334777646030773e+01
9.018443433742113768e+00
6.689392026007714875e+00
3.935423483753181184e+00
6.582095056168336455e+00
2.085258705337312080e+01
3.575369566990500125e+00
3.975793715167633469e+00
1.040972066502650151e+01
4.055611624213057098e+00
6.975971157523794375e+00
1.659109117086967800e+01
7.660596159902127944e+00
6.622596752262709385e-01
2.795493423689217938e+00
2.606785732798503563e+00
3.778308341249381641e+00
2.993979244239415749e+00
3.880343801719599472e+00
2.613611097894080970e+00
8.976993895933164325e+00
5.494125125743869908e+00
1.505734040691372622e+00
3.591482000519837570e+00
3.247075655241709491e+00
5.610855465689689181e-01
4.002623084246589968e+00
1.529192559125220452e+00
3.858397937926182575e+00
4.705637163664252220e+00
1.005758662428178685e+00
4.944925305331209664e+00
2.340662355116903015e+00
3.390826166987787271e+00
3.028845515053584236e+00
