1.296315114144050540e+01
7.550997795801119850e-01
5.488645083457910356e-01
7.251711769038551303e-01
2.870975443912136549e-01
2.174697390258733820e-01
6.227763109282317133e-01
3.218890452882516295e-01
4.580875248556147694e-01
3.385697555862330344e-01
1.331029357566110849e-01
4.059389579296788786e-01
2.455715990418782246e-01
3.694461788683838788e-01
3.847257476529314935e-01
1.256518411990211470e-01
9.442193834893179705e-02
6.309225949631253050e-02
2.255366501189349782e-01
6.761818381702097702e-02
9.966729453868559963e-02
1.968669673995677161e-01
3.111475026640067240e-02
1.143541894485072680e-01
7.812275643748744884e-03
3.735493059560709289e-02
1.091860564472230538e-01
4.334420377868011820e-02
1.234593654519539341e-01
1.701020283167488656e-01
1.018948910801434210e-01
6.909042507770563057e-02
1.845964906906198411e-01
4.438265571239019547e-02
1.418641018620767358e-01
1.626393022317940695e-01
6.005386931575548010e-02
1.300820816754217624e-01
1.078120399150649944e-01
1.955386201625444464e-01
