8.389117455040161531e+01
2.134299930666121448e+00
5.432619526632765705e+00
4.855242471444884522e+00
2.626870191768829077e+00
3.151117338524009437e+00
2.827979083174934072e-01
5.579465011310303701e+00
2.948513839111523982e+00
1.196344270513009400e+00
3.892725126246443956e+00
1.445803354162493282e+00
2.320903354133661001e+00
2.301795954854549908e+00
1.890860266138890466e+00
1.500237999021338364e+00
3.386272780342939548e+00
5.971725240975125359e-01
5.127172620937845426e-01
3.766562625828818511e+00
1.890883274231448974e+00
7.460401178377213949e-01
1.292338240845505082e+00
2.807255960018017138e+00
7.366118406384591921e-01
1.576494069104784179e+00
2.835343280967518087e+00
7.464257572667903906e-01
1.223052818449322787e-01
1.132675285099423501e+00
1.319803226579205901e+00
5.692910672446724885e-01
9.933949448123985393e-01
1.090056825624250880e+00
8.201350910457142485e-01
5.772287136714822076e-01
7.327351018110149772e-01
3.762661259027599292e-01
5.508291393831851179e-01
5.692950759043206022e-01
