8.313653703457708843e+01
8.925755979024527775e+00
7.260408040934797747e+00
4.003365592784387417e+00
1.857109789155318991e+00
3.575332534042628740e+00
2.321944078484064811e+00
3.761553299208308054e+00
2.738499916659941746e+00
4.610580899118245313e+00
1.912311525261191081e+00
5.482458323701880687e+00
5.101248954359618004e+00
3.258787734220597088e+00
2.384089101431835722e+00
6.730735359423496433e-01
2.461274502140954556e+00
1.980576570491272337e+00
2.959645245779289446e+00
2.739478506593808760e+00
1.578713298320216785e+00
3.177561964069601785e+00
2.787510341327490870e+00
2.916149879312569304e+00
2.975286750849457373e+00
3.057255364868162850e+00
8.747093055489975066e-01
8.026706904655613872e-01
2.858331418436732552e+00
4.070597371698395861e+00
2.598905662370213587e+00
2.048319604947227202e+00
1.069440299133905592e+00
1.274779406467753118e+00
1.418995195048190050e+00
3.582672086280502377e+00
1.700116927046136261e+00
1.328422479186430749e+00
8.121476056380617647e-01
1.257140053740482877e+00
