4.362070641076386579e+01
2.765517925719990888e+00
4.808285846500235827e+00
2.997486732613932947e+00
1.248612255295890705e+00
2.118625850060390281e+00
3.257107226430286384e-01
2.130855688250912205e+00
1.128172515103392781e+00
1.198717309670754627e+00
2.893778872250177603e+00
1.821782703385357527e+00
1.939986586967684667e+00
7.951166783034718799e-01
1.801635252122403552e-01
1.451611266881738915e+00
1.268909816845144478e+00
1.447303947099642940e+00
4.051291407659450283e-01
1.224532265148768007e+00
4.018896150898681463e-01
3.824308392647671195e-01
9.617096083909264514e-01
6.623744723887946551e-01
4.138987095339444200e-01
8.216535640161886089e-01
4.032165213281174720e-01
7.685104749366630239e-01
5.493639539527012117e-01
2.444419185813827972e-02
2.856247826596729489e-01
3.387232180230991818e-01
1.805218123777287131e-01
4.162718782847004695e-01
2.388417032306339727e-01
2.229708332835659279e-01
1.593186729832855586e-01
2.679721210360992978e-01
4.689718397005572248e-01
6.208309497729450760e-02
