1.885342314308162415e+01
2.242507201153346674e+00
1.146110948986072575e+00
1.026232255163471052e+00
4.982266096592067872e-01
1.535452089100804329e+00
6.691840968306830284e-01
9.151875657716339596e-01
1.275624471184212183e+00
1.195990914172398112e+00
1.085436264038009968e+00
9.080895528057147947e-01
2.568487823156540006e-01
8.235135936189269534e-01
9.000538638435113814e-01
4.659770280172512158e-01
1.394769173653364502e+00
6.115226275235766673e-01
9.036774220387761014e-01
9.798698866844854916e-01
1.025224968899026923e+00
4.056013162764323110e-01
9.479516931134692737e-01
3.463529458281033313e-01
1.044629833867472435e+00
6.774450204785479324e-01
1.033549486179625720e+00
5.116357227276641106e-01
1.874924120064564714e-01
9.391085870191548945e-01
3.259189617037713260e-01
1.161719550813450574e+00
4.793715280536117729e-01
2.572196348670244825e-01
6.967079090162547894e-01
5.729778497831546913e-01
2.819699725512510580e-01
9.582112615307768477e-01
4.746458239047879890e-01
9.104856667803219450e-01
