8.769283924120149010e+00
8.802534718520728108e-01
8.578175812118177257e-01
1.969707860138434075e-01
4.512037333664192240e-01
6.460771799303512974e-01
1.018354725952160367e+00
6.606747505439214407e-01
6.945097194116330863e-01
9.510540472182894556e-01
7.804152742464617321e-01
4.231613350085716707e-01
1.066246762025304440e+00
7.387548722140170332e-01
3.983053583904988537e-01
9.810948743241705294e-01
2.232737297792206921e-01
3.577739661004377680e-01
1.016856573196457392e+00
7.778260051055777557e-01
1.291891590696474301e+00
8.558207531792474398e-01
5.569223037140553778e-01
5.883133148564619885e-01
5.145054843791446730e-01
5.678585029739042778e-01
8.125664754305115256e-01
9.412237577584658954e-01
1.609045891869076983e-01
7.090271302902011463e-01
4.297410353837961550e-01
2.198695229655662775e-01
3.981826016836628734e-01
8.335571335234055468e-01
2.840431208761408088e-01
8.053433900998613337e-01
4.328351157323596654e-01
4.771468954695750608e-01
7.701842318421998623e-01
9.433361487090955455e-01
