2.354360851652983655e+01
1.116785859462466446e+00
1.323534121380243622e+00
1.390240490262333539e+00
4.045383797676220361e+00
1.917073931389944974e+00
3.968582875753932981e+00
2.005198432726968127e-01
2.764990449950288198e+00
1.582642651386036325e+00
3.901204158015583179e+00
2.164168942964516784e+00
4.429493422535726310e+00
1.245649780780460514e+00
2.522703020954522479e+00
2.192825200790500251e+00
4.368901555868959008e+00
2.527853901949547399e+00
2.250239877206003047e+00
6.940442016745519416e-01
4.277479407369591868e+00
2.532242775209433194e+00
3.858353306155331008e+00
3.711802113183598761e-01
1.769923767109389479e+00
1.875056112493204141e+00
4.239023498211415664e+00
9.605584691749928794e-01
3.439300446735562122e+00
4.824753393006586677e-01
2.084452217612361657e+00
8.944041455033925336e-01
4.368946413684763996e+00
1.361100596128508089e+00
3.108627372024086455e+00
4.822710914361139634e-01
2.336536453550213555e+00
1.883599280944471710e+00
3.971955787560219608e+00
6.619838029314161210e-01
