5.706309101766071734e+01
1.039271961788840493e+01
7.152865657361486385e+00
8.314559534197268675e+00
3.816243177653563912e+00
5.895946362412532338e+00
8.219707692520040965e+00
4.272633312363115721e+00
3.476376457814552179e+00
4.540601191466448583e+00
2.000323035673519545e+00
3.890553744541922931e+00
4.097708998880765563e+00
9.000109432802970710e-01
1.988656659986937081e+00
2.201871753144462041e+00
1.166799304179375607e+00
3.498731084389895774e+00
2.182693759942128775e+00
3.611220684904908662e+00
2.509729844825309364e+00
3.205055067053256490e+00
1.342363589761581100e+00
2.564699607452273877e+00
1.647296787748214530e+00
3.848287056077386303e+00
8.903004685106959970e-01
2.529714123183520957e+00
2.003794876909781308e+00
1.499380059426951073e+00
1.744061348472269568e+00
3.357325506119474223e+00
1.881940593670916373e+00
7.545672096377983307e-01
2.286755359704538026e+00
3.557131466563545175e+00
3.169113720054468786e+00
2.982865717630037494e+00
4.394453461330503075e+00
1.592538440006672662e+00
