1.192668477653676007e+02
8.583866989498757150e+00
2.068629059318411478e+01
8.198891735855974972e+00
9.303338965758243262e+00
1.721351615928110368e+00
7.946987086642549158e+00
1.164508838522840861e+01
1.540139730856828493e+01
6.088197586557732244e+00
1.017380571268363987e+01
2.681865801671562632e+00
8.144878737075554653e+00
7.043973082563249832e+00
9.058589236228996810e+00
7.086257121773764212e+00
2.394453879943141406e+00
7.247817371881829729e+00
6.458486635073204418e+00
7.319893732765020644e+00
1.220590414709422689e+01
5.851806473790677643e+00
9.264909234100553448e+00
3.548461763210063236e+00
3.731529965142570848e+00
8.359306789130245718e+00
5.105044937757139856e+00
8.195511821740023350e+00
7.090368345216372603e+00
6.766795127428014922e+00
8.607342238490488739e+00
6.129171279521481885e+00
5.648231672317248098e+00
5.394364423768906569e+00
3.561976267560303278e+00
5.138156555408819770e+00
1.078621609131881209e+00
3.713167371839173114e+00
5.381061882743465752e+00
2.823057214114516267e+00
