4.561381206599078553e+01
1.018235322086546724e+01
1.571785374218419795e+00
4.324702049117979286e+00
3.526247072091539980e+00
6.995107673495571943e-01
4.230581079665400424e+00
4.984889386180570980e+00
2.118716241603479045e+00
2.205017112593425477e+00
2.791960571426229443e+00
1.547427727262842945e+00
3.635516977797467852e+00
1.926520914217574099e+00
2.635023974338760677e+00
6.863394347989928423e-01
1.376096616172615361e+00
1.725887823381234032e+00
1.465907176608423512e+00
1.408793908961998520e+00
1.474047871525789200e+00
1.890915982651274030e+00
1.307880529652872603e+00
7.331558980621037946e-01
1.360063490314373347e+00
2.023445277573991952e-01
1.544206644456475930e+00
1.039960800723038092e+00
1.011646109881634503e+00
2.774350439915552746e-01
1.778793598016539468e+00
1.028061077608533491e+00
1.561715584025164416e+00
1.345153342430832843e+00
7.482209102381585097e-01
1.651495381570375676e+00
3.503336095732975664e-01
5.805230677228975233e-01
1.447777336284353122e+00
1.750185797698463608e+00
