7.371593181761094016e+00
1.448973674180899784e-01
1.548891209559133397e-01
3.827725494345597945e-01
1.751125756818314727e-01
2.219898117780911839e-01
2.687762546152451804e-01
1.362258043538007168e-01
7.802932027009838734e-02
2.533748172217385394e-02
3.042616466610889581e-01
7.060047736473826219e-02
7.145449876925742683e-02
3.546653593456034620e-02
1.481056322229110656e-01
1.163873625381893484e-01
9.154838122506643583e-02
1.880579477770424057e-01
2.055130894960573162e-01
2.199834494232172366e-01
1.672265223017990465e-01
3.134012675680914600e-02
1.921668874437021390e-02
9.274634990341344698e-02
8.342356566089118020e-02
1.128230984061360381e-01
3.853546672178292942e-02
5.286329427841148648e-02
6.943621415889590642e-02
1.256404417938023453e-02
2.357844826471769059e-02
1.339224655706922062e-01
1.095982425667344634e-01
1.140419124342542806e-01
2.662013345245505327e-03
6.224540602520926141e-02
1.031882681551584829e-01
1.050394619135876922e-01
4.304768438759563887e-02
1.097170384816110317e-01
