4.415963424196549880e+01
1.677655212464337353e+01
7.013270681942235463e+00
2.956975875530247766e+00
2.845738639649355139e+00
2.703432568046411077e+00
3.628437186397968972e+00
4.778633745132533583e+00
4.727857384728465284e+00
3.257103495375575086e+00
1.551296520086694608e+00
1.465995072154332224e+00
3.529647660827714084e+00
4.409859575124408515e+00
3.365673532135610380e+00
3.960597482338775066e+00
2.614753618043619277e+00
1.465420195464157027e+00
2.509421638081447803e+00
2.802037063222242441e+00
3.840960970411364528e+00
3.483642780231411606e+00
2.473400310776162403e+00
1.307218431260342761e+00
2.369993169236540853e-01
1.591298038778953039e+00
1.122819130351546013e+00
8.331184403314473297e-01
5.876828573038844761e-01
1.742942112788561593e+00
2.117259449806289329e+00
1.694921984098263223e+00
1.718909809909466624e+00
1.465259495914060572e+00
1.936383087434045969e+00
2.054383811379996150e+00
1.982047445214851988e+00
1.732155006087611415e+00
9.175118075880155377e-01
1.006206725760334875e+00
