6.608961112587809339e+01
1.386050714789300109e+01
7.747080382706855950e+00
5.448516650232843261e+00
5.892677308855337692e+00
3.965320335588970568e+00
4.255112093371689497e+00
5.624641145976404744e+00
4.894729109715167503e+00
2.768069742275686362e+00
5.709404534549954668e+00
6.117593289098792741e-01
1.782841826227881565e+00
4.060199318398916013e+00
2.644247100910793957e+00
1.735801205398468827e+00
2.917693698743931030e+00
1.774959884739159666e+00
1.734725502949232334e+00
1.148182772056300704e+00
1.962403145132036952e+00
1.971292347026315506e+00
1.239001156770674683e+00
1.762653561196109608e+00
1.059012916589395781e+00
2.156712452665189073e+00
6.837375934788694209e-01
1.071585434753478339e+00
8.231673823928773448e-01
3.721263128020482758e-01
1.474162488418834016e+00
7.115237459326742009e-01
7.718184619741464969e-01
8.588934947728209535e-01
4.950101031084296332e-01
9.338477130120326208e-01
9.548449275451283969e-01
1.231714372990791784e+00
1.211212015188445124e+00
1.273335615230855922e+00
