3.626306741098133557e+01
3.613863598882045114e+00
2.071255094647381334e+00
2.232260056845543961e+00
2.569503087873946434e+00
2.939250926078794457e+00
2.454447446836096169e+00
2.674529406812828025e+00
3.118916983806985788e-01
1.610179778975921794e+00
2.653049528735976992e+00
6.888609987634880527e-01
1.027345447015307611e+00
4.496354072969807603e-01
1.126808721750127695e+00
1.404208338737057193e+00
6.640822303375056856e-01
2.085180926531110757e+00
6.279836168812009678e-01
1.064540920770792987e+00
1.218727157265759420e+00
2.802512386522823529e-01
4.470718918904046379e-01
3.350209306192058478e-01
3.134213534692781855e-01
3.245084607050576636e-02
3.442583888630309508e-01
4.029420973559416086e-01
7.709302373563730049e-01
4.866369863129964557e-01
3.732194401840083220e-01
6.629630791845394500e-01
2.341301613585265451e-01
2.412532365446816152e-01
3.556810496455845572e-01
1.784978772488360066e-01
7.523461459299657372e-02
3.599952484184719137e-01
2.467475782258574946e-01
2.655798972383572321e-01
