3.535884315209842299e+01
1.191683749249535351e+00
1.771772392473248026e+00
2.223967017709000960e+00
5.869979165159635581e-01
7.505878273759959418e-01
2.024091572930490468e+00
1.177693591414312069e+00
3.594727677340176619e+00
1.456021362970900235e+00
2.670173789693655930e+00
2.654737422515615286e+00
5.357701292846509533e-01
1.288763464471591513e+00
2.698493103415907868e+00
1.165859569431201281e+00
9.545353574528736562e-01
6.558942376887907377e-01
3.018629953386241516e-01
7.553442098981665298e-01
3.471838243040943350e-01
6.296748498306049546e-01
7.788752921185928546e-01
9.653765570955596953e-01
7.804708082148124060e-01
1.116142958244638939e+00
7.228109036422397660e-01
6.834583904586284397e-01
5.504418148300617153e-01
5.757806318946023794e-01
6.433781444908774627e-02
2.886958495065398145e-01
6.174827617656568624e-01
5.369586634697365302e-01
4.108848460489024079e-01
6.771250327642722167e-02
5.248877810444593228e-01
2.122410643056767965e-01
4.703198376906318479e-01
1.620586417624216291e-01
