9.708804986566556749e+01
2.703765591973031679e+00
3.867356699603711867e+00
2.709605655604514496e+00
2.193121330157422832e+00
4.803623272808078326e+00
2.085120548922280825e+00
2.340480751481214539e-01
2.736864231839500672e+00
2.255986898309350064e+00
1.176560570838886655e+01
8.086398658875776135e+00
3.476724750957221222e+00
2.152894121101733838e+00
1.274059893632285556e+00
1.276017290872217380e+00
2.411255653306650704e+00
1.149477942708453604e+00
2.328465551392032040e+00
5.096447770978318470e-01
2.995482820596512052e+00
1.947002457022852573e+00
1.626344525618097947e+00
5.786032456139815761e-01
1.363831996824948378e+00
1.430302163722012354e+00
9.586142690402330580e-01
1.318519764289657115e+00
7.881372192513053099e-01
8.799660574487054854e-01
1.202223174506132031e+00
6.505094973205943765e-01
1.645860209483718695e+00
6.805044883492670227e-01
6.908193609609792896e-01
1.736096070100977551e+00
5.370771489453827208e-01
5.776515254471401573e-01
6.870997737828313801e-01
5.662039117768984386e-01
