8.795926479517089547e+01
1.125646932305028436e+01
3.422534629553001029e+00
5.263145822033814092e+00
2.450339783748560407e+01
1.254289098082740139e+01
7.208297832169326291e+00
1.387704391297599704e+00
7.830139764809498359e+00
1.127225806058395108e+01
1.296261362706550635e+01
5.096825989162942605e+00
1.108742707637425617e+01
2.610180358188113559e+00
1.400533576552316539e+01
6.554694114396479421e+00
1.238824200048881252e+01
8.115450280049882892e+00
4.385834353236745642e+00
7.827068997880410883e+00
5.923187687806845680e+00
5.020688144769321681e+00
5.530678190684670703e+00
5.061912812236557535e+00
8.636408831699750266e+00
8.125438898706219604e+00
1.028168509249382190e+01
3.631343059217073233e+00
7.898171143976662201e+00
2.030318990623493303e+00
1.088189913036301704e+01
3.100528801006927626e+00
8.814220888354002525e+00
5.367889912567942901e+00
7.202146110846376459e+00
1.065280141687221738e+00
5.124228859227090815e+00
7.914074757179977437e-01
6.844013554337245786e+00
3.044932617523540497e+00
