7.088379089899700602e+01
3.168340663392454815e+01
2.607769885787997310e+01
2.019627636523338765e+01
2.124652470071854182e+01
1.949180245152292557e+01
2.498488319947271208e+01
1.856016632995668658e+01
2.047767699661930862e+01
1.635734408043157018e+01
1.689097722787442990e+01
2.107798554638067756e+01
2.146464246657431474e+01
1.731247812508957651e+01
1.866893133747739242e+01
1.640106083594992725e+01
1.365676476546529727e+01
1.458863082919493692e+01
1.418528186116654943e+01
1.700752522300734881e+01
1.237733796315799673e+01
1.139821777726436203e+01
1.420879612828517580e+01
1.343182527647269708e+01
1.316739521253209588e+01
1.519355051999188966e+01
1.198765320489172481e+01
1.021334884697375145e+01
1.048645020816159956e+01
8.264131140128130326e+00
7.876115864878603823e+00
4.669851804805290385e+00
2.893345898735672606e+00
9.614515112458114743e+00
8.035768044799693754e+00
5.718477002531906273e+00
4.067954372248095751e+00
2.371770646774733038e+00
1.771424517023078904e+00
5.876522773909668373e+00
