9.385078065712082918e+00
1.274203926589294156e+00
7.920133125237529548e-01
2.481906627740127214e-01
2.008604926186566275e-01
4.043582326144173344e-01
3.104266174645629595e-01
7.503413504289025981e-01
6.067603204743441392e-01
3.105351235410592214e-01
3.881353523955874962e-01
2.511065243525507085e-01
5.278307721848820577e-01
2.921761841124596026e-01
2.800654574805646613e-01
9.600628077538576888e-02
7.363213312930078080e-01
5.696788336762665939e-01
2.864298584692748784e-01
2.684405219153803146e-01
2.016799170187862089e-01
2.937755901543496195e-01
6.033645347562960337e-02
4.690288539600249718e-01
3.838950674055610635e-01
1.384167556619332051e-01
2.890438348160941917e-01
2.428165124686048892e-01
1.511271100390776667e-01
2.139830043389581438e-01
3.608833654753356157e-01
2.114511370421466585e-01
1.682464331730056106e-01
1.918848304531531601e-01
3.128135166620868435e-01
5.589399212038217435e-01
4.024492840502076341e-01
1.223361737954934969e-01
1.030944680953175541e-01
2.669441291949063988e-01
