2.974931275034868605e+01
4.588910240550124975e+00
1.409916311300394076e+00
9.762805527353102253e-01
1.114347325663864074e+00
3.324687366580613368e+00
2.665794321772408715e+00
2.423160116157425659e+00
1.523737663971129086e+00
1.787147510237240944e+00
4.176568919350898690e-01
1.293360856936882408e+00
3.467656925951592140e-01
2.769049026652870560e-01
1.137448577373764147e+00
9.470535403624875670e-01
1.831332600712513470e+00
2.453435121670516583e+00
2.077527608074795751e+00
2.443314181164746746e+00
1.076342050483772406e+00
7.967690770983674176e-01
1.380629267471967569e+00
2.052760177188765578e+00
1.754254586962985529e+00
6.898775849145256656e-01
2.560613664943414691e-01
5.993489601844061987e-01
1.493817758196539058e+00
1.388160097286512018e+00
7.933906181626868559e-01
9.564754570088026542e-01
2.575224235281898810e+00
1.046451080810012702e+00
8.656272100952472348e-01
1.917146205155510208e-01
3.597194920698945642e-01
7.141753134809669668e-01
9.556644655507882113e-01
1.544617888652137561e+00
