4.301627898092719704e+01
1.177326550293308927e+01
6.735774419012543035e+00
7.373162023462720427e+00
5.366398078600194133e+00
3.650613772036697569e+00
5.113528789879682179e+00
3.520995149692202286e+00
4.680748855158085142e+00
6.322568481148796771e+00
6.415942066966651147e+00
6.573365366279363187e+00
6.139478368200059322e+00
2.596710200659104739e+00
6.238252080133693589e+00
7.011463630009455272e+00
5.396773978802223759e+00
4.696065889981567487e+00
6.180337070292027057e+00
4.588371378737615025e+00
4.630455918971641438e+00
4.635783739815395599e+00
4.124486274305957600e+00
4.828334778429762331e+00
6.905040225808058985e+00
6.318812236157503648e+00
6.058152787655201266e+00
4.744940471167520712e+00
3.174972458346856374e+00
4.141912375943719304e+00
6.772808557065306267e+00
5.481296005618176537e+00
5.137424897077173647e+00
6.060425245494559299e+00
5.969896633010449705e+00
7.783408995264715635e+00
7.101624605352496289e+00
3.404942696937605096e+00
4.772419617611877385e+00
3.615846391860025655e+00
