5.229827088402183932e+01
1.728039210728775288e+01
1.924726648445791355e+01
1.553449959213117459e+01
5.202602728775288732e+00
9.478860532401885308e+00
2.768916763250099944e+00
5.329719679717548786e+00
5.356914856754227294e+00
4.934767451719639930e-01
4.422710626873725737e+00
2.627809652087744308e+00
2.692063753754061040e+00
1.569091515933385139e+00
1.985034888013801346e+00
3.100830541898333959e+00
6.400755343653637963e-01
3.632221092077330571e+00
1.664922461899439821e+00
1.574578292265045532e+00
2.455288015396683843e+00
2.325397862062905663e+00
3.064214457251318358e+00
2.007457367290594430e+00
8.621167767680267824e-01
1.857296626118497551e+00
2.125485816418409613e+00
3.604405143986145754e-01
1.483527624474999307e+00
2.596965911484708567e+00
1.954619112596962527e+00
1.715320535206083630e+00
1.257482087674848037e+00
7.473954931590957029e-01
1.495375341832638538e+00
1.651146909195422952e+00
1.616864752927904547e+00
3.619350111170776430e+00
1.807006155361638333e+00
1.110588355916409364e+00
