2.448290001857754561e+01
2.433021882429682314e+00
2.363335441498277678e+00
2.925333741425952816e+00
1.858241807371269871e+00
1.093214737167296668e+00
2.377149683975131822e+00
3.446127700164474117e+00
1.320754405529844799e+00
3.113147170241511663e+00
1.731642347132145598e+00
1.894585043714932748e+00
1.216848864739138003e+00
1.185536631385895934e+00
7.788557874759957089e-01
1.476751232317561557e+00
1.738470929786985142e+00
1.413909997615020675e+00
1.625370318311421425e+00
1.446889847119765315e+00
9.812930501293380958e-01
3.708750817567955660e-01
1.052074411921474439e+00
1.437708797298694829e+00
1.039552705556544554e+00
1.355774406932102938e+00
8.083377620545272313e-01
8.574329343730500153e-01
7.813948967678291391e-01
9.861388973882102560e-01
1.167886605412199241e+00
1.023641575654257840e+00
1.009940136365318430e+00
1.168162329777955089e+00
8.610925680682733896e-01
4.421773194933337203e-01
6.323151912495815763e-01
6.293853890813524421e-01
8.784453517808843426e-01
1.080126376778833386e+00
