6.982452479172894755e+01
2.938241232459136043e+00
2.615772155020919865e+00
6.810566268483887242e+00
4.029175309192103427e+00
5.954819525305020456e+00
3.460471836124013212e+00
2.080006738884886186e+00
4.826200698710695569e+00
3.343677738370629982e+00
2.635709854268515784e+00
4.851090269238965469e+00
2.642143751950750019e+00
8.727900945932834942e-01
2.791364257238849067e+00
2.257490076604976359e+00
2.491362036867165397e+00
1.010863277738504706e+00
8.207874817152177593e-01
1.719653260327872246e+00
1.398457755859119800e+00
1.881021811258003051e+00
2.057390149038334837e+00
1.214456356406376392e+00
2.455245394488282606e+00
1.853682855176798983e+00
8.451477726064693385e-01
2.461950671594345774e+00
1.833279424022849602e+00
1.989847662236976511e+00
3.111864624387491229e+00
3.659874797279251690e-01
1.146388265517307659e+00
2.225885171424097475e+00
1.160014205331239889e+00
2.158391503049356341e+00
1.764036175268763440e+00
1.135856275574813390e+00
1.423743717956654109e+00
2.548777890758117781e+00
