7.720816112142964016e+01
8.207606972386004784e+00
1.098955791963182271e+01
8.589506084499522132e+00
1.071244776180636293e+00
5.072375460267396718e+00
2.318279044973628356e+00
2.538031287400349001e+00
3.382580245612647918e+00
3.422452509457603487e+00
2.534482585564126200e+00
3.398281402722933553e+00
2.362986116404307779e+00
5.729057050870044465e-01
5.676585174007333201e+00
2.161746750134141415e+00
1.275863459323579141e+00
1.682849381270456135e+00
3.711216837862082230e+00
2.601699251077661756e+00
3.373182985366710795e+00
2.655767277735856080e+00
3.533759717749277218e+00
1.731023810675501151e+00
8.482949640618356879e-01
1.777216020713704214e+00
1.527876996004050580e+00
6.547334136833129481e-01
2.433520006755273357e+00
1.077461807253036419e+00
2.458726733995806768e+00
7.730208526845403494e-01
1.523716660286113411e+00
1.980262265377000785e+00
4.748561769195241422e-01
1.314176360289069034e+00
1.880207423325092497e+00
8.362181256044385336e-01
8.917265428954939122e-01
1.913798900742099018e+00
