1.042666512572616995e+02
2.020088291484448906e+00
8.161458525135255826e+00
9.040154307037573389e+00
3.064008210329174808e+00
3.695757728354493121e+00
3.713184758333120339e+00
1.856562618773360374e+00
2.702331064539595928e+00
1.377379258463282685e+00
7.608542433346446865e-01
1.298344801060776543e+00
3.302766344930647247e+00
1.898860907987888647e+00
1.762356683109922884e+00
1.853832571338480451e+00
2.105611951108311342e+00
1.777271067471490218e+00
1.257118574622699825e+00
1.485951938495559954e+00
1.079966561351614063e+00
9.110115218141421334e-01
6.458132388868591534e-01
5.248417804456890767e-01
1.392534560428826174e+00
3.347349072805475001e-01
3.342833143479311819e-01
1.139808084481941153e+00
6.095493591877986228e-01
4.670288452376630262e-01
7.722704493056901098e-01
2.564778047754988632e-01
2.516707800031711684e-01
4.934401731830004856e-01
3.424437088255642414e-01
1.919727927175783611e-01
2.444548558760297197e-01
1.153198491832275047e-01
4.103695669720341388e-01
6.472234387443374093e-01
