5.465085006905212595e+01
4.483868649665266659e+00
2.227577042359168424e-01
3.294978194100525726e-01
2.650117286482537970e+00
2.127111038875602489e+00
2.473150746582352344e+00
1.679289504292938107e+00
5.348879351573486041e+00
4.930057524502803545e+00
2.463561993575396514e+00
1.110902152199189086e+00
3.725393224928791991e+00
8.713158731946847313e-01
1.785704378194993724e+00
3.013398408057801348e+00
1.247233957712892805e+00
6.326393544910573485e-01
1.668277535260483724e+00
1.485411121504329968e+00
2.135652273212243379e+00
1.317456076483447536e+00
1.761155928119460423e+00
9.149512226174959240e-02
1.397381622912075683e+00
7.792732878290639098e-01
5.896506175218133583e-01
1.708200553114903597e-01
9.665029630616700507e-01
1.143081527202787884e+00
1.730874917340689656e+00
4.449214333679528122e-01
1.055537621712528740e+00
5.670333985776305763e-01
1.000666611607719858e+00
1.130667112837493021e-01
1.687615723206634943e-01
4.185415708678772440e-01
7.578912374758450810e-01
6.591584133519484690e-01
