9.365379488666636121e+01
6.887933845983470471e-01
2.120912204887774877e+00
3.062236777429410139e+00
3.042001547135654516e+00
4.146505442536122743e+00
4.118492648116945709e+00
2.661704534263324984e+00
3.772928272070262601e+00
1.819069272706590468e+00
2.238674418380068865e+00
2.810374129425834422e+00
2.330036514018478666e+00
7.588254198105733872e-01
4.551186148214592997e+00
1.324813804879409362e+00
1.009671148017515563e+00
1.468433736870393025e+00
1.873407637429568728e+00
1.192183031595281495e+00
1.335576350294524817e+00
1.047086175811314579e+00
1.365052208731211358e+00
3.355555661199378648e-01
3.652691808596289502e-01
3.461656216609260150e-01
4.551503637827038484e-01
1.050741697628764681e+00
6.257328385249605329e-01
3.354342586137984972e-01
1.598149317414619075e+00
3.648742854031742922e-01
8.347673924830586456e-01
1.286646582555037499e+00
5.978564117152911361e-01
8.723773143564211852e-01
1.737097785397306415e+00
3.941424874246755028e-01
3.694506449284236105e-01
9.502592320385279123e-01
