3.180767510388005448e+01
4.405485752869675586e+00
5.159269329518307856e+00
2.715742231130176876e+00
3.435114176465583480e+00
3.025927768538121398e+00
7.200250465844920678e-01
3.092548151739970663e+00
1.363167543427109774e+00
2.179780540418966073e+00
1.826179964398868982e+00
1.444786146819694306e+00
1.741430826204544369e+00
1.954259695297153154e+00
1.094540391125186307e+00
1.209969201085486779e+00
1.256583822817115781e+00
1.231086923540804623e+00
9.004748954442866049e-01
1.184979791099555202e+00
1.138753634130371228e+00
1.321567883785695008e+00
9.982022723919007356e-01
9.910090260682412611e-01
1.159418026281343606e+00
1.527641735281046076e+00
1.000263353197401450e+00
1.121485701378536870e+00
1.217558994076582524e+00
1.060090199462126126e+00
1.248422432458361930e+00
9.676936281291221853e-01
1.104010619277668193e+00
1.114234949644537398e+00
1.093224921320842258e+00
8.646784854754077099e-01
1.308776077991651521e+00
1.238078844963047986e+00
1.173274901007261173e+00
1.158779526140333749e+00
