5.280550632403915756e+01
1.026408226834597492e+01
1.463275089453972999e+00
5.175266136766095038e+00
3.949498986192510941e+00
2.228127157103352296e+00
3.354853132270484650e+00
2.275233128457236020e+00
5.708840634864051911e-01
4.759063596978917454e-01
6.774104808800555100e-01
9.622269522438932077e-01
1.203933124631509699e+00
8.152196592603608849e-01
8.072567790127685994e-01
4.441324436355814087e-01
1.101682925883217257e+00
1.330475230258335140e+00
1.200099519110966462e+00
1.341488227270298594e+00
8.220208481538372469e-01
7.594107415527718841e-01
7.524818493209005643e-01
5.670223648300538599e-01
2.675362655444750715e-01
1.335340433682486727e-01
5.812867986375208629e-01
2.065713705130354239e-01
7.661581885839714445e-01
4.552295779211425475e-01
5.664123918713006578e-01
4.409674136364618025e-01
2.533980472236924686e-01
4.872591636778615953e-01
1.082992051290887353e-01
8.407561769439072519e-01
1.234286024972969659e-01
4.599118337043563987e-01
3.951413110079546320e-01
4.227548528589855081e-01
