1.210451822363538810e+01
5.007943300481855209e-01
1.077931561358948853e+00
5.197604057232110275e-01
9.917226367061480197e-01
2.250107476885146729e-01
1.082103340726908725e+00
6.330597148932061158e-01
5.699666674089277629e-01
7.995455354986118479e-01
4.585511320538326330e-01
1.234890681302094118e+00
6.153416542225200736e-01
6.957926568977832460e-01
1.296233002667199485e-01
7.998087438248485670e-01
1.611567638295641480e-01
6.340350641052511227e-01
4.974487875736577913e-01
7.366026512022841866e-01
7.962655210773883496e-01
7.298888648609884733e-01
3.909677118208415569e-01
3.732243877736282633e-01
8.484899116728493729e-01
5.112201872317191365e-01
9.497564675169815063e-01
3.229683902123526296e-01
6.757707632732959935e-01
4.496891424008197524e-01
7.951773145208873572e-01
3.168122811738650624e-01
3.993469474258242169e-01
3.963629066998893835e-01
3.315686684556166663e-01
7.534590192899307537e-01
4.689733615893818541e-01
5.775450568511436567e-01
2.935129895943009992e-01
6.749087002358556964e-01
