3.367065591130207736e+01
9.352642233434783847e+00
5.391363983488560940e+00
4.765720402007632472e+00
3.658509493108161870e+00
3.270204298803998100e+00
2.980891125399019348e+00
1.915387724427211946e+00
2.194302638871607758e-01
3.523747831878381920e+00
1.234137369281392838e+00
3.148491115152213027e+00
1.775876280894597370e+00
2.762068692741074472e+00
2.059399362940582012e+00
4.039830260499181591e+00
1.029579954941783893e+00
1.587588518169264384e+00
2.107152796433044095e+00
1.974162632187171029e+00
2.289590742352866748e+00
1.953132158923574169e+00
2.248243560053295731e+00
1.836205371571331346e+00
2.033561922048600312e+00
1.005506964447937301e+00
1.547001971724331515e+00
2.296091227233138632e+00
2.551480990541437954e+00
1.823271258872456002e+00
2.128042462711555949e+00
2.671451589282422656e+00
2.991378546793650006e+00
2.857925366667745770e+00
2.744884465345668545e+00
2.384312967668909877e+00
2.241174012008271710e+00
2.021945651796991594e+00
7.570224227837594189e-01
9.784359694519778605e-01
