1.626616900106722952e+01
1.738035365102311491e+00
2.965632331309816738e+00
2.004114873961849064e+00
8.123480803229652381e-01
1.975828229504879019e+00
6.195210219705478139e-01
8.497459367040202105e-01
7.500585438217922674e-01
1.146531389411664437e+00
1.396814286806495442e+00
3.855963395044583741e-01
1.748039687305350087e+00
9.385020777368202616e-01
1.519651825799553713e+00
1.387863898283062447e+00
4.975685700202364115e-01
1.249772998958408987e+00
1.728658837869352649e-01
3.980477097301444722e-01
5.877491800345756578e-01
9.044881474522011855e-01
1.408782099888378880e+00
7.489884730810570934e-01
1.284195501444487908e+00
3.405831854513597934e-01
1.331774979542524884e+00
8.945602227198361511e-01
5.679806819514635619e-01
7.156946010035702965e-01
1.959152880827663978e-01
7.826198661443765081e-01
2.502482584526339870e-01
6.656678980690001746e-01
6.552975221178443110e-01
5.699328959749031531e-01
4.436405006432578846e-01
3.692642593658566064e-01
3.952234971596893520e-01
3.490821827341358263e-01
