2.865308899735664028e+01
7.475624621241948375e+00
3.828394271963503126e+00
2.812221122558712594e+00
2.628493576077923333e+00
1.038830142948462765e+00
1.237876729416762078e+00
2.713533371930746174e+00
1.648725619286409483e+00
5.169033540445677755e-01
1.114333177438542544e+00
3.670858294932517474e+00
3.163563278624439423e+00
1.705002621327681656e+00
2.095879699735461177e+00
2.261322699168990091e+00
9.666672825052426976e-01
1.923224183637819440e+00
3.052360739649540022e-01
1.597373273267621352e+00
3.177267289314995580e-01
2.447333709606127172e+00
1.945995277580949478e+00
1.016873039554656577e+00
1.045185193581551930e+00
3.437991433009362496e-01
2.234468892086369340e+00
1.018212280700519834e+00
8.337493096462136322e-01
1.349609022137033820e+00
4.142645247337337633e-01
1.231045696571652082e+00
1.064443784079855293e+00
1.948605728738145970e+00
7.517434002293227335e-01
1.752354750377221881e+00
2.649306533096541294e+00
1.726447699378687251e+00
7.781078960685264834e-01
1.759717655818621607e+00
