1.134300253867862018e+01
5.057181048584913352e-01
1.349064452523472679e-01
5.831776756032290843e-01
1.177744394099158098e+00
1.084348282382602058e+00
1.007334980974633698e+00
3.755600161371953627e-01
4.155578914050589989e-01
6.906800746153051174e-01
4.893544168552548257e-01
3.029791947436704658e-01
7.409934259500962073e-01
1.025145443776431103e-01
1.369557570079011910e-01
3.232180874043308894e-01
1.800176573178643435e-01
3.436558961618224051e-01
2.593160399570533237e-01
1.426958192033655759e-01
2.361812009020567427e-01
1.426821614907961000e-01
2.174677874798203736e-01
1.082640290505090808e-01
2.629164621493241261e-01
2.333151035944009966e-01
1.043054647644556937e-01
3.325525361503882671e-01
1.656487075497102002e-01
1.378712736549140283e-01
2.536184545807759205e-01
1.296887644059652733e-01
1.473239789050422577e-01
1.281476595900752635e-01
1.195629896978391282e-01
1.000375540902041921e-01
1.639774896161015072e-01
1.371992831066090601e-01
1.086344657765842964e-01
8.135545674299618502e-02
