2.933632807465550485e+01
9.661799892064626416e-01
1.144964361210263348e+00
9.263800831039031847e-01
1.963562176800529802e+00
3.158878344849955333e+00
1.109544563052421440e+00
1.698565279026069685e+00
1.025102533727659804e+00
3.084037779328070439e-01
3.534726136847525790e-01
3.877041607553513569e-01
8.847849586418817802e-01
6.526880803399282005e-01
5.743246444763986380e-01
5.264940559512318319e-02
2.568520888013997028e-01
2.015590125470980987e-01
2.526368947657696151e-01
1.408568289113583116e-01
1.605209998584330722e-01
1.178751782423574368e-01
1.360203142079736416e-01
8.681010261842614373e-02
2.432508821911469332e-01
1.710103280154875449e-01
5.126606820503658984e-02
7.752822573410232676e-02
2.856392534714347620e-01
1.103793689555877255e-01
1.130144559754156786e-01
5.530522499201826619e-02
7.785695473907972008e-02
1.446921557710383610e-01
6.668661142455291346e-02
2.175366587609187455e-02
8.462416647458789742e-02
5.583809596375891027e-02
1.434070601701559478e-01
6.934849638979044550e-02
