1.556635710289098640e+01
9.456606741665066762e-01
9.397272903970501634e-01
7.397772996506721821e-01
4.340020962919607372e-01
1.026125439255301863e+00
9.816700096345822857e-01
8.806495963707828833e-01
8.195836222328748422e-01
1.059556958349428424e+00
3.048795526953899104e-01
3.045350511415438888e-01
3.849964720434285170e-01
1.503061298886854968e-01
1.282266765986242729e-01
1.019065220933125376e-01
3.039395850843286118e-01
1.096851789920276488e-01
2.685036062065967455e-01
3.837233334491312736e-02
1.591528591708140927e-01
1.519997008658429127e-01
2.233320525499454534e-01
5.352702484766615199e-02
1.273185494003205853e-01
1.465822019572229351e-01
4.763598966331359513e-02
1.235557919523199710e-01
1.223669556983875556e-01
6.359925824803473737e-02
1.681419725475924998e-01
1.531897950356612415e-01
1.787943837635230238e-01
1.855081148371622857e-01
5.849851624897481339e-02
4.440225186810566049e-02
1.154371589492834416e-01
5.018298114472014015e-02
5.967874926922803192e-02
6.208828808447876962e-02
