8.328238637887196205e+00
7.679712606039512668e-01
3.174566915621691576e-01
9.969110131944196596e-01
1.132273937487596305e+00
1.128132315514262185e+00
8.913754593339029419e-01
7.514877848469032617e-01
5.003840551634446410e-01
5.084785847719575091e-02
3.905388982590410341e-01
7.429623656154090705e-01
2.823284448235227617e-01
6.728828650148949153e-01
1.584375799263135487e-01
1.918828571343596245e-01
8.430216864318657022e-02
1.681566487058492321e-01
7.545599964658074310e-02
4.166605168538984882e-01
5.942361462861734944e-01
4.843108394778916637e-01
2.556192654324077607e-01
1.839559192598329840e-01
2.193517189727880179e-01
3.167820837393310329e-01
1.105674581242515747e-01
2.254597303402000319e-01
3.904301014449475526e-01
1.352380017374763266e-01
6.692906650713030536e-02
1.705589013871081916e-01
1.485744988964079472e-01
2.009552816673285114e-01
1.166873215665810842e-01
2.273365627236675623e-01
8.661638754649512995e-02
1.214039794038086623e-01
9.336212223137739519e-02
1.812742640921970461e-01
