1.829326927980840480e+02
1.345236347681838396e+01
1.190822859682336343e+01
8.585284511438661781e+00
1.533894942991032906e+01
8.384966185028408958e+00
1.156878318098798708e+01
6.605955831918684851e+00
7.707255538374003123e+00
2.972882441327529879e+00
4.511814562231588610e+00
3.347625274153665842e+00
3.593428518185361131e+00
1.882866695035984916e+00
2.988832470180165846e+00
3.062295459834958322e+00
2.925348728867143588e+00
3.710489788343132034e+00
2.871469921095778144e+00
3.313783287414849621e+00
2.179392546180753065e+00
3.273045287824202898e+00
2.706924833353448356e+00
3.432624004267188500e+00
2.927310000518992705e+00
2.919124401418943027e+00
2.663550445535587397e+00
4.042454325406380278e+00
2.671539474476294362e+00
2.597040146599724597e+00
1.635588571197908125e+00
1.347000057769589976e+00
2.186771726328447851e+00
8.467949490466568641e-01
3.340439459896657137e+00
2.093007302237957834e+00
4.507162361476663825e+00
2.324064238109029290e+00
3.138576911503135225e+00
1.193870462382327080e+00
