3.087049548257316474e+02
1.075311516776688414e+01
2.044250176352843340e+01
1.639192883619872632e+01
1.172413436134791098e+01
1.576246038885920342e+01
7.007028041872276347e+00
1.101291534068095324e+01
9.349782227911370924e+00
4.482565815809623544e+00
2.219324362723519073e+00
6.470862617154889307e+00
3.298849882970534164e+00
3.368923808750329041e+00
2.347574412322286364e+00
5.970380102773637176e+00
3.529453816750014017e+00
5.025404406250840061e+00
3.618735478303299669e+00
4.262148666486163862e+00
3.098586835192751909e+00
6.331231806130182882e+00
2.774178721632698075e+00
3.159077837272357581e+00
2.821769742529433245e+00
2.711503602477273844e+00
4.936009259123546933e+00
8.548746177608756991e-01
2.223156932439088962e+00
3.942184055724964331e+00
5.752260702289301975e+00
4.924146592777485232e+00
1.362553442488896760e+00
3.117580003674130573e+00
5.682900740748155766e-01
2.655589265134952637e+00
9.651213422206540438e-01
1.207723509491423375e+00
2.449167984476571469e+00
1.623570338751511466e+00
