3.552955614566450322e+02
4.422056975825780611e+00
4.989188646527952464e+00
9.678396581115142894e+00
2.614520781509313441e+00
7.504063601413312412e+00
1.375753800617714573e+00
3.939292088051480789e+00
3.207442648388386885e+00
3.562438192784252333e+00
5.909420136114747812e+00
2.203660794808634638e+00
3.979691881669955134e+00
2.356533983129958987e+00
1.218911256826795686e+00
7.146934994803600949e-01
3.607535626307516452e+00
3.015439206511307368e+00
2.972074492601152862e+00
9.979826742495090386e-01
2.801680005993558709e+00
1.249272810776405285e+00
2.790985569752672202e+00
3.058816644457011069e+00
2.130131249102926727e+00
2.804592499266926886e+00
2.955545938922429894e+00
1.608492465967334084e+00
4.491874278016397604e+00
2.031847753293721581e+00
8.163945652806242625e-01
2.633645752753135838e+00
1.903990718434009910e+00
3.420703435885835475e+00
8.608150108426659841e-01
1.151941458877283164e+00
2.881289576909549677e+00
4.437095653453791977e-01
2.380348127854465368e+00
1.362186094825214466e+00
