2.134303641988158518e+02
1.175863922844050435e+01
1.361493446854378142e+01
9.716238653331409125e+00
1.599606870838250750e+01
2.634793190337389390e+01
3.847585692543223690e+00
2.692051367926339012e+01
1.228128912942225526e+01
7.311816380219962497e+00
1.244573902351131878e+01
8.879970651085102418e+00
2.400053448001548162e+01
9.848033065174611744e-01
1.879789312286058234e+01
7.846339640237767199e+00
1.021920093630940052e+01
2.265071378579688144e+01
3.025938384170663298e+00
2.109670876909561699e+01
4.549305370222000100e+00
1.060542062762965543e+01
1.299484376226118343e+01
9.890907087410541365e+00
1.693658469202332739e+01
5.906434864787376782e+00
9.859497291541206465e+00
1.431272334684514291e+01
1.412812647437212377e+01
1.221940127521685859e+01
3.775455581309619557e+00
1.603325965086419913e+01
6.898434468388318308e+00
9.821291251312203485e+00
1.258331799166359133e+01
1.367117086056124187e+01
1.158272342708476010e+01
1.613533933517972807e+00
1.087352218472572929e+01
1.208021618613269865e+01
