1.354073999795930376e+02
4.803726525737637587e+00
6.249531824812306624e+00
5.173925754496019103e+00
1.576414584957842813e+00
3.986796592891343138e+00
2.372373146059547189e+00
4.511225410992977025e+00
1.345479495258121494e+00
5.493037644476206793e+00
3.564871592222124352e+00
1.863076974305010625e+00
1.893004604312456651e+00
1.177493017940248743e+00
3.179635466148790890e+00
2.327484302779662784e+00
2.488777628778369166e+00
4.353491192203273186e-01
8.419482018809577861e-02
1.589044514351796611e+00
8.275577944260206209e-01
1.081154819030257785e+00
4.874289941650019053e-01
2.421533700048965176e+00
9.611896756427416033e-01
4.511672410653102400e-02
2.590519142623237681e+00
6.866083863223095829e-01
1.589075654692864159e+00
2.143131726440578255e+00
6.261423549162924429e-01
7.132115357236018527e-01
1.551681451480730889e+00
2.137519962414946573e+00
4.281691482576630570e-01
1.744389765288933136e-01
7.055302140836499092e-01
8.010247402712168396e-01
1.267259610100931910e+00
1.337995016706143403e+00
