5.116384545263244377e+01
3.122583728250547974e+00
1.965491132961795451e+00
2.389968731953151515e+00
8.880191194955431300e-01
2.650416406379609402e+00
1.570635960458045322e+00
1.152701932742451252e+00
1.026390532194993988e+00
4.554913339345678658e-01
8.299239693319550026e-01
6.644824994922740036e-01
5.865122152224567786e-01
4.919325774731968526e-01
3.572085161416807542e-01
4.636845457911751844e-01
2.739733704525607050e-01
6.754626500761229391e-01
2.660545101559976255e-01
1.735850873184604515e-01
1.819806842702121341e-01
3.668578430460926465e-01
3.009271770280904645e-01
1.307768886137026243e-01
3.539282387160397336e-01
2.939888890313985814e-01
2.393881552476400665e-01
9.084236917556161306e-02
2.631897335885508005e-01
8.036696141853250097e-02
1.034266639659895820e-01
2.676847869226263166e-01
2.686496940846542017e-02
2.594191590384404278e-01
1.845865511121123903e-01
2.899936886404198555e-01
2.264184907099037469e-01
1.097678408320566651e-01
8.804936805322970128e-02
9.066154428734046755e-02
