1.299105306302812721e+02
2.906578879283110872e+00
5.825667714932710517e+00
6.117422785488051851e+00
5.171919351077638005e+00
6.110343929015370712e+00
6.126614533809659591e+00
3.041747202811027062e+00
1.432875048034285115e+00
2.839657910637556792e+00
4.228956817277192748e+00
4.837424124930411296e+00
4.061418978970141147e+00
2.282569772593397328e+00
2.309425929847792602e+00
1.851056426048224290e+00
1.231415434391654573e+00
1.012843786582167116e+00
1.076981067953917570e+00
6.193978986944262966e-01
3.017748055974124322e-01
1.176334422284426751e+00
7.287602550979165317e-01
1.909294777584182312e-01
7.914371997369716860e-01
9.419264207159229185e-01
5.729170280148127015e-01
8.497660054702188548e-01
1.958259720150294647e-01
6.189850818467174109e-01
3.930646577515801154e-01
1.030002960466928741e+00
1.060691937603850166e+00
2.322004368026933385e-01
2.635745369599394317e-01
1.025802103483806516e+00
3.854759481390444553e-01
1.018868479447052167e+00
6.095244624783725529e-01
1.035656592701666295e-01
