8.588666555377136547e+01
7.930367470268254060e+00
7.044938348477548296e+00
6.621471171960362057e+00
4.741506178496625701e+00
2.502961084513639634e+00
8.107482520049705821e-01
2.117798935801693094e+00
5.463345974856467890e+00
6.634750417935275202e+00
1.293918146107156275e+00
4.202426498407666466e-01
8.364033312632889183e-01
2.625193277469066722e+00
7.046872154653955889e-01
2.552517266820245823e+00
5.369213230803979719e-01
3.467190826169194162e-01
1.965849233507765748e+00
1.456666417224593557e+00
4.305802290017887723e-01
9.759694637584965804e-01
1.311660384065933549e+00
1.510796251710753157e+00
6.538990652285661120e-01
1.781533226607834530e+00
4.565298977074421782e-01
3.723028796341164015e-01
5.089409906080003543e-01
8.677179097748659586e-01
6.943827718559796303e-01
2.144132559199808108e-01
1.027024347883386035e+00
1.356961541318277842e+00
6.653594651143459604e-01
5.827658746738600959e-01
4.710624947464496781e-01
9.217023066593598157e-01
7.744311981200735495e-01
1.621866115645112516e-01
