1.455558955321110091e+02
1.525219644021241194e+01
1.389334912407151013e+00
1.034920988119880825e+01
1.307298617674978125e+00
9.855157460130058444e-01
5.958640653000227161e+00
4.204690956723055706e+00
5.792238566380522258e+00
3.699761400163190217e+00
2.722087962891324597e+00
4.716225682811638897e+00
5.667467749121770648e-01
4.799125490970261865e+00
3.871821677795096672e+00
2.559353381399421146e+00
2.127021104054918954e+00
3.632134869335102323e+00
4.438739639142791127e+00
2.197829597167715310e+00
2.382670694460001126e+00
2.862341609582335078e+00
2.367502897770948245e+00
1.854545450216075198e+00
4.779006552905058491e+00
2.200732947771931958e+00
4.219494965240691009e+00
4.442505431193188414e+00
3.535826599142041005e+00
2.906410459886202613e+00
3.209024676277572929e+00
3.536990018120278023e+00
2.862431580527615704e+00
4.803442062520577593e+00
4.201150807010715305e+00
4.461401834693346502e-01
4.423191181810041783e+00
5.186414662374925655e+00
2.811299202674407027e+00
2.467983692301237486e+00
