9.470088067968825385e+01
7.066965144886480310e+00
8.404754082446096675e+00
8.201871011259282085e+00
4.838085192496047959e+00
2.778626972868851297e+00
6.018594063447635367e-01
2.675696529742553231e+00
4.999936254141645442e+00
7.216385437919085710e+00
9.261084729701796192e-01
6.783566059396972658e-01
1.052002100769572124e+00
2.373257747221590996e+00
1.053874392370182766e+00
3.176731592752931377e+00
6.034946809023886694e-01
1.331875615691870129e-01
1.853333869079652585e+00
1.369967308003441575e+00
2.759713846617828925e-01
4.859657548285846174e-01
1.600033696240291015e+00
1.407951936603641485e+00
7.756985438381684972e-01
1.628024845460546155e+00
4.126210256802255727e-01
1.045629995154455094e-01
4.769613187400605914e-01
7.726280660001586531e-01
6.435486057407489024e-01
2.562143057499067789e-01
9.127701449566996139e-01
1.437219932237449926e+00
6.885651859247089446e-01
6.915004942408975452e-01
4.706594411991723015e-01
1.113850429191867608e+00
6.641034424252538759e-01
2.089512531521511007e-01
