5.600518148913366900e+01
7.946119728194390497e+00
3.029486094657192208e+00
4.587973584617416556e+00
2.557543511502186728e+00
1.529256256447812490e+00
2.476736104228046464e+00
4.952970551045005720e+00
2.787001023161558511e+00
1.688073259028539219e+00
4.211213544699056399e+00
4.263186730478724762e+00
1.960911366084318264e+00
1.206082482866903227e+00
1.651949220242108440e+00
1.835567654946721472e+00
2.289836281696300269e+00
1.558880621368698316e+00
2.323326316662079449e+00
1.931933167500470727e+00
1.230389675888589052e+00
1.561583801781555536e+00
2.957552284207761950e+00
3.588055039199652185e+00
2.634804277303310904e+00
2.379342556049910407e+00
3.111766231850871645e+00
2.383281352003074449e+00
2.773775419658626173e+00
1.243603922740772472e+00
6.048000448680660446e-01
1.123684832637998010e+00
1.138259173629441179e+00
1.366187569623623643e+00
1.212136876755159465e+00
2.104430711189610559e+00
1.075817551610382061e+00
2.433396440547619832e+00
2.758125440931370242e+00
1.841677358537298081e+00
