2.719924773542237517e+01
9.044314045508182742e-01
2.617653425173322557e+00
1.473096485098545960e+00
8.832126881018633746e-01
3.281775317886354681e+00
1.487114134700930013e+00
6.577149540344358059e-01
2.063742803665822745e+00
2.387786659815411272e-01
5.641650473105674912e-01
2.757579039935149079e-01
1.838609614819793903e+00
1.614130410171702446e+00
1.001038426490696409e+00
3.879233100544187685e-01
1.356406846638577024e+00
8.739389926861883540e-01
7.114417597724231879e-01
6.571820559773288162e-01
4.330212362710379459e-01
6.648761666806924930e-01
1.427958935437676213e-01
1.247263178977095155e+00
1.567449147533863441e+00
1.761396377789546663e-01
1.185423648656319218e+00
1.224427185903459669e+00
5.781749021519766440e-02
5.160358336040343774e-01
1.833013988224961421e+00
8.495203720193347241e-01
3.800211026948571713e-01
7.101787631303465576e-01
1.000545296678241103e+00
2.821875248102586609e-01
3.996277034945474593e-01
1.532737440568325393e+00
9.674401451122225382e-01
1.394057993238660753e+00
