7.688928674714077260e+01
5.361924583605254924e+00
4.034335148866425413e+00
2.407818199237737211e+00
6.931514585491943548e-01
4.595463007635259278e-01
2.293573844202354550e+00
3.431915349459405906e+00
1.388426178414414958e+00
1.125758497200367358e+00
2.160211007192229360e+00
2.152909391322021193e+00
2.694553966635636844e+00
1.450320216748009594e+00
4.257880937424264545e+00
1.443670563140829755e+00
1.384969879244283275e+00
2.012467104145308827e+00
9.914705958939168395e-01
1.008617870590833077e+00
9.451755989076441322e-01
2.732949624796651711e-01
1.444826893849736837e+00
2.811928026412472637e+00
4.513420511303063432e-01
8.603714479175752494e-01
1.024588315752879980e-01
5.786262552791335834e-01
1.066928497477613869e+00
1.115262613781287326e+00
3.131176491467229650e-01
9.345545460011607242e-01
9.974562198386798251e-01
1.370013371156100890e+00
7.374449547289976259e-01
9.881551282677387693e-01
7.276152674082954075e-01
4.098603251398711400e-01
1.266740184017794979e+00
9.185050744914006193e-01
