4.261414656385844069e+01
5.132674349587301066e+00
3.167976993170106947e+00
1.305263110947669114e+00
1.852233576363266909e+00
6.299846405414784023e-01
6.940776778875489272e-01
8.863461582601961375e-01
1.499557716891824599e+00
2.997483564766912356e-01
5.903987080157667711e-01
9.718929658518711268e-01
5.477085795933798185e-01
9.505656143387054557e-01
9.899103599263835429e-01
4.773464231434816352e-01
1.066144267146851510e+00
5.614348033193881093e-01
6.380051999251523664e-01
8.423866629820629948e-01
2.590200441024849698e-01
5.144060095021660839e-01
1.287165645444097450e-01
9.487946841467675974e-01
7.683693541713992881e-01
6.541015035419466273e-01
4.908479540620467874e-01
3.758981569837106518e-01
2.180367404244443752e-01
6.086645525907018461e-01
2.185057206368907212e-01
9.722927116866427744e-01
4.375163271385758557e-01
3.901935419673928651e-01
4.879742920918122562e-01
9.606817875842849075e-02
5.760119755119736951e-01
2.803548060486537041e-01
3.217357213860349008e-01
8.065259982023157415e-01
