7.532687571702203400e+01
9.254869636212870176e+00
1.875040026945658411e+00
1.701274942271999713e+00
1.520660805480156696e+00
4.672529313230629811e+00
8.654214839006758586e-01
2.012416320216726895e+00
8.224423508747563671e-01
2.780693408338075212e+00
3.419710065605904070e+00
6.454600305956563755e-01
1.841579471216464370e+00
2.683329719510790579e+00
9.772924806828540145e-01
3.791235493563648085e+00
3.012317562083923761e+00
2.911571701567285952e+00
1.234955541674481072e+00
1.745611612877540908e-01
4.106701690383220971e+00
1.348208846706327457e-01
3.689165694642843607e-01
9.139627314629065191e-01
7.283873883741326383e-01
1.784058927076195733e+00
1.464211954599862198e+00
6.828394652815233945e-01
3.373266143462176903e-01
4.025436272605959487e-01
5.618466987520642775e-01
1.648661709340216497e+00
4.682445888709951265e-01
9.313251225287120239e-01
8.140614637462136871e-01
5.476348517576860031e-01
1.687358375957594969e+00
6.824195376576622785e-01
3.367874638245139662e-01
2.875075209750619365e-01
