6.480366310023414655e+01
6.972516468593934924e+00
3.943932550046771013e+00
2.283162922017501817e+00
3.727343911363562690e+00
2.784444785601380978e+00
3.296951843654873926e+00
3.478266203375262933e+00
1.374700216648644613e+00
4.500291050815151905e+00
3.834652526239090697e+00
2.076170281404639884e+00
1.535996906200850942e+00
2.071565376838125694e+00
2.897860423518209938e+00
1.550101605930745308e+00
2.242140164157512050e+00
1.460793814703422733e+00
3.981952591596261692e-01
8.390179283994573245e-01
1.344790439816004213e+00
2.082592360703310774e+00
6.338390634296968695e-01
1.260424533095068522e+00
1.540976984237849567e+00
1.157383303081637838e+00
1.082013435258002199e+00
3.659194655826139009e-01
9.578834968014469098e-01
1.596625470892928833e+00
6.059670479439238644e-01
1.457804191797032800e+00
7.574969448891292201e-01
8.518971937430588337e-01
2.063917072528987706e+00
1.566131002050134891e+00
8.341551654738760258e-01
7.453822651871464533e-01
1.853887737930658419e+00
9.957511917064764129e-01
