5.156644642502040909e+01
2.730919420612830439e+00
7.396767844176688200e+00
8.226198558725648979e+00
1.049156960505709790e+01
7.284439891458837302e+00
3.886516564669443508e+00
1.001626960927048238e+01
8.792337708298552101e+00
5.860283372311898553e+00
6.617750268579095874e+00
7.500458409573138141e+00
4.861266336895047502e+00
4.350967049034755618e+00
8.327060955369827155e+00
6.587420410160547135e+00
4.781761212809076511e+00
7.273232308092051568e+00
9.392431219412493704e+00
7.781739117394942618e+00
4.930425482136965520e+00
6.314270931282006671e+00
6.189802992008761606e+00
5.225613398860848413e+00
4.919631668897332055e+00
7.734970136167054200e+00
7.664661166538504489e+00
3.777987325163602694e+00
5.685319833779051812e+00
7.248130863788976974e+00
6.502135028053286803e+00
1.917336731296453323e+00
5.848419164205261644e+00
5.675056158484119706e+00
5.947463968064147011e+00
4.615240866605766712e+00
6.949003823192052565e+00
8.194099483492319536e+00
5.133709276791775800e+00
3.584411123613943762e+00
