6.224314518288751685e+01
7.283438065584895149e+00
6.454936119744918877e+00
9.658804863841229604e+00
1.158029958281821159e+01
2.806794366668346807e+00
5.165195854585279633e+00
5.001996884347466477e+00
3.993383669420080384e+00
3.907629471789429987e-01
6.692677297274065573e+00
7.621809266111394088e+00
4.602518151311814520e+00
6.423455382974903927e+00
1.307425228771805870e+01
3.935382000993079554e+00
5.872326741198481415e+00
7.200439586461055974e+00
8.335120451204385716e+00
2.880555904227522390e+00
3.819345014831978968e+00
5.764022816218712819e+00
3.349122662270532125e+00
1.454133446276412611e+00
4.146219650292705339e+00
6.877311926219139337e+00
4.372982944753087686e+00
4.913513604894900411e+00
9.282741119305011779e+00
5.209955652517312075e+00
3.748838686071548576e+00
6.819960420195286588e+00
7.667868658240209356e+00
2.536507385114186164e+00
4.561726738474662923e+00
7.451975195255121420e+00
1.857067673190146317e+00
3.273202345211144060e+00
6.085963011892404850e+00
5.338266780469764328e+00
