7.776390420119906821e+01
9.078258820312397503e+00
1.458000043269372936e+00
8.989876934451451973e+00
3.893434588273410046e+00
1.795059039806892853e+00
7.362684838810955590e-01
1.992179686219564205e+00
3.672349455974037280e+00
2.790931533658230101e+00
3.237241617421644069e+00
2.715627114185429569e+00
1.053816982706484495e+00
9.835365840756310485e-01
7.164443253602774675e-01
9.104725277699142749e-01
1.136799770719187253e+00
1.419936611005844895e+00
8.859591271693734171e-01
6.531065914797895555e-01
1.332471497837944385e+00
7.132221855787329590e-01
1.258988847840395442e+00
1.386926478091551562e+00
1.670226221459328197e+00
1.967798448588758298e+00
5.827211498839393045e-01
1.060593366220100586e+00
1.404563064786983118e+00
5.972477650666776494e-01
9.263046663292161531e-01
6.445333510267151622e-01
3.983057451427193807e-01
1.757425344501099884e+00
1.797649212397838925e+00
3.748707647920215824e-01
9.416350780468489834e-01
9.186959709853397271e-01
9.467608295766613002e-01
1.491361593167738642e+00
