1.528118852852219334e+02
1.148618739774930475e+01
5.281379168252251510e+00
6.916716967404667571e+00
4.978327419683567179e+00
3.357549255863257365e+00
1.336930575378331154e+00
4.921921244743836965e+00
2.426136359054603453e+00
1.807241416845098980e+00
6.578808839556646859e+00
1.200229804326484562e+01
2.683784492110196762e+00
5.641477116707631190e+00
5.559553924942792769e+00
7.839942872458848910e+00
1.846824071294539626e+00
1.088407218324478398e+00
6.103552248843088002e+00
5.467552684253440098e+00
1.461542541296101394e+00
6.842340872663105200e-01
7.095442153230592908e+00
6.394149852901564124e+00
1.686859881791753724e+00
3.474020738435016131e+00
5.184580726059517808e+00
2.740308809852951999e+00
1.315366105056172463e+00
3.076068493307768215e+00
2.039889260995253473e+00
1.159483907135561820e+00
3.120246903321014731e+00
3.055717803203911842e+00
1.710477614195373253e+00
3.154564525696768040e+00
1.941929111073928294e+00
1.586760169364464623e+00
1.810420028635843392e+00
1.981110252958449447e+00
