1.580566224770860231e+02
6.241402416595474456e+00
1.670366362331278864e+01
1.020725354920226735e+01
1.471626759424600372e+01
1.238334118277395213e+01
1.264372998052310493e+01
1.662525413989957457e+01
6.183284076835376730e+00
1.816768703703077392e+01
5.193475735283332284e+00
8.089455263000834506e+00
1.257060640322749734e+01
1.606461069491437144e+01
8.745476459752980603e+00
1.482468371134281782e+01
1.494333136089220382e+01
1.114157242703731399e+01
1.311301618708447414e+01
1.004850606393865142e+01
1.634986587542375247e+01
5.318370995889990738e+00
1.563836490052409012e+01
4.425611930382411074e+00
1.055473923420938043e+01
1.049099209736006877e+01
1.171531053547937518e+01
1.006499345479282326e+01
6.880233519443189394e+00
1.442202772588933612e+01
3.391162828929897621e+00
1.272938415592132522e+01
7.960572120875074376e+00
1.260178411658755238e+01
1.031263822158827104e+01
9.906946448193922450e+00
9.210883914903472913e+00
6.491721402441898547e+00
1.610637365121477416e+01
7.073072966749382573e+00
