1.931290336726770107e+01
1.074158599277680315e+00
8.915386703845968874e-01
1.945010109285858713e+00
6.633541263536997246e-01
1.512534976779286389e+00
1.092851076659846488e+00
5.648802234690244450e-01
3.299825275021135429e-01
1.724822613933211679e+00
1.696034611585057972e+00
1.201663266591300072e+00
1.009072609785091723e+00
1.360936981077558672e+00
1.050563402515923617e+00
1.028977741171709814e+00
9.313924388642459418e-01
1.082824228705399738e+00
7.511672454695098589e-01
1.444049220583053073e+00
1.598464962979435355e-01
3.479579265063702520e-01
6.487449861037791754e-01
6.006987298845738454e-01
3.911046675697277264e-01
3.515531448575320850e-01
6.073282315825485611e-01
2.762405074926941873e-01
9.694124913847267100e-02
2.684687866340417228e-01
2.770971643245102034e-01
3.170790090549499007e-01
3.304773602662792742e-01
3.296848456656570892e-01
1.731363913952371214e-01
5.518167749379838949e-02
2.620306861945732035e-01
2.778437961103366050e-01
1.512126224921648832e-01
3.385056792397132530e-01
