1.828893288221382818e+01
9.962571812231635349e-01
1.651040287985980681e+00
2.187715633519920377e+00
1.211892606403770722e+00
1.966096495804236621e+00
1.119393075239037749e+00
1.355862050174142075e+00
6.489519035172015560e-01
2.221116438595966136e-01
1.456589557845521243e+00
7.683085169821112226e-01
1.300089791870949085e+00
1.376923208707960367e+00
4.604980855398791983e-01
7.411935215397721377e-01
6.571616670593307674e-01
1.147371126750408976e+00
6.997723717954108524e-01
6.564913368427931495e-01
7.400207718178193339e-01
9.011914722812832679e-01
4.822747637840150148e-01
2.591034751901411526e-01
2.903459575169853868e-01
4.357782564091728372e-01
2.638929961537839208e-01
5.148399768055466064e-01
1.886962759983641102e-01
3.972980335348177960e-01
2.881956304418912818e-01
1.964537708708641861e-01
1.785277855862988095e-01
2.780948927324846665e-01
2.296309385673142578e-01
2.306228844712077675e-01
2.673160563392160127e-01
1.697400524869577265e-01
3.076544931485848400e-01
2.848424904199957086e-01
