1.424032396933326616e+01
1.513251712888457945e+00
4.266010548533337499e+00
1.315326935905351657e+00
6.128533460989622483e-01
1.843865208706820802e+00
7.880802808169886653e-01
3.860449454825022331e-01
3.597553342476231819e-01
2.057009499898677929e-01
7.759964181421425966e-01
6.310747161579809417e-01
7.064931790792434718e-01
3.961718635368297048e-01
6.788629913579885544e-01
5.598425507622953878e-01
4.443913780888603116e-01
7.352141100071396540e-01
2.803497413864329268e-01
2.874099591170717338e-01
7.956232035465877761e-01
2.801046588128355830e-01
2.977098911718554786e-01
2.578203838273550041e-01
3.129633244585293683e-01
4.791389056679687397e-01
9.842662372561432338e-02
1.094171271607729118e-01
1.827548342543347804e-01
3.822013669055776552e-02
2.274083836757481158e-01
1.310543123956843248e-01
1.118071894056314325e-01
1.774450361647436636e-01
1.416928519988101126e-02
1.763025686094556455e-01
1.209580250226040266e-01
1.963088189686619245e-01
6.217298891280846618e-02
7.759052316167594499e-02
