2.068571256239277734e+00
1.215286870228798222e+00
7.299930732303601122e-01
2.835239491326335681e-01
4.917246070643522399e-02
3.506462197655030866e-01
4.869338964708244122e-01
4.776795986499536850e-01
3.843268124627683413e-01
2.494558564272794099e-01
1.442106589486016333e-01
9.202394253631711318e-02
7.963094247582355734e-02
6.168812435996164772e-02
1.345148330155727379e-01
2.437560421412532929e-01
3.193983655859580217e-01
3.647469437152006111e-01
2.688255255581097347e-01
1.200700729215530976e-01
1.051031918959731554e-01
1.435648562991878041e-01
1.821895374098632114e-01
2.302494404766972647e-01
2.781470747091067119e-01
2.411619162503753633e-01
1.478839272224513612e-01
4.668107718745540674e-02
7.977086813528370957e-02
8.311105384107947414e-02
1.710237751364557524e-01
2.037060498439609568e-01
1.855256073289967556e-01
7.872939725770909669e-02
5.808673850429971197e-02
5.904739664407701594e-02
6.790047287294674605e-02
1.349548742986360628e-01
1.908579228042198705e-01
2.254594172524133355e-01
