7.490435915674387957e+01
5.409908564986902491e+01
2.998515659162102764e+01
1.789144774302823748e+01
2.021842807274472875e+01
1.469815713941136437e+01
6.349193973069282571e+00
1.243673700525664216e+01
2.061653978778796059e+01
2.193037686644447248e+01
1.611383843388990300e+01
1.324596989542833647e+01
9.818929596804679250e+00
6.745719277468428920e+00
4.087229568851288519e+00
7.112770932796323997e+00
1.174712326198592649e+01
1.386562220268164047e+01
1.354327883745889949e+01
1.600904392157150014e+01
1.822765537269803815e+01
1.717704407062205973e+01
1.039787672412122177e+01
7.634494882336683830e+00
1.070458788417836615e+01
1.349662053901216296e+01
1.555881762146452552e+01
1.666523489203580510e+01
1.469708263815653737e+01
1.127901710225937926e+01
7.933059780568802566e+00
5.651765981741823985e+00
7.306832914049507188e+00
9.697488186480450523e+00
8.826077368340031981e+00
4.737328926995735046e+00
4.546330470915626698e+00
7.698739812011365480e+00
1.089609154620475273e+01
1.313458045066924029e+01
