5.472859441800094871e+00
2.519074664095958038e+00
1.349475474413693421e+00
1.809773083558133377e+00
1.665844920731810452e+00
1.050614317804905440e+00
1.119538543835655764e+00
1.308030896068537841e+00
7.298309860393764614e-01
5.932473814051729688e-01
4.709123012145045584e-01
4.611102937297745230e-01
6.880694850502463433e-01
3.697653613805075290e-01
5.485584579657415416e-01
7.320512628822472001e-01
6.123622184933785739e-01
8.974979114506056455e-01
7.630773189192303629e-01
6.778226504509057282e-01
4.114075753065649099e-01
7.524129914124324525e-01
9.225666481231675764e-01
7.316816287792025086e-01
7.581992053792293573e-01
9.827398360060362048e-01
1.038306147535003721e+00
8.120117214003320649e-01
1.053346609261218259e+00
1.294585954967966135e+00
9.841231446623707191e-01
7.322689105193829207e-01
8.895971054606739425e-01
8.527241386012399671e-01
6.276189221089096826e-01
5.864840336122737474e-01
3.867378481164594484e-01
3.374084321454850488e-01
2.776057224115101585e-01
1.121690877734755204e-01
