7.938756748736837565e+00
2.452823642840827656e+00
6.879534140624949945e-01
1.166605544020226537e+00
1.139811447951503798e+00
7.507486154766217501e-01
8.268217965334645481e-01
5.170243084386507704e-01
8.268431141747424329e-01
5.018205905323537275e-01
1.002328046593608857e+00
1.348721072450571157e+00
5.954341697625229468e-01
2.372959809091265693e-01
6.967544797787912358e-01
3.698087922523008442e-01
4.027557577040982162e-01
4.536289094351029227e-01
2.062596355517234969e-01
2.306875607960330310e-01
2.276340250942137933e-01
2.097597428764221006e-01
1.085402659284453730e-01
4.007782360852781695e-02
7.444692484757420292e-02
7.874001223883389522e-02
1.492788279294155196e-01
1.228693201980063932e-01
7.903873915051146115e-02
1.098492906473159253e-01
1.519172896121582517e-01
1.523883675463658660e-01
1.838679170742421320e-01
1.354873397274092561e-01
1.070581159246702940e-01
1.001015468945161968e-01
2.556230804729010819e-02
7.428231153114331353e-02
1.045135426292143482e-01
1.423272919412890414e-01
