5.205235878227304269e+00
1.067464178760658466e+00
4.719831749776309815e-01
1.094753577770123387e+00
1.055003557086245269e+00
1.855741922460634186e-01
4.593558994940275531e-01
2.188187681162840348e-01
7.015193142862828635e-02
1.684543819869726566e-01
2.801140332182346371e-01
2.658604514219963799e-01
1.650202015161702229e-01
6.509407033517530805e-02
4.241083115568439893e-02
9.781418347683437653e-02
2.787079738491037711e-02
9.457314962914770140e-02
4.629726929478484437e-02
2.548418873223638401e-02
7.879928853210567408e-02
7.709173836478337705e-02
4.424919297575036908e-02
3.277363458741960195e-02
5.626755051529554186e-02
4.755025987635343870e-02
6.038269349581137230e-02
1.242640823731627903e-01
8.682513124971590057e-02
6.639742045218412214e-02
7.595708021350616734e-02
5.857078817404790666e-02
9.979954824739326047e-02
8.068080320066280120e-02
7.987360917936926763e-02
8.436607587075665993e-02
3.897220996419768074e-02
5.667385888293729329e-02
2.892396914683223810e-02
1.763570972157015720e-02
