9.129625598678634546e+00
1.134448785917389735e+00
1.777379067559803349e+00
1.749744541832888522e+00
6.892390379984963955e-01
1.411763863633767269e+00
7.823387824555737557e-01
6.770375940391697434e-01
5.821550614229750176e-01
4.514249777858143076e-01
5.706985903200300081e-01
3.663169062506989038e-01
4.452349908683268520e-01
4.031938368944892326e-01
3.965945226811354307e-01
6.170228741534833361e-02
8.409440586084407920e-01
3.577798827402801640e-01
4.453372841309141128e-01
4.485292380429483639e-01
1.692527318429001004e-01
1.213694096065689454e-01
8.165663359425294476e-02
1.001295732792761711e-01
2.457379607109216879e-01
3.813183091043670370e-02
9.292797301502457585e-02
1.287481692582191362e-01
1.531789632762211029e-01
1.067308768200708469e-01
1.253523202641728396e-01
8.039274888868852553e-02
6.708467200904257022e-02
1.046893705844875871e-01
2.670688585008056462e-02
1.148876017511868131e-01
3.697745735635926678e-02
1.278464897773785511e-02
9.049089332119433782e-02
3.980177351245130918e-02
