3.749109824202037977e+00
2.367102403801401578e-01
2.188361204086325951e-01
4.786908742826904151e-01
1.662426448307247895e-01
2.467442100077395228e-01
2.188095036563917073e-01
4.585394824125689217e-01
2.847612400230049579e-01
3.663434604964401764e-01
1.599083620953338780e-01
1.557623174631412033e-01
6.083454491053190416e-02
1.866821525693956596e-01
1.359979407743249977e-02
1.949098649470439037e-01
2.006060004472659808e-01
1.271375771480429684e-01
1.776501181859620471e-01
1.090239607133002414e-01
1.438882401594762106e-01
7.910733309696284243e-02
3.908566662351670162e-02
5.192479860996546126e-02
7.260081406696407280e-02
7.746177062278146973e-03
8.711454202500608368e-02
4.345371711168422718e-02
6.864802423607367643e-02
8.324032174024898964e-03
5.658816340517881099e-02
7.329575174815287919e-02
3.818270790681326660e-02
6.879519776890877236e-02
7.280357789405074442e-02
3.862655731555237476e-02
1.949183260050668318e-02
2.172649058035420674e-02
8.027413436120445223e-02
7.743463118584839600e-02
