7.354094613693696658e+00
1.338910343372525791e-01
2.444455779858797362e-01
7.533346818429434988e-01
7.580482766299622144e-01
4.954014682638935296e-01
6.303560809928360209e-02
3.700366859206220549e-01
1.818636852021682238e-01
3.554652379237772664e-01
2.698814386896906115e-01
5.745096028204620398e-01
1.655304461121585025e-01
4.736734295626077174e-01
5.894294193932163584e-01
7.935806527072283290e-01
3.632241277648914357e-01
3.407076150626847100e-01
9.755039024835721051e-02
3.112895857168409552e-01
2.662705248651859868e-01
1.405454157694492334e-01
9.790779227802808293e-01
2.509938667096693332e-01
4.684889755750951679e-01
4.670979628702965347e-01
7.873290351906685469e-01
2.323606712185647682e-01
8.171612311537598816e-02
2.228065006821848826e-01
2.780968994792068494e-01
1.707603932177253481e-01
5.620359157752295026e-02
2.106628527237231763e-01
3.772880707906563491e-01
1.964772002359010672e-01
4.274055132851511396e-01
1.330805483095766073e-01
3.316628389916745911e-01
1.395933595243656067e-01
