1.152322572845111637e+01
1.957339969363319110e+00
1.098522533065843465e+00
2.908279849376427251e-01
1.536195895573464254e+00
5.539129989361806228e-01
6.152024071232746749e-01
7.646763381175091245e-01
7.776028076721143434e-02
1.021409452169369736e+00
6.734215573078129458e-01
1.201995486234441080e+00
1.114938848998966447e+00
9.176576982546602590e-01
3.420268580355589338e-01
3.872624863513023374e-01
7.918415465512419482e-01
6.779725777724644464e-01
6.727409997925428708e-01
5.265907363774827710e-01
7.235966041257709813e-01
4.922805087282297598e-01
5.723690026670709141e-01
4.763304983813331783e-01
5.970018171318486333e-01
2.382844554485312183e-01
9.742108203753532814e-02
4.679204790448834306e-01
5.918759403236175665e-01
4.410446580043124731e-01
1.496383790268483172e-01
5.692643869995768213e-01
5.665731573435691670e-01
3.223001364086969800e-01
2.594357119330633066e-01
2.870735511794839101e-01
2.729271240577261226e-01
1.391541488600974708e-01
1.035668339376370206e-01
1.529345573403206593e-01
