8.428345103976143449e+00
1.444920360658714653e+00
2.118378106920215220e+00
1.179137518253072558e+00
6.922822362545113517e-01
1.338639407616153632e+00
4.859271135957383692e-01
1.031350791958286495e+00
9.831743109316273266e-01
8.372070145708327971e-01
3.309365827145078764e-01
5.113418206544395606e-01
5.682792722888260206e-01
8.285131959804307167e-01
9.959443003828932772e-01
4.937500148504843089e-01
5.191025037721569424e-01
8.615808775384262708e-01
2.250887859505641131e-01
4.793716971491792656e-01
7.282864564957219899e-01
1.076464698340162895e+00
7.349825791498664218e-01
6.606743682075739699e-01
4.964990647232278564e-01
1.025431276627015942e+00
8.187093038112490673e-01
6.464705738238877286e-01
4.914068885300082457e-01
5.152714618478462238e-01
5.096944043232793931e-01
4.763626230447592924e-01
4.299553406060387939e-01
4.652471334680817749e-01
9.203175017273130809e-01
7.636001187080889707e-01
3.716760051033373702e-01
7.069244648401158404e-01
2.355509037791929661e-01
9.526203400643967756e-01
