1.505031023986940397e+01
8.355817524687282116e+00
1.695806694990664720e+00
1.190728007307882086e+00
2.491927667210763531e+00
3.045188314935443064e+00
2.151555028039362494e+00
1.491855782811588593e+00
7.148629839676665654e-01
2.340675554530300406e+00
3.274044222579809649e+00
2.127806751502885341e+00
1.558027811596246925e+00
2.185105700504593962e+00
2.810895602917578007e+00
2.504688067370724358e+00
2.726910386529663111e+00
2.721963713950367403e+00
1.554254263957647542e+00
1.074531978237261987e+00
1.252548355080019826e+00
1.136724528039230186e+00
8.294047466446150541e-01
2.596352307932157544e+00
2.608217029414163779e+00
2.217604554730072230e+00
2.396163629671343553e+00
1.407727782642471670e+00
6.592528078007182657e-01
1.740676171033613162e+00
3.323552764847597984e+00
2.555182040315419290e+00
7.091375961231108915e-01
2.579014160538737777e+00
1.908943950279034185e+00
9.420662030661388631e-01
9.194286563384411748e-01
1.376947410208346989e+00
1.489283780303439109e+00
2.642365212862497703e+00
