2.343675954397543393e+01
9.373310073136710940e+00
6.351480212626367639e+00
7.394402803378005373e+00
3.024732333650232974e+00
5.236053814948006924e+00
5.647433087828918730e+00
5.723688499891548709e+00
9.339459066605879656e+00
7.983670881302770361e+00
5.134064570775018765e+00
5.940395190914615320e+00
3.756986151476268354e+00
4.938811625691060136e+00
5.519775766146661766e+00
5.747038660606796689e+00
8.163474376194622906e+00
6.892852957535324343e+00
4.615701675098473622e+00
5.213222088058841130e+00
2.819609827920851242e+00
5.001323979908036677e+00
5.326069873222288642e+00
5.710509322214395667e+00
7.591327205400069111e+00
6.358025114752792639e+00
5.185390751083000183e+00
4.321988732749429296e+00
2.669948782875627202e+00
4.528595662120773468e+00
4.945887266825468309e+00
5.097171570290408127e+00
6.653124810935056033e+00
5.867695456095884055e+00
4.243340554481728866e+00
4.195830457091155985e+00
1.655221123338435074e+00
3.566337023505350423e+00
4.915503298916436670e+00
5.878242786439368039e+00
