1.272014963518027031e+01
8.156802210607853709e+00
5.777603851790170886e+00
3.113163845751834913e+00
2.222005226312601778e+00
1.694224695398937275e+00
1.553891401123244309e+00
1.552926369271456553e+00
1.455468430636382315e+00
1.137398499228984061e+00
6.577853089863743286e-01
6.664887375425251337e-01
7.445359192600758957e-01
5.617099511984307014e-01
5.033596216488654962e-01
4.010482042691632665e-01
3.258534418056244220e-01
6.635257997969751242e-01
5.155896538917641436e-01
8.270462012429217191e-01
7.944290927679621417e-01
9.573395941497511163e-01
6.978057943998023926e-01
8.200190228590417130e-01
5.468637945481610307e-01
4.689609253284871548e-01
3.516840500256548374e-01
6.017850749612512207e-01
8.877637361297495699e-01
7.262633519385458536e-01
7.552318887564740679e-01
6.266561127529755026e-01
9.799932817868099999e-01
1.378925983379995390e+00
1.926469778479215966e+00
2.225658399119285757e+00
2.180280020593605705e+00
1.918504481293918262e+00
1.366167685455053293e+00
6.057772312655863578e-01
