1.158186402487640265e+01
3.137864155692390078e+00
1.561548793251095857e+00
3.068129444331820554e+00
1.051628863419430182e+00
1.125808027736346917e+00
1.726345119459055111e+00
8.664960720701873065e-01
9.497556122619041918e-01
8.914454183284097333e-01
7.833262921652587307e-01
5.175168834588178557e-01
2.237069761421240366e-01
6.707578397202296205e-01
3.330311952270523235e-01
3.302553970409157769e-01
1.166211861106686953e+00
6.390026854865862305e-01
2.982492543154984799e-01
7.388107220440180978e-01
3.231628184557676642e-01
2.098669017978097018e-01
3.476999648389617614e-01
4.127584454945882886e-01
2.739801579180882740e-01
1.090708584567098433e-01
2.913887305050571475e-01
9.444291199937701609e-02
2.369087339098390199e-01
2.434550118547734177e-01
9.292312922457486579e-02
3.798047400098789744e-02
1.594836674711743452e-01
1.206310215409032577e-01
2.121439695423276428e-01
3.045633955794093684e-01
8.218889966488399090e-02
7.236804950162670225e-02
2.275199695601468619e-01
1.267093389410662019e-01
