1.621893463047987893e+01
3.317967517018428403e+00
1.646421579825826376e+00
1.219308572440076510e+00
4.750476195664470880e-01
2.713728535610265169e+00
1.934686960831894842e+00
1.447543161967228986e+00
2.084548348160034426e+00
4.359974633651849674e-01
1.486896244340358164e+00
6.940642389681132007e-01
7.222995662255532467e-01
6.989790719364094018e-01
1.530329403544082867e-01
1.114239415959397572e+00
3.412321940695732247e-01
5.995044885575859794e-01
4.665959351765160412e-01
4.369848394797388180e-01
3.286466484220333939e-01
5.921233285521636525e-01
3.310489064232859935e-01
1.075381586260356626e-01
3.454023071640682230e-01
2.633165434023544416e-01
2.690086977581596650e-01
3.498030664328610206e-01
7.637397719934996276e-02
2.635958953331008492e-01
2.039054843249395177e-01
8.901018011029557253e-02
8.684765648781378466e-02
2.858103664657176690e-01
1.258957792438666623e-01
1.218163758398105867e-01
5.498184217334421003e-02
2.488104579473847666e-01
1.122757510253776653e-01
7.961909264311069212e-02
