2.547656055498530137e+00
7.933750376724648667e-01
6.026677084247460403e-01
3.964090325990894392e-01
6.671358038483415909e-01
3.856174296455541772e-01
5.263894930593495669e-01
3.567072511482696773e-01
3.227493704783027106e-01
1.890861109884390823e-01
2.181591970923639767e-01
2.073771220543779992e-01
1.871578448644835579e-01
1.636125025106195952e-01
1.559639148169077172e-01
1.279063931844178492e-01
7.578200031986531693e-02
4.279464880939756743e-02
4.929365397083364242e-02
5.364890240392207466e-02
5.893337355439537406e-02
1.140584229097279662e-01
1.019345489623741663e-01
1.652802570364380885e-01
1.268807063849601013e-01
1.507673926672072895e-01
1.914494845334687723e-01
1.857034028050862373e-01
1.538429251446983004e-01
1.191527058480347512e-01
1.258337807079855653e-01
1.342837363837895426e-01
1.752256363190205779e-01
1.567737745084603063e-01
1.295181102809224438e-01
1.420186349122047886e-01
1.250604890583864315e-01
1.343984994501269958e-01
1.132380864867256892e-01
1.097237766795296360e-01
