1.623735745195447677e+01
3.260581672768327444e+00
4.111320164852029779e-01
2.119310637871296255e+00
1.282221745250926803e+00
3.683073809823386391e+00
1.931647736162412032e+00
1.673969961326356337e+00
2.453715238289917000e+00
1.300601717507898547e+00
1.320704979358576558e+00
1.188254022768981955e+00
1.790845207408960915e+00
1.681837639589940370e+00
2.248840696297982333e+00
1.026459975049516471e+00
5.705508689661903388e-01
8.821583081566650719e-01
2.048632387346964290e+00
1.901783151784844916e+00
7.675353999908993696e-01
4.364299783119141574e-01
1.120054654696894136e+00
1.022232620382548252e+00
7.803104338900642700e-01
6.382392440435362690e-01
9.944043166893982155e-01
1.223703406143365147e+00
1.108245226828764363e+00
9.509138769770104638e-01
1.077324525523943421e+00
8.211895496142261885e-01
5.845224997685899426e-01
6.575129015605097882e-01
6.685040174135817859e-01
5.821521366528952246e-01
5.150470113582239495e-01
6.473164883450402973e-01
7.082227070744155917e-01
5.211394203850560070e-01
