1.898591848807206262e+01
4.108304495064734607e-01
1.092321834279043280e+00
1.440760503421437910e+00
2.273355943373673860e-01
1.766116758062469483e+00
1.657189653163565479e+00
2.165215606072011578e+00
2.922943130366799647e+00
2.975933595939916021e+00
1.248408127695751269e+00
4.658706031379737378e-01
1.773446029034163374e+00
3.737386618464086374e-01
3.652883136428041189e-01
2.795260675752442747e+00
2.584324677011202165e-01
5.418253714252867503e-01
7.272581042349010039e-01
9.314746063611902827e-01
8.724827716997560767e-01
3.146529584804509949e-01
7.560954988666871435e-01
1.148491989059150731e+00
7.077857845565495021e-01
9.893558092270084980e-01
5.807558325346364736e-01
7.771237841303433314e-01
9.664150132872441068e-01
3.180581062210759979e-01
9.369444076849329228e-01
5.340797662839634752e-01
7.399041970094456522e-01
6.517479297346663314e-01
5.468618705030138250e-01
4.351817553078695666e-01
3.812174844404105922e-01
5.175083141444535295e-01
4.774202329339269357e-01
6.464802036301545707e-01
