7.981667261084184339e+00
3.274415684621742595e-01
8.886487124963753370e-01
7.481515872812435908e-02
8.094237512001757340e-01
2.206139437627650524e-01
1.406076343915164006e+00
5.777437182655592585e-01
3.809569336870309852e-01
3.076198437664094953e-01
2.398238690953790608e-01
2.439529777337712813e-01
1.250251643152298642e-01
7.391437620097797145e-01
8.845954564694688549e-02
2.722291269055484436e-02
1.406304408676689321e-01
1.875284588131276575e-01
3.629256161867459585e-01
2.405381194591255101e-01
5.735794600363192108e-01
5.600956219584036777e-01
2.540543496408546043e-01
2.262608262814509996e-01
3.148843283836405549e-01
2.233225306124932419e-01
3.412764300571713427e-02
1.904835031025442216e-01
2.158638530238840558e-01
1.593202435543726869e-01
1.338014510014968461e-01
8.502189016386289822e-02
6.467634773538848136e-02
1.805232381466770897e-01
7.048317705741136141e-02
8.758425763429859845e-02
1.909324520047996354e-01
1.184303741341788258e-01
3.683519212168694795e-02
9.339370447902409222e-02
