2.602472240476306808e+01
5.117893699211101044e+00
2.790378460947635642e+00
1.748908805127973753e+00
2.072981337960546344e-01
2.975241167977220158e+00
2.532927595111371666e+00
1.177968858651478268e+00
2.400707153385976955e+00
1.669684760361201503e+00
4.722730828702046968e-01
1.448070103855702451e+00
7.429845946770995413e-01
3.014619614623325061e-01
1.648699378560237461e-01
6.787104060424796748e-01
5.993997872352374578e-01
6.658991434314921465e-01
5.053302854522319087e-01
7.405527062829420082e-01
3.505903117563153870e-01
7.149898155009974943e-01
6.471424661201174988e-01
1.161212315957123042e-01
6.141231737416714687e-01
2.015024299620608583e-01
4.801031656833433248e-01
5.358676404408773131e-01
3.246445893331735277e-01
3.009380511137861314e-01
4.293661318533375515e-01
2.722606016951575891e-01
7.644631072452652554e-02
2.822320465112690968e-01
1.559666801984692930e-01
7.597223326441228386e-02
2.663483911918891889e-01
2.916875679623505691e-01
2.187422168536003533e-02
2.316104669072418243e-01
