5.761155858388470108e+01
2.971851345187420446e+00
5.056710040537251594e+00
3.704634540972899348e+00
2.919092195298063519e+00
9.707166542271982834e+00
1.045139730706019510e+00
1.281741636121362271e+00
6.927863162344941594e-01
7.570652929577428303e-01
1.309209485088128133e+01
1.996956396598297268e+00
2.956307853362888594e+00
3.019728086551893842e+00
3.549460146834892083e+00
7.288543871437314081e+00
7.417751889541011057e-01
4.096271270177449519e-01
1.646759722797551451e+00
6.617161672944842365e-01
2.432912870684619921e+00
8.116004494639587064e-01
4.974913537039226119e-01
1.510281971714294125e+00
6.212708594265023976e-01
1.403942019618778181e+00
1.569156954204349752e+00
8.718990978526407476e-01
8.884862335266781042e-01
1.776865629515834710e-01
1.205185793678548167e+00
1.189104980395309763e+00
1.065709459560639338e+00
6.118126227306418530e-01
6.117020058902916668e-01
7.368672893176727579e-01
3.311306012293337431e-01
8.892713178163006438e-01
5.204316480872243078e-01
1.138740346740838350e+00
