1.840860552482413226e+01
3.437885611664031060e+00
1.852591987622356662e+00
2.414280836677904940e+00
1.052659053908646669e+00
8.216955560508201195e-01
9.802664076294601569e-01
9.175609632555368211e-01
1.026564712848613503e+00
9.313906154987906527e-01
5.328112099803290480e-01
1.185410051460526804e+00
5.157183805423231071e-01
7.956980183508414184e-01
2.632249025047399549e-01
4.821241894208849188e-01
8.400549582596319453e-01
8.540510510997897375e-01
1.420383080491861794e+00
8.349181709937195661e-01
6.700033277947690102e-01
5.478571243238061772e-01
8.705611618852868716e-01
3.024308424037982501e-01
1.777574606436948534e-01
5.869352442214900711e-02
1.265556244363380822e-01
2.766768959270367034e-01
4.974065709410979141e-01
5.959196053347858291e-01
3.518552081371723039e-01
1.763350503636924027e-01
2.014097142709579402e-01
2.593012529970427082e-01
2.388509319691442812e-01
1.270809065149038908e-01
3.341340740497217299e-01
1.024849555091344178e-01
7.553716184564288061e-02
1.422882171345240809e-01
