1.774011806149479753e+01
8.725270932952099434e-01
1.734579095951265471e+00
1.885599472346228600e+00
1.816030840152456083e+00
6.146147069320682110e-01
1.718893270574076260e+00
1.325505987093606786e+00
8.237564371151935294e-01
1.920151428294646578e+00
1.744733845034028397e+00
5.772905526360395667e-01
1.542772576474693569e+00
1.005744416326310287e+00
1.061882571707201128e+00
1.117103883255572860e+00
8.897644224617753395e-01
1.791911662211155498e+00
1.037627774784424695e+00
1.127101779657106562e+00
6.260046441990614330e-01
7.430956069418798160e-01
5.226575297591159464e-01
7.636366223816650756e-01
3.649959201472766646e-01
6.235896818964442589e-01
6.859047637929285290e-01
4.685992958119693519e-01
2.695041605162350473e-01
5.939789731277071994e-01
3.065940191309126095e-01
1.110337657327628236e+00
4.450490542664979898e-01
4.608789224937968054e-01
5.247378389942359833e-01
2.918995296439889642e-01
6.428602163728768248e-01
3.316711234627718885e-01
5.991192162218854644e-01
2.072068796762339682e-01
