7.400625092104400338e+00
7.899087566639475533e-01
1.082002553685105450e+00
4.610637373076207912e-01
3.681910004821755678e-01
7.530462287359668272e-01
5.007855825916063264e-01
7.869493851687031638e-01
5.003184832766823797e-01
7.630413068756316530e-01
3.328900110933116774e-01
4.642807367150718623e-01
4.102199383831841017e-01
1.624539273807412976e-01
4.187355973829167133e-01
1.402276597135688752e-01
3.136674484767319471e-01
1.109014749151242402e-01
1.030226606594837890e-01
1.579214153549704791e-01
8.218244021258581944e-02
9.149232827921151279e-02
1.346962070628103247e-01
8.729647642148195830e-02
2.338311640275066439e-01
1.465810060253165958e-01
1.828691559814550616e-01
2.131950353743837789e-01
1.305343950749934534e-01
1.930912147042828930e-01
8.196541023887790600e-02
8.490347237005124725e-02
1.116963762937230598e-01
9.528850051166067037e-02
9.613285887832666299e-02
1.292806066510728824e-01
8.325364960110721857e-02
7.532078263030944631e-02
3.043493576129631048e-02
1.324637259375938125e-01
