4.057370903418391350e+00
8.231692078160205428e-01
5.449531091209658396e-01
7.546144683895948946e-01
7.063476990133512601e-01
5.096033319375948833e-01
2.039931817626666755e-01
3.802675164337460112e-01
4.577560694085890391e-01
3.943267400444956938e-01
5.603063654911925179e-02
1.155225916477925774e-01
2.338053845377953410e-01
2.690354176896996297e-01
2.526285765562344410e-01
2.013539360830355618e-01
1.513729680731698557e-01
2.239345514954791116e-01
3.635696811791074845e-01
1.193315551980746875e-01
5.929404438273955247e-02
3.320613616338334295e-01
3.786071030340136256e-01
2.337616241290690899e-01
6.711365366581518999e-02
1.111538806630343046e-01
2.469633117906464836e-01
1.988620035325077140e-01
1.265109076712289116e-01
1.478416536133026205e-01
1.818142698501047927e-01
2.228673848160634408e-01
1.987569071119248965e-01
1.642769953755151557e-01
2.094586558912429619e-01
2.390679772103648237e-01
1.647832258364512470e-01
7.853113941505927842e-02
8.766213605566423872e-02
1.348521893858995457e-01
