1.141637284442010269e+01
4.023529449418788317e+00
1.520349097782963010e+00
1.216626638053485587e+00
7.377326176867884389e-01
9.814635366862527466e-01
6.346203592109680436e-01
1.333980666812435711e-01
2.722283159618743564e-01
6.729351981883069378e-01
2.857387242345382772e-01
4.573303401002679625e-01
4.668286209688978783e-01
3.644366569563437519e-01
2.866875723787518648e-01
2.721132169122385536e-01
1.759966338315656909e-01
3.061243597692812624e-01
3.306264985648485477e-01
2.761063597770982425e-01
2.077819995860118174e-01
3.599740110362164569e-01
2.815328376724846038e-01
2.390899950798643925e-01
2.776728564855903136e-01
3.768826942230130705e-01
6.195263355944237160e-01
3.115821067654203080e-01
2.190897811903332881e-01
1.830078635344936644e-01
2.972497610489557296e-01
3.728049329872042406e-01
5.975554363063492191e-01
6.873285107091592350e-01
4.219239071299357713e-01
3.162736143598034455e-01
1.722706415756973808e-01
2.593494544035775951e-01
3.612309602261269403e-01
3.228607610923541205e-01
