6.348108822637449578e+00
4.255888613851419588e-01
6.170191614919873224e-01
1.446346211339398780e-01
9.565284072401349924e-01
2.999513193103471864e-01
5.407700574420601924e-01
3.004204173819162160e-01
3.264923301278648826e-01
1.882925318062333431e-01
4.189630920583168328e-01
2.196644357859448560e-01
2.503528358341317595e-01
5.956086906896458366e-01
2.873395879235813855e-01
2.360374354640088213e-01
6.654788834872830960e-02
1.868731787187332405e-01
1.868798197353957191e-01
1.551855248951681532e-01
1.577857851746265472e-01
1.860035410706235848e-01
1.068894080727924994e-01
8.169397074856032948e-02
4.603212046676811303e-02
2.013822155310355244e-01
1.240886910133407600e-01
1.313114850965790836e-01
5.723999867107494588e-02
1.208048643958412743e-01
6.326670662472005935e-02
7.434902522273108272e-02
1.063181649612074398e-01
9.517490690787498708e-02
4.992078049798622658e-02
3.182666751738495725e-02
1.225200180488288382e-01
1.032470047762825693e-01
5.261600491743988195e-02
1.423851136691272889e-01
