1.466445196162724187e+02
5.740399660152310624e+00
5.227933226567938796e+00
7.254473144052560940e+00
9.796296232639109647e+00
7.294111221111291066e+00
2.015617917031234718e+00
3.839824795754150699e+00
6.956968157360345906e-01
2.939182983561086537e+00
2.250418555309579904e+00
2.162354307418484112e+00
2.405257440495710330e+00
2.837376471123920219e+00
2.572743125965749833e+00
1.495813038021319930e+00
6.590502660205717067e-01
2.509063030129926375e+00
2.882667964757687162e+00
1.534827781220712506e+00
5.903372263152746324e-01
1.601031753175321981e+00
2.783758379297549101e+00
1.090123356229682372e+00
2.628944449297006436e+00
6.828424342956010973e-01
2.066264642138636809e+00
9.484898205723706344e-01
4.960269168043967558e-01
9.966497499470775567e-01
8.849604276639155831e-01
2.352205210782549460e-01
6.329427107744690639e-01
5.611228729608015442e-01
2.049496152535696947e-01
3.762461409302799153e-01
2.401571981337038975e-01
6.747012690659723866e-01
4.174753445729365020e-01
2.803602873795258965e-01
