1.658366418683504548e+02
1.193146726874922869e+01
1.165286362621294458e+01
1.181999220113640980e+01
1.280830757697926359e+01
8.362376911537554136e+00
1.138052195685405898e+01
4.880635199546889957e+00
4.523408312541499221e+00
2.736288868499944904e+00
1.900801852406079240e+00
4.012791600542366943e+00
3.012057472583713036e+00
2.808192807317511530e+00
5.195671987409481218e+00
3.365815534162115874e+00
2.332733714641939571e+00
3.009268724969167863e+00
3.488214733124886724e+00
2.437074011581475297e+00
2.615525234007292976e+00
2.741555883409003247e+00
2.547272874167005874e+00
4.324785973781935411e+00
2.809322837529003802e+00
4.207638465235036485e+00
2.818340857088514007e+00
3.065327879806617251e+00
3.086899158138596722e+00
1.831771400719513609e+00
1.507008001013606435e+00
1.258055926765700328e+00
2.757319361490911724e+00
7.749253177545205595e-01
3.096496727584501230e+00
1.861601833563168551e+00
4.013039188865869633e+00
2.421051267423805164e+00
3.184300966955680767e+00
1.056623136620822967e+00
