1.265156080357808150e+02
7.700138648316437795e+00
1.136517688717386143e+01
1.107101379922453432e+01
2.438263766951791034e+00
7.661008288214122608e+00
7.513879591110462997e+00
6.482665872252650452e+00
6.009903630421852938e+00
4.774101839833595484e+00
8.686505979458434723e+00
9.040270780091507197e-01
4.444382206707479632e+00
5.574335856228716857e+00
3.145113693015343159e+00
4.529399146468493065e+00
2.764233873506423134e+00
1.283488573014318179e+00
2.140127606967431095e+00
1.117222966369198378e+00
9.978639555317031506e-01
1.296853637023318129e+00
1.177710747905556188e+00
2.585953890113958042e+00
1.545546256958942877e+00
1.997646225667381925e+00
8.995827500823794232e-01
1.424217045157122552e+00
1.097079261611024981e+00
5.414988317479026980e-01
1.058002879367195392e+00
1.603856809828984042e+00
1.129257908667857357e+00
1.457574403995588908e+00
4.590361177115140356e-01
1.810682861049270231e+00
6.734519944190796581e-01
1.390697593436361457e+00
5.571854857629593427e-01
7.666212645838910156e-01
