7.201663424492112142e+01
2.142737909784293127e+00
3.231316357602707523e+00
8.245438649438764145e+00
9.443279312344203813e-01
2.684745934832721836e-01
1.480320444390342827e+00
1.240008413310220936e+00
2.179083635054350765e+00
1.236322350373275869e+00
4.918904157536970190e-01
2.056234322263703174e+00
1.849782409974938702e+00
1.401029482140216942e+00
1.534806787990908861e+00
3.374663625912945886e+00
1.957004595870366570e+00
2.285018925679796364e+00
2.094618302649967401e+00
6.451228521609395639e-01
8.106265075992871161e-01
1.858213605840056015e+00
4.771926799028549104e-01
2.759648086737458983e-01
9.321927710289751312e-01
4.796194650040137009e-01
4.990774322066839908e-01
7.712918948444925649e-01
2.384864246690939493e-01
4.686376112259378890e-01
5.162485551176134724e-01
4.662339934043721601e-01
7.188647611095334566e-01
8.174717400300818282e-01
6.211583298615650506e-01
5.107240751627489111e-02
4.382133038834419847e-01
8.482829496447277240e-01
2.469981063468234816e-01
6.465690226737971780e-02
