7.466306030523756476e+01
2.266895143397997359e+00
4.956710496826141288e+00
3.471800920705875870e-01
7.180531254198755597e+00
2.562004929500092842e+00
3.046240198006722633e+00
6.811307971453393062e-01
1.337473853363715381e+00
3.021404016670937054e+00
4.810078753553629488e-02
2.759667022201315767e+00
3.514452217139444556e+00
1.711981302867220389e+00
2.842944420790384230e-01
1.446419834785658720e+00
8.343249331730567819e-01
1.240402029981462206e+00
1.124151834400263006e+00
2.068255471111236865e+00
1.375754014333494757e+00
1.133460052261715534e+00
8.247829390710764708e-01
4.552777274213986036e-01
5.211990698625328378e-01
6.940429908460793440e-01
7.659048718958657576e-01
4.234357751427499372e-01
6.084026369175019600e-01
5.093188625967824956e-01
4.739368546683902506e-01
3.273358018088630139e-01
5.014290168440558304e-01
2.406269053368866595e-01
2.596350291392072185e-01
2.988484010668234769e-01
3.661094736327643040e-01
6.125621197733327472e-01
2.508006688118837868e-01
2.215667917353329186e-01
