5.713033333376634459e+01
1.497000023612779174e+01
2.219739495894944792e+00
4.936599925777375830e+00
1.677826171136100664e+00
3.601569594921758100e+00
4.822603161553646878e+00
1.195867991047809831e+00
4.122189993619794102e+00
2.839657241866404114e+00
1.088073701914184621e+00
8.449570561088356468e-01
3.931203605642870968e+00
6.880965362352033932e-01
2.778026425577442282e+00
1.955405383610579584e+00
2.009038259295250928e+00
2.442718832301888465e+00
2.060098020524711693e+00
2.692765331482755098e+00
2.024723489687809241e+00
3.180767128908793318e+00
1.853126832889532949e+00
1.461145211210052031e+00
3.367680318219879343e+00
2.900024417992066006e+00
1.168229576386835111e+00
2.683720510720446928e+00
1.361406876446236591e+00
9.819123030684739906e-01
2.500750004519865399e+00
2.395820878299191659e+00
1.660385832693600960e+00
3.341520125082809045e+00
1.675629682689930622e+00
1.332097915325708426e+00
1.424861758927524535e+00
8.819701537995948692e-01
1.604658383399021560e+00
2.475845022753407232e+00
