6.989021339537766053e+00
8.380069176282759491e-01
1.016105518398417562e+00
8.044727822248317617e-01
1.038652803015612358e+00
6.058937269160191708e-01
4.631484211595842115e-01
5.244380892946649553e-01
7.106789768964982823e-01
5.946562923608115225e-01
3.918766706808273770e-01
3.618509844654908547e-01
5.911785254032932979e-01
6.233205958888047293e-01
3.858514794546419879e-01
6.543273970186365140e-01
5.320053721468476216e-01
2.379064501758640648e-01
5.086547786124836490e-01
7.862384384845505503e-01
7.056295456469262595e-01
3.519823035557402835e-01
7.392492806340252853e-01
4.973608654687576291e-01
3.908151198894317391e-01
1.287939158364896364e-01
5.819146316715733125e-01
5.346158102909630561e-01
8.609141926410585066e-01
1.890938754443617920e-01
5.740354299041298125e-01
4.214521392219309770e-01
3.648828960434178925e-01
9.181301990059864693e-02
3.194953366595320032e-01
2.198422006379930627e-01
3.072995572204344494e-01
3.717680177664517971e-01
2.620867138132254026e-01
2.549484445872336469e-01
