2.498037280226800938e+00
2.086245443287980394e-01
5.717161789276940104e-02
3.226462928890687643e-01
1.578095427693405328e-01
6.627842627222663152e-02
9.692863703904353034e-02
1.226161844612264906e-01
1.239760127258216355e-01
1.984475108017001999e-01
1.703491391503989538e-01
1.191371268736421268e-01
2.687478765529849878e-01
1.358634162948904600e-01
8.606276951341906845e-02
1.809802080255901446e-01
1.121386702858012813e-01
7.783596012138868647e-02
9.474978586207688513e-03
1.098768555307080425e-01
2.436164651734779377e-02
1.152137749920955218e-01
8.380235921979745095e-02
1.076862430970891710e-01
3.757973748494630728e-02
1.084555930574326310e-01
1.415332569457860845e-01
6.466050346296713103e-02
1.862834127967267772e-01
8.719512133204911086e-02
2.267115776147357598e-01
9.392378434372049278e-02
1.249142902833303009e-01
1.738304328277627819e-01
1.090679521644733890e-01
1.092636588560755850e-01
5.009732142700013685e-02
3.721690657012668296e-02
6.582374768078523564e-02
6.579443110664466576e-02
