4.706006674206541618e+00
4.440979676083187666e-01
1.467998988556147577e-01
6.163473897343619834e-01
6.228044564748943523e-01
8.253330398708731697e-02
5.394045957783224488e-01
2.684967646541603914e-01
3.707903520854921586e-01
3.886050090731951179e-01
2.553110456068807266e-01
1.854327379513473761e-01
3.068976402485521504e-01
1.573510818735419925e-01
8.537793193564444105e-02
3.081448155870443462e-02
2.078477201795318752e-01
1.466588750807996111e-01
2.073003780532222673e-01
2.440777964175643855e-01
2.192935766979631496e-01
1.032938146333610557e-01
2.664172127725031661e-02
1.767123027145779679e-02
6.798331907693321019e-02
9.538945352361456742e-02
5.192656152730371066e-02
6.074403164834041302e-02
7.298650378845017439e-02
1.850130517860434226e-02
1.172224888058244659e-02
5.804527461049658471e-02
4.846866122923004089e-02
7.557260462912798737e-02
4.978217392113897660e-02
8.302536384172588824e-02
2.587152762862196878e-02
4.750443624123143471e-02
2.191866346727778039e-02
4.575612701554948591e-02
