1.451392783646732632e+01
2.913330157126098108e+00
1.236049491421686186e+00
2.381352575372122971e+00
4.541559183270800770e-01
1.042317813517345870e+00
4.907734393937823181e-01
2.649159223492890125e-01
9.769451702943060534e-01
1.490193076226698388e+00
1.195111000225350883e+00
4.280135935805348679e-01
2.382320250461592015e-01
1.147035380663572468e+00
1.015459618212912751e+00
7.032251335119890090e-01
5.485432131684920831e-01
2.679679090628500626e-01
5.587600485654908855e-01
7.591146339740086901e-01
5.149700320965056033e-01
5.820950674222603594e-01
6.001656375488465534e-01
5.834919561645306452e-01
4.337779712012900246e-01
7.009713864505832115e-01
4.811054982255428825e-01
2.948827942566626392e-01
2.760464479826572615e-01
5.432653119341236403e-01
6.092141557008670105e-01
5.092626679355162223e-01
6.496230501758226694e-01
3.543403879271926904e-01
3.166457198564479047e-01
2.296349886446953925e-01
2.067428973814281479e-01
6.720723704917902497e-01
3.889111423989886074e-01
2.996013659000165141e-01
