4.143906461904449223e+00
5.995045042702070726e-01
4.100203959047831193e-01
9.028873857204321451e-01
5.910227583509756188e-01
4.548471649730336241e-01
3.230695953211607518e-01
5.197049849739324712e-01
2.873240378897064518e-01
1.543617318494751312e-01
2.498063564665893577e-01
1.457050914334089564e-01
5.076107502355725609e-02
5.330142456456874595e-02
7.949198531670190193e-02
6.822068391914497265e-02
7.521441158679237349e-02
1.264010777712210598e-01
3.521367865655316426e-02
1.471614304209126374e-02
2.207300662475183972e-02
2.826086457873843924e-02
6.580785265303779399e-03
1.852912472186548851e-02
2.649140518202462366e-02
1.335343259732004254e-02
4.335313164397203850e-02
6.160567840312167892e-02
1.352686794458848006e-02
2.017435368481390254e-02
1.687239019731968589e-02
4.668385304856990242e-02
7.065161599246716842e-03
7.966264153236450249e-03
1.829907744585644591e-02
4.251395238510057017e-02
3.479071798203859506e-02
2.720085641119220424e-02
2.068457095183975220e-02
1.873614242019572620e-02
