1.381603449060855748e+00
1.779240175491266229e-01
1.055698026507326942e-01
1.536348424321227757e-01
1.099641347631419644e-02
1.035491856839652024e-02
2.487130855530478302e-02
8.716802233580726866e-02
3.641363045024075679e-02
2.277173025049445410e-01
2.151021199153503594e-01
5.986786996415292827e-02
1.064804657036623886e-01
9.065629696012461602e-02
4.230617203775911134e-02
8.777908984667615044e-02
1.388480217158910013e-01
5.085560106214320059e-02
5.410196668793348929e-02
1.160195901512627997e-01
1.582319984169798174e-02
4.653047918375774472e-02
4.580078562442164297e-02
8.700154027673658030e-02
4.227334254895352000e-02
2.844655390059891431e-02
1.458454286300882863e-01
5.753040844982287849e-02
8.433636091293490733e-02
5.386953890532852895e-02
5.638627517359091207e-02
3.150538759347818601e-02
1.754418415501875217e-02
7.089504050665564050e-02
8.485509879114581933e-02
4.423725698684823071e-02
4.980217680510391071e-02
4.508652150131773478e-02
7.687226311483824626e-02
2.100791582777896890e-02
