1.565801088033043698e+01
8.365560892783996394e+00
3.309722104986525082e+00
6.434361992210805070e+00
3.686158048179667190e+00
2.791222555759019563e+00
3.397260944149655959e+00
1.869383250224012860e+00
1.000574939703380739e+00
1.336896273059058782e+00
8.575393561296347222e-01
1.394997490844013477e+00
1.747027759596201379e+00
1.827684470983488962e+00
1.218767574905541773e+00
4.815766185504197772e-01
1.391392443080919472e+00
1.492865907854074470e+00
9.182248156794561300e-01
2.736489440500330383e-01
7.551826579560445563e-01
6.927749243673854140e-01
4.961223997199631364e-01
3.376325387266302935e-01
2.974455383779019968e-01
5.881972564786063229e-01
1.330170235661864098e+00
1.573937835034386001e+00
1.235602449816445958e+00
5.988539973234323632e-01
8.323068404856458491e-01
1.217661874157499158e+00
1.042383864938556615e+00
4.261930049507794416e-01
8.401469385327082762e-01
1.343707425828313040e+00
1.363200502186329155e+00
1.776143047414596499e+00
2.142539168096492919e+00
2.262093097834216859e+00
