2.290346181739051801e+00
3.553789906469621562e-01
4.802653242901283592e-01
3.308043661879474517e-01
3.288491194913402693e-01
9.584655040292994199e-02
3.825556086271401646e-01
7.516634629627298725e-02
1.941287764449889375e-01
2.279910046660160450e-01
2.489018431997560565e-01
3.564430119642675865e-01
1.913345179318752254e-01
1.442662870678051434e-01
1.772282729465369799e-01
1.075906056744826561e-01
1.096426764276087207e-01
5.131377376274806612e-02
2.371761169011556147e-01
4.798944635667619363e-02
8.058140615586351085e-02
3.389127327748574503e-01
5.810855275163051559e-02
1.200749873564686959e-01
9.727658481983951499e-02
7.075952661190777759e-02
1.197886510812699694e-02
1.034078121009962686e-01
5.619381587691649887e-02
5.360548400868549862e-02
1.571445123725146720e-01
1.195569270185087296e-01
1.896103072816789359e-01
1.217104524649530312e-01
2.036761250437265358e-01
9.822385417806903107e-02
2.026855816971183388e-01
8.812860084217664924e-02
1.168720544824329161e-01
1.217864178170825623e-01
