7.378598731370777486e+00
1.262773453218259290e+00
3.216765263951860687e-01
2.434871594811730822e-01
4.215560683362974403e-01
6.666673653256265375e-01
1.985586142608232740e-01
1.599593121557743025e+00
7.581544911306685730e-01
9.169112259525669106e-02
2.560332149049028283e-01
2.669382555388004619e-01
2.166158620853789740e-01
1.886104415562855907e-01
4.371725220688870150e-01
2.994306962196174315e-01
1.951656031842858019e-01
8.825487405789003703e-02
2.002968950821642224e-01
8.364154907616337675e-02
2.905582512119810334e-01
1.219796472227489964e-01
2.258514707875550198e-01
2.613408052917321964e-02
1.001160316387503663e-01
1.555031086557692455e-01
1.065782996360799123e-01
9.634303529592469495e-02
8.060389105442199512e-03
1.164433609753330739e-01
7.417833899107799389e-02
1.065700042142254667e-01
4.776885843331313969e-02
1.566614538941883336e-02
1.307772652199451317e-02
5.752264923714972555e-02
1.025349083330085592e-01
6.752758524414156915e-02
1.149927164141488906e-01
8.128683731143225566e-02
