2.975082558079647388e+00
1.910309562688396537e-02
2.010868061273969609e-02
1.371181960548188868e-02
1.845810478997361032e-02
1.558776244531127203e-02
6.634285481729686705e-03
2.484188703031854975e-02
3.198060697294474730e-02
9.038727312903907518e-03
1.711371253634768469e-02
4.526221465683204215e-02
3.010240210177916875e-02
3.910804452295714440e-02
2.815310025821091827e-02
4.459968157678641937e-02
3.589727072490815629e-02
3.299775742774378046e-02
1.943310622921571446e-02
7.920732929757258456e-02
3.306077331589534624e-02
4.619655912067668901e-02
1.444577017370958678e-02
2.376891185908463350e-02
2.709577143174102254e-02
6.510407228700477132e-03
3.388564836507061001e-02
4.643709840151327706e-02
1.538752447295350760e-02
2.605664982246121489e-02
1.085374921806532902e-02
7.234606358132666080e-03
9.738407172876835383e-03
2.332010919369308100e-02
1.374235584100304101e-02
6.716811764770553791e-03
8.414630908665524101e-03
2.365816343088070206e-02
2.392212716942552705e-02
1.062226887797827583e-02
