1.818690914625167210e+01
9.283240771160439664e+00
4.935507966133523716e+00
3.869258502253869914e+00
1.801507913692542262e+00
3.198890353124753894e+00
2.643611317150342810e+00
3.572427544181238979e+00
4.138886178814900063e+00
3.095055603268914712e+00
2.069326680169830457e+00
2.537752065929888889e+00
8.163112870091173701e-01
8.002879190268135101e-01
3.742829288578113922e-01
2.672711620664393273e+00
2.715513772703141981e+00
2.510413593916524189e+00
3.024321167602013194e+00
2.124177162398127816e+00
1.478816841834271756e+00
1.507191815111430744e+00
2.429921739393037239e+00
2.781778422734352496e+00
3.537744167156856800e+00
4.165000895273085035e+00
3.615674149643891777e+00
2.101882484490445790e+00
1.796572199607086473e+00
2.671110291430603745e+00
1.640801384010728281e+00
6.875195986434732287e-01
1.439093110562852162e+00
2.513628396579552504e+00
1.488521657871394899e+00
1.456204312623276875e+00
1.546164796917558926e+00
1.866474713005652486e+00
1.665059080029185568e+00
1.538722149016923613e+00
