1.800554669808536090e+01
4.321463389123394450e+00
3.609416103317031332e+00
2.696197121871747537e+00
5.520574530506697775e-01
1.546502844315363001e+00
9.701231482795642513e-01
1.501410874159204489e+00
2.066776065655724803e+00
1.314798893070994401e+00
2.111134790970023101e+00
2.294986072193127669e+00
1.402298445980962649e+00
5.022269349431025542e-01
7.421020254036690966e-01
1.105974350970531317e+00
1.826521620001700486e+00
1.704551069388989148e+00
1.170426687810863120e+00
6.542329387223414505e-01
5.372324758380944143e-01
7.964102378735526955e-01
4.401736905539684330e-01
2.765022696548499748e-01
4.886262311398553160e-01
3.075391053597190671e-01
5.959239751733321766e-01
4.966998448372489938e-01
3.875678514107990247e-01
6.805575702254176296e-01
6.708865960298642239e-01
7.115771624289266573e-01
4.633943634848893822e-01
4.508849901214806444e-01
3.241098055902797981e-01
2.999689588638227988e-01
5.714468000826334881e-01
1.607039697528593047e-01
3.588278632950797631e-01
1.227894030393829466e-01
