8.263541582080433656e+00
3.549861239207176555e-01
5.193421909246856982e-01
2.206629161399489003e-01
6.584911604397746254e-01
7.480006007566289972e-01
4.660368918517886483e-01
7.252508652173442760e-01
2.558168971790726332e-01
7.421665801932907369e-01
1.008604458775133883e-01
2.374931798020588347e-01
7.080704560452683038e-01
1.855000096089454986e-01
3.236548136474411419e-01
3.062756132537035603e-01
2.655062565602380742e-01
4.482464244482143312e-01
3.106539630007417174e-01
8.323070530787773924e-02
9.871330898907422491e-02
7.493047694061506780e-02
1.476296363843647708e-01
7.792328061505560122e-02
6.071984258998223971e-02
2.283922894512255275e-01
3.112549708780628643e-01
3.092416602661723218e-02
2.176197361100566663e-01
8.695044333219306698e-02
4.599582903523538602e-01
4.308984767763863188e-01
1.896731351682625910e-01
1.785797251863693869e-01
2.379616808987132515e-01
2.345658517872086790e-01
2.326456192672218815e-01
2.745761019077228582e-01
1.793324714003138864e-01
2.849696028252953275e-02
