1.027179723577489767e+02
1.359686848057108577e+01
7.314187336358257241e+00
6.060094582983278855e+00
6.288617590642510358e+00
2.070869303879104617e+00
2.978702545350321085e+00
1.471436239864985174e+00
2.454966447205032765e+00
3.457024246973988024e+00
2.836068764768143069e+00
1.318947413532990609e+00
2.115978490300863601e+00
4.809100222377048262e+00
2.931474393072412532e+00
1.929493936700336754e+00
1.771309840493015875e+00
1.925234798368483879e+00
1.477876652979759120e+00
2.535291163318920571e+00
1.095952374324304479e+00
1.527719302318004013e+00
7.943617978073049812e-01
1.360864037433165308e+00
1.435827431909898699e+00
1.774498509382906430e+00
6.428796584824679750e-01
1.639720409486765895e+00
6.378043992087227831e-01
5.933743257146616434e-01
1.495080565240299642e+00
9.221232325241023320e-01
1.290443779495600962e+00
9.283651437800048978e-01
9.856089393518531472e-02
1.429901305182963434e+00
2.873895959900996111e-01
1.356555610472366169e+00
1.477892877915013337e+00
9.745463996417611519e-01
