2.518366940756428818e+01
6.684266564077573136e+00
1.841279860602731855e+00
3.951536736921592130e+00
1.762331475658042379e+00
1.062943572638080703e+00
1.038735305381715657e+00
1.194558098230705578e+00
1.898664223668287132e+00
2.947706256903746880e+00
2.691721193942422818e+00
1.102927756970811357e+00
1.485457654056496768e+00
2.120556081279494798e+00
1.162388205338269698e+00
1.824124575758511835e+00
2.031020067515273697e-01
4.977060842486791259e-01
9.960942428578232199e-01
8.826010514079545288e-01
7.087910188687726043e-01
7.018755217904106836e-01
6.613003511427252290e-01
3.639783079220537121e-01
5.312268242646204230e-01
6.402845696921954932e-01
9.396912568756896622e-01
5.669710496193619553e-01
2.357449154186354034e-01
5.588374756489482564e-01
7.424486451556761013e-01
5.650250456033915070e-01
4.960106096523678731e-01
4.983049724372694556e-01
4.429479347882424589e-01
2.997324712892541210e-01
5.286958488680415513e-01
6.808773601084843197e-01
6.751950679276685907e-01
4.542186876904792947e-01
