1.757112060926781538e+01
5.919605780577927856e-01
2.397304604343076129e+00
1.423357989379355981e+00
1.174698349405080000e+00
6.290220899934200194e-01
1.150754380294806145e+00
1.199738628509928073e+00
1.395392825806435866e+00
2.303850196672322104e-01
3.080941815288404384e-01
1.770731373425552535e+00
4.469381109147025910e-01
6.926401898791721967e-01
7.816799739168197592e-01
4.012323345263965058e-01
4.078445523529454220e-01
2.104409726274340253e-01
2.011473644974818009e-01
2.802823759947725146e-01
5.823750079229137455e-01
3.904602667460108090e-01
5.287773122173305973e-01
2.759724477126524467e-01
4.550746020365527555e-01
4.762376225408025410e-01
2.280369201339426388e-01
4.036030849392915898e-01
3.340227469936585813e-01
2.328009547041380578e-01
1.227765511701045670e-01
1.367662957852988637e-01
1.170707103037183783e-01
3.195000934060375219e-01
3.165801680601829093e-01
2.629495198678723500e-01
3.017536529589102678e-01
3.329630003578432640e-01
1.476026777647029831e-01
3.048904193564263565e-01
