1.702822942770151116e+01
8.509958872935894370e-01
3.854373516957298462e-01
9.474186682890520794e-01
6.030843065722912844e-01
9.478756323032663245e-01
9.167500206009752128e-01
6.656401767151359783e-01
7.517985840613017334e-01
9.604171254383540024e-01
8.381048932994992207e-01
8.567995907084005047e-01
1.007385112659082038e+00
1.035728800559324148e+00
4.559533824498088750e-01
5.330990073512141825e-01
9.312154402817017784e-01
9.177021074573432635e-01
5.271273500499608078e-01
5.562175722753833762e-01
5.509167609308726066e-01
1.448183794499853239e-01
2.728007806411357206e-01
1.371473649641342107e-01
2.659752156357955699e-01
5.026508827670786994e-01
4.578571768425858668e-01
2.730489516850176934e-01
3.911969447171614322e-01
3.125834510356692020e-01
1.840704433173046828e-01
3.845736853039785075e-01
1.758829530091157722e-01
1.405827784910708422e-01
2.017212030086266428e-01
4.516003622362862457e-01
2.228389125442484797e-01
2.662257240727858298e-01
3.820980406755805636e-01
2.110321061052421454e-01
