2.332127636468559473e+00
4.598910917986699376e-01
2.894739445274077116e-01
3.714956589028941547e-01
1.743465676852191948e-01
2.056362763379348257e-01
9.540395589966339795e-02
1.029635567365531496e-01
1.681403225627318698e-01
3.473602648997271003e-01
1.358688688431002323e-01
1.193096578146292663e-01
2.152495165004925937e-01
6.248953182537274331e-02
1.211907017273875231e-01
9.883215391317497212e-02
6.488022379544826357e-02
9.350936486541751302e-02
1.057873616308062231e-01
1.542224450064208496e-01
1.162611141506856571e-01
1.334915495964381360e-01
1.977142298056926983e-01
1.236165562697790626e-01
7.374325391519274964e-02
8.097376467045371007e-02
1.248857354706078837e-01
1.178754456340751627e-01
1.114440435510950789e-01
6.209747222103702280e-02
9.906363416634739183e-02
1.564119010108694363e-01
1.278009495917835081e-01
6.767700160837783474e-02
1.149776766406717873e-02
4.821494427045644460e-02
3.939291655441179429e-02
5.469470811175618924e-02
9.111544048507839999e-02
6.983586762693673455e-02
