7.258515454117614674e+00
7.764918232940969389e-01
1.400879921541472672e+00
4.961137980799871228e-01
7.731154799052694648e-02
1.150752591344509357e+00
4.342080916882337660e-01
6.575719850740698036e-02
2.483754737784307220e-01
1.892872891838181526e-01
3.100053974032639936e-01
1.254711674881883732e-01
2.811678372333747955e-01
2.509399693819333588e-01
7.119869368648718000e-02
1.323044979755471640e-01
2.810257185365919175e-01
1.597334396167310877e-01
1.594049713101140797e-01
2.375540537998429014e-01
4.055586106118045375e-01
2.400128158433177394e-01
2.231233640291657161e-01
3.143878413247859771e-01
1.179168023694966011e-01
1.213683828259761455e-01
1.305475006707509378e-01
1.401153267645210143e-01
2.444215733310329819e-01
6.563848321060969382e-02
1.672137186312551149e-01
1.519969223248604229e-01
6.959502802136464938e-02
1.913057146237905626e-01
2.514414717118099163e-01
1.990650598230352675e-01
1.411339852087329649e-01
1.163744917001287155e-01
2.635827343220769614e-01
2.417077336882171579e-01
