7.101781334133947077e+00
8.821194618591980952e-01
4.944040877025935310e-01
2.721633426965809899e-01
4.383940581320981966e-01
1.438384793001495077e-01
3.661467107430481649e-01
4.030571418289785046e-01
3.174985469807545813e-01
4.551835143825001539e-01
4.991517828524763001e-01
5.715087731503377677e-01
3.759515629112736290e-01
1.507876725325119627e-01
2.666863900621604944e-01
9.657744681966577704e-02
3.741601312509549304e-01
8.378681327084884778e-01
5.616432017213748296e-01
4.160804557876696674e-01
1.758291651235837916e-01
1.674856055378902142e-01
2.175425004931027251e-01
1.887380963642049103e-01
2.803686829891967602e-01
9.327301505701506013e-02
4.802685570341985732e-01
6.837425475848689371e-02
2.319269728415460086e-01
1.617393355683033607e-01
1.609120051563174836e-01
8.823352751581253761e-02
4.230811756388092731e-02
1.129597922640400015e-01
1.054327097066225655e-01
1.422856744260093120e-01
1.456956126673215057e-01
1.458712941129530483e-01
1.120270503906454218e-01
1.848926356487604616e-01
