1.146180303718034210e+01
1.516462257663433677e+00
2.122575268297514361e-01
2.343835241145031389e+00
6.981477225749447291e-01
2.758023679279966167e-01
1.373074950205210587e-01
9.030504428482613033e-01
7.331428277365732438e-01
1.043092529317177330e+00
1.368710969224772311e-01
1.517134181685412253e+00
7.766548300249476178e-02
3.688324899796519007e-01
1.463864893927649957e+00
4.710006647871229912e-01
4.966174727586040172e-01
1.236655138796843190e+00
4.176656381898482540e-01
2.514998729995334692e-01
3.826488499480640848e-01
3.948401622604550409e-01
2.465752584819188090e-02
1.885606148342797161e-01
1.244304051275180872e-01
7.743905799267003509e-02
2.264987515617115088e-01
9.233243911930083536e-02
1.497188190767434479e-01
3.003255968881135551e-01
7.898507061088815007e-02
6.187443724513311261e-02
1.599571072722342224e-01
7.679792243004927854e-02
9.107491649290724856e-02
2.046260913412481508e-01
1.452356636976012971e-01
1.453128965008872453e-01
1.935801078914652362e-01
1.826612131036827458e-01
