9.408710307304474441e+00
1.597450011149612825e+00
1.409612981238830942e+00
1.567661431425132479e+00
3.109727096069311525e+00
1.534482881305231805e+00
1.953848240189798524e+00
2.229044448963202640e+00
1.203546200346772510e+00
9.990611497688044462e-01
2.346746987540476059e+00
1.879008131864731368e+00
7.221391127963886492e-01
1.254324710320026126e+00
1.833966774396129873e+00
1.592227079787459365e+00
1.206030912577614744e+00
1.518050488161163836e+00
1.510069227913370060e+00
1.039219716018338735e+00
1.711330456454615456e+00
1.392948480374531561e+00
9.534853912848620938e-01
5.884313258728109952e-01
1.148471072570680152e+00
1.562174850043433372e+00
7.592504819887803125e-01
4.561747063014110481e-01
1.030146477379751735e+00
1.138785442343242860e+00
4.897046931642712320e-01
6.947098671615846710e-01
7.857015383320119506e-01
6.013414835978168060e-01
7.603977859149586571e-01
8.300208467702269166e-01
2.046261009901266525e-01
4.555118676143993794e-01
4.822130114083674757e-01
7.842391444690469671e-01
