8.149704265190611352e+01
3.817907124255254914e+00
5.811357485641789111e+00
1.056681015393770728e+01
4.032648932575162881e+00
1.745438261451963413e+01
3.299018073650759497e+00
1.003718117405983268e+00
5.819981305620435919e+00
2.384549466295488696e+00
1.236315884676973376e+01
9.991078803704548150e+00
4.985217502176493731e+00
5.515071528078477670e+00
3.995267309104531428e+00
3.740769648953084392e+00
1.033193729720134435e+01
2.253921919542768659e+00
3.314910914155749566e+00
2.033305388334029740e+00
1.099298648363588260e+00
2.206947121646688270e+00
1.586625102750004901e+00
6.853690122445001975e-01
2.137828268982401081e+00
2.760887943710108594e+00
1.901488103210641212e+00
1.838309473837418384e+00
1.313630742233167004e+00
4.980112559107133130e+00
1.197633860528951821e+00
2.344362181822809532e+00
1.869134541529654969e+00
4.641884546057737926e-01
2.805245610552482560e+00
9.702645369245833651e-01
9.917167015184384926e-01
5.630645985895571526e-01
7.915813052524486304e-01
1.915382621524605478e+00
