5.110393736920304519e+00
1.316239204651776351e+00
3.028493936725620284e-01
5.385494605884891817e-01
4.360478536661384630e-01
2.124465397700740776e-01
6.369812740497116099e-01
3.892154247671659739e-01
5.006539915924956841e-01
2.597426372283337392e-01
2.989085857791342060e-01
4.284499392232629100e-01
3.470709523586341660e-01
4.017107617174719425e-01
3.169713340125237533e-01
2.504565068957062546e-01
1.382461229291807314e-01
4.690367503858119957e-01
2.445481535387070415e-01
1.491798556119330599e-01
2.644986199326874177e-01
8.130339619364644610e-02
8.619862083299938138e-02
2.847688104976020540e-01
2.852444754185002318e-01
6.651322296418442359e-02
3.704075581544178930e-01
2.802991477740775506e-01
1.922634557423886226e-01
8.364818841739279920e-02
3.051068413857941919e-01
2.327191265844287538e-01
2.375397972229554011e-01
2.248558177701109884e-01
1.778002662772960873e-01
1.629212005408177399e-01
2.575358749134712966e-01
4.435064157190929390e-01
2.358845813334256025e-01
2.465989366847837760e-01
