2.214499074578024107e+01
1.314689841221039268e+00
4.464042823303340790e-01
1.765153349593864829e-01
7.370820693228934406e-01
1.116153925653039725e+00
1.769294906003644252e+00
4.294567102697447458e-01
1.021921325328916552e+00
4.724515233535232506e-01
4.261321069339166767e-01
6.456532882187353550e-01
3.696309368918933025e-01
2.492704046976411958e-01
6.459129619324932570e-02
4.239522611283176312e-01
3.679612898473368365e-01
2.119306614567295910e-01
1.070862576828408852e-01
5.725475492790454285e-02
9.652088772330003064e-02
2.618424656368307235e-01
5.726707718047681361e-02
1.395073312820461486e-01
1.763082269313989980e-01
1.580479093899889442e-01
1.004953798215239835e-01
2.680182948337096471e-01
2.469474757091177364e-01
5.859314432128937683e-02
2.030228758902047903e-01
6.152669454798180559e-02
5.562619068623386037e-02
5.825163942939316081e-02
9.339948606925277397e-02
6.452611769857638513e-02
6.949777837361185984e-02
1.294393067032598432e-01
9.197647678616134581e-02
6.582994772018007680e-03
