3.362202325586805784e+01
4.070684708297656051e+00
4.158884641017579042e+00
4.224899403342723403e+00
1.349151639080482079e+00
2.288100925091765436e+00
2.448836022550184399e+00
1.750529997907252167e+00
1.778753673000143865e+00
1.292501405643427859e+00
1.176008544907925168e+00
1.349598414100379840e+00
1.017132694302490536e+00
5.958444168535602659e-01
8.027122413460563433e-01
1.162853392078305959e+00
9.311200471385450150e-01
3.734329508933393327e-01
4.132800679624868967e-01
1.639563722594473971e-01
1.844218878136422990e-01
6.566127953992224597e-01
5.907903290595016843e-01
3.953269223444694780e-01
3.597310412182220807e-01
2.460366199115585628e-01
2.692611993606484622e-01
1.974548679234838511e-01
1.977758681912007016e-02
2.579812638139922232e-01
4.418363243394422546e-01
1.803134169235416639e-01
2.057167113012073334e-01
2.382892155922892163e-01
3.364621143602490871e-01
4.393376013116088163e-01
4.104894169284152849e-01
2.390446841313217108e-01
3.827721163041297725e-01
2.121580810996596400e-01
