6.360489753992773387e+01
9.587844581125809285e+00
4.425285520208396051e+00
1.492634479299846495e+00
8.823929606838271766e+00
7.140328203168094134e+00
5.659382736713123307e+00
2.058863527475721877e+00
2.564142060273593149e+00
1.371178337555231552e+00
6.558836772568777285e+00
2.932848622932535676e+00
3.617100432713901803e+00
4.749972389160890707e+00
1.062343218971762537e+00
4.420856814345648367e-01
2.786076568936449949e+00
3.513954224850720731e+00
2.623855133957032848e+00
3.205370945820896100e+00
3.679365740104532545e+00
3.314837377642274152e+00
2.253954128542385416e+00
4.454738878940230684e+00
1.790690517135824056e+00
6.553378439421096990e-01
4.521539788154906425e+00
1.190412915933508842e+00
3.451487166123584416e+00
2.916782385464006033e+00
2.021808292484824854e+00
1.973787040120711378e+00
2.913257151581048365e+00
3.897483346492333744e+00
4.122373540347971321e+00
1.607513507536397490e-01
3.078256529545795317e+00
3.520210478547857846e+00
3.506750353535641462e+00
2.464300480937636095e+00
