4.057594116541068274e+01
6.412624501550088674e+00
5.190854146046399720e+00
2.413873533351156286e+00
2.904334857309653017e+00
1.836627349902187234e+00
3.666850330695067939e+00
2.081848286750835886e+00
4.308452813587939634e-01
1.006569134024741796e+00
1.710432858390051214e+00
1.196403274347258350e+00
1.383814807819518711e+00
7.084342489577087898e-01
1.869870342125190321e+00
2.181598867578338208e+00
2.229919254173906573e+00
7.986853143435714841e-01
3.700302816105243142e-01
1.096553047538290082e+00
1.138657151139458173e-01
1.743667740132363864e-01
6.674476399917471658e-01
3.546445999295951279e-01
2.911449659956832914e-01
3.469399161003768328e-01
3.020199340090718998e-01
5.027837937125549939e-01
3.925370177659349147e-01
1.239410514037199151e-01
5.313358882111670622e-01
4.130035487228048141e-01
3.018778934729668406e-01
7.419881387140664364e-01
1.017639158480184935e+00
4.997971568602816439e-01
5.256070572490466608e-01
6.411366834897238576e-01
3.074766875944105471e-01
2.845081245162858763e-01
