1.014502532550512797e+02
7.622991665287327301e+00
1.449283570321127890e+01
4.558691219666532568e+00
1.136619989265983222e+01
3.193242418525544135e+00
6.246176910642213365e+00
6.218770585803327755e+00
1.259047812731495686e+00
2.167146770530563593e+00
2.436802108899931429e+00
3.090438491499328144e+00
4.992738832270255944e-01
5.505532691545608870e+00
1.486708796617124628e+00
6.891468121827279525e+00
1.805400524140414298e+00
3.273611802987905772e+00
3.771142108154149408e+00
1.536390239611007846e+00
2.709980763340759324e+00
9.077178582192392264e-01
4.898637304553873584e+00
1.687462438299608625e+00
2.708230118620780669e+00
1.702081569442586151e+00
2.735668433668150712e+00
1.526025702971510745e+00
2.876238866776250180e+00
2.962308769317843371e+00
1.870910975544281651e+00
2.732408706129567655e+00
5.134038374031396623e-01
2.157847371469108655e+00
1.441350906313496383e+00
1.699609961063934138e+00
1.037684013361614310e+00
2.459210861125149972e+00
2.141771058144895878e+00
1.231158603468593737e+00
