1.497857868810731574e+01
1.566731461551825300e+00
2.116462120824527560e+00
6.025021836967956457e-01
1.106760312542662161e+00
1.632315748681841816e+00
1.206210434900068185e+00
9.416707419507390764e-01
1.326685919523771795e-01
1.420144207637450195e+00
7.564658983558681937e-01
4.140509272963117104e-01
3.909249758273537489e-01
1.159921969858196844e+00
9.377485350390662999e-01
4.481197124563502387e-01
4.087107952217641227e-01
3.391278011991527563e-01
5.528532683474435272e-01
8.423708323188113800e-01
7.871050129670258411e-01
6.284279131093338799e-01
3.057451203844079313e-01
2.229756209015463786e-01
4.342009695114844026e-01
5.837461176262435103e-01
6.853652044047187086e-01
1.782110269580409190e-01
4.456008256630504261e-01
6.172261970696193423e-01
1.680989973711458640e-01
7.307959085049595682e-01
3.537607010315034217e-01
4.883879598166258051e-01
2.267702660113224966e-01
6.509679857219931032e-01
2.800546213013974661e-01
5.192185218266610613e-01
9.639641964770677418e-02
5.018521306685465033e-01
