2.423684982932890080e+02
2.675799487305697166e+00
4.653040823261155090e+00
8.048626574378832998e+00
5.688403879192151180e+00
4.508739030239434342e+00
1.948324371796033683e+00
3.856836208238719088e+00
2.650291866536798047e+00
3.246848375632297223e+00
6.047722286238853329e+00
2.162362099257012282e+00
2.719580355393303339e+00
3.447265776259071490e+00
6.871405474466084629e-01
1.028274163149172971e+00
3.592722003178947521e+00
3.180343474828773331e+00
2.313855286251953913e+00
2.302449918635067760e+00
1.859958049450088691e+00
2.102631278834755924e-01
2.976152989748074074e+00
1.540396006771872939e+00
2.336419578244688822e+00
2.122962477733494779e+00
2.483944384422642759e+00
3.560420241527051943e-01
2.065878799167976787e+00
2.338162007975307155e+00
1.316414182304705527e+00
3.002401839047719179e+00
1.415279885196939702e+00
1.682391236204199503e+00
1.262320936330923349e+00
1.661601294595150824e+00
1.871959703613985893e+00
6.287108305486724946e-01
2.144768607415292294e+00
1.214682591069879747e+00
