2.759684082690478704e+02
4.121619172608775195e+00
1.090125203277013100e+01
1.158430967771852060e+00
2.621616874612393566e+00
1.179557905559268605e+01
5.692611318454371405e-01
9.461613649461488862e+00
2.522830095684689855e+00
4.016683205821142799e+00
8.436794693868012729e-01
3.997284263585668462e+00
2.695742587398006762e+00
1.853295981704262907e+00
1.989661303408029047e+00
1.567275266021689761e+00
2.354505445353854309e+00
6.973483020602160298e-01
9.838736681065756162e-01
7.880324773506498515e-01
7.757465018702605075e-01
1.300037915526554844e-01
4.685235222107975717e-01
4.173950093691234375e-01
7.642236714069150505e-01
7.017729807918094975e-01
4.128886972579944858e-01
1.303493896308837829e+00
7.012696176470861742e-01
6.117695456134677467e-01
6.625545741937266531e-01
3.228723741934829694e-01
5.753450966608054662e-01
3.984377978859390268e-01
2.847762774736909974e-01
2.168471391453034858e-01
4.212421746618286167e-01
3.652705094012869136e-01
3.505047034549231832e-01
2.412613289303436603e-01
