9.601445160342319696e+01
1.621623218211168060e+00
1.523772227866301510e+00
2.679252683223078524e+00
2.035599581616872378e+00
7.286339515822557011e+00
1.920171752697620748e+00
1.370747926950299567e+00
1.280169301741203025e+00
1.140082209558379356e+00
2.589606671428640539e+00
7.118877566279285807e-01
3.714527363822035078e+00
1.150054780845585878e+00
3.337384233173905090e-01
5.737475287188444906e-01
1.377057050490959833e+00
7.189204521132572800e-01
1.272740610460771638e-01
6.765030906271841671e-01
1.926751266348002423e+00
1.264102254169578998e+00
5.231663646355398933e-01
3.787515108307098477e-01
1.242862399133436213e+00
8.650143399405112454e-01
6.294648511322188389e-01
3.357554650556754949e-01
9.135972984689852416e-02
1.973146639047857198e-01
2.402008279827253789e-01
5.313752496169154016e-01
8.047659710103818864e-02
3.335395331549760867e-01
1.436078654275245170e-01
5.325742263454735781e-01
5.459970510364526852e-01
1.845765890369056861e-01
4.508527030308350225e-01
2.390367029862232040e-01
