9.301892451537887041e+01
4.175569683097481111e+00
2.296458236111730500e+00
7.598722286899932676e+00
6.194689423168457054e+00
6.297797734030756267e+00
7.831271454655467368e-01
2.248998969466180053e+00
1.405180603459397215e+00
2.504872898816305593e+00
5.471923797670803502e+00
3.317123036833557137e+00
1.257982821050764644e+00
2.185246695834583974e+00
7.546938754697198881e-01
2.826290644726595414e+00
5.772839076982382300e-01
1.464312115533431990e+00
1.542207719752272554e+00
8.465093020952666469e-01
4.147369691632966093e-01
2.118284855761431107e+00
1.035172555282065421e+00
9.442319982848151882e-01
1.492038663811282362e+00
1.044779648761444468e+00
1.574677791082264910e+00
8.562365871466232070e-01
1.341305221470125986e+00
3.574533411478795220e-01
3.708441768987378873e-01
7.260537336557216781e-01
1.087232490921749894e+00
5.226243510226048494e-01
4.054319594770879887e-01
7.004295883335084349e-01
3.269239364116014457e-01
6.761170153346994782e-01
5.603627667518552569e-01
4.371427376523914776e-01
