9.031764208903047120e+01
2.717054092041069069e+00
8.492394031867453563e+00
4.277032397797966290e+00
3.392512678913350843e+00
2.091767804112808271e+00
2.241811024565075972e+00
3.024033248881251357e+00
8.987477868490887367e-01
1.551976390471019540e+00
4.271776842149797915e+00
3.721384529172090172e+00
1.854779338082865880e+00
7.203669900185337704e-01
2.993431572248808958e+00
6.636691507663349254e-01
3.172685807911597600e+00
1.190155748488846754e+00
1.382955703050884777e+00
7.689172275866988926e-01
8.771167457240314214e-01
6.576163373910770549e-01
6.760711201017323146e-01
5.112071706714507169e-01
1.524131305211455789e+00
1.472757349748575084e+00
5.766395223227321898e-01
3.295623574176480552e-01
3.839005835225123842e-01
5.361702006591405612e-01
9.932797022696669698e-02
4.404755133004951695e-01
9.921923131837458998e-01
1.621302046703885502e-01
9.460117417535749418e-01
4.610925395136897254e-01
8.680134827257376395e-01
3.424549386288219810e-02
4.107245958801529762e-01
1.328279974894454596e-01
