5.524150748150305645e+01
3.235652268383127694e+00
1.339948928311530896e+00
6.706003718027833571e+00
2.799293557048994074e-01
1.972124194062396807e+00
6.873559284572872130e-01
3.273562094879482132e+00
1.014872642761600607e+00
5.021604466626683472e-01
2.546538818513441882e-01
9.434397973999499865e-01
7.966339590163121764e-01
1.022527860711734071e+00
4.010388348818584303e-01
3.189681911823855631e-01
1.702224479280031733e-01
3.555392566394011133e-01
5.240253992467134303e-01
4.893849172557976357e-02
2.704381501002893207e-01
3.665379778282951140e-01
4.211566641998304439e-01
4.797472196045194925e-01
7.569611623072711182e-02
3.064184683932261177e-01
5.013409418635831477e-02
1.522204427411865124e-01
1.708741667861737590e-01
2.616012570994946662e-01
7.631407577680274223e-02
8.502145514879944077e-02
7.315622842419700067e-02
1.875060534738497153e-01
2.625757500734946515e-01
2.038969155423458468e-01
2.182229202910399291e-01
1.343704555020945046e-01
3.147626311188107817e-02
5.710335088066738340e-02
