7.783871324493266286e+01
7.558836381642908719e+00
5.054799968605564686e+00
5.420801621066279274e+00
4.679669113110776379e+00
3.152405562496271685e+00
8.696845410311489388e+00
2.889094108496251589e+00
3.082267397695065192e+00
7.470465609433222021e+00
5.073741043272852913e+00
1.427101496587263041e+00
1.876558065467595737e+00
1.522640654977581498e+00
1.587354970202280224e+00
2.844731140810313086e+00
1.758021263344354379e+00
2.081558651686036487e+00
2.082874017756388252e+00
3.379888130031562632e+00
2.260483323418273294e+00
2.597838521271599310e-01
4.220446976701992980e+00
2.550745238477970744e+00
1.404822630521540328e+00
7.723556511476334929e-01
1.675435322945374450e+00
6.823124387100149013e-01
1.414315485035950060e+00
1.541229513391734196e+00
1.214165222504568264e+00
9.367110980390656039e-01
1.071073287759179538e+00
6.853849432550596088e-01
1.124093533733939942e+00
4.513732536384813532e-01
5.173294028144600487e-01
5.843661538917470644e-01
4.570092562806559733e-01
7.413917643526808376e-01
