4.048832945470541489e+01
7.471747168226299252e+00
6.948054121365766278e+00
3.862355326379377285e+00
1.130510084353482325e+00
3.274612541444528624e+00
3.702063622818524635e+00
4.352541208568114328e+00
2.556490381825962110e+00
6.288489150430386587e+00
2.623331299561563856e+00
1.706466140538715148e+00
1.377524684648343767e+00
2.368073096408257250e+00
7.438599010252836541e-01
3.097879398617382485e+00
1.426066749089129893e+00
1.425347861164521390e+00
9.609351334374697240e-01
9.350774702839739216e-01
6.071181656058545206e-01
1.133964588239947391e+00
1.215901784009061126e+00
1.617815399064602033e+00
4.991667614466561709e-01
1.029593561593146411e+00
7.752629016706384935e-01
2.880109965431459917e-01
3.730261927544574752e-01
9.822518463879351680e-01
1.007852581607466824e+00
6.150816185928612567e-01
7.529812142568912403e-01
1.343656922382853391e+00
5.682489161797776855e-01
6.384286736591000544e-01
6.057668419953862182e-01
5.264069548990651937e-01
5.511883685288589962e-01
2.774541380584100714e-01
