6.712384466512412828e+00
3.370222871844696377e-01
2.211557833903770587e-01
1.778994422737694703e-01
1.090245338516413337e-01
4.971976474042453797e-01
3.358350493940951975e-01
3.611506904785826144e-01
3.609834049101102726e-01
2.148203192088704583e-01
1.784790869980148187e-01
2.730520545638250862e-01
4.008169209675187250e-02
3.433789771519656364e-01
1.374616869452121581e-01
2.174678248421004489e-01
1.613370048602816575e-01
2.044104646669764602e-01
5.095243689730524078e-02
2.297524463405873629e-01
2.407397148007281995e-01
1.874421433055037389e-01
1.515852944951112113e-01
1.426189736492008697e-01
7.217863427084007799e-02
1.619099989946331253e-01
1.613445188978513134e-01
4.661690150728389076e-02
1.639323426437309938e-01
3.545953887988081282e-02
9.824273099806157816e-02
5.539773180580853662e-02
1.119977346925813966e-01
3.113188591745795486e-02
1.109378906031278089e-01
9.553905629928030607e-02
1.346748667607936545e-01
6.274225153710842606e-02
5.887713293294101480e-02
1.265849290331640953e-01
