2.372094845933037988e+01
2.797785995792856362e+00
6.421099147723469125e-01
1.336497133667775783e+00
3.212476237614112051e+00
1.600324224835405929e+00
3.729737709096783593e+00
1.082075563390819006e+00
6.608873633555136795e-01
4.621281736516497096e-01
1.341198955218386946e+00
2.007245538209696534e+00
9.882999557106539879e-01
7.412438720340146503e-01
9.438672671798075120e-01
1.078393664918205985e+00
1.542849936762160867e+00
1.984783643228243522e+00
1.712116970594976584e+00
1.397519960283177376e+00
7.226120812841160257e-01
2.069250720220711326e+00
8.596254851884695958e-01
1.624620512471364187e+00
8.072927927030283390e-01
1.185337448065994614e+00
1.169433170984633730e+00
2.253031725282918618e+00
1.952495017689579671e+00
1.140634410344181893e+00
6.128985173506139583e-01
1.904909497372316407e+00
1.840425242229794422e+00
1.295526511457176122e+00
1.159521188365668420e+00
1.171336533637773458e+00
1.263230560230105493e+00
1.316728740221285054e+00
1.425610410054325206e+00
8.232300309470165223e-01
