9.522974692323096235e+01
6.200778936599411040e+00
5.579134859614246267e+00
2.813397312327394317e+00
3.374832671473962709e+00
6.703470711101329194e+00
1.102022430879458170e+00
9.321763871799825241e-01
2.694722983019536944e+00
3.700302689907764009e+00
1.439298717939758809e+01
5.250690111810549787e+00
2.100088359721962394e+00
3.947605466965851129e+00
1.602177619208912107e+00
5.667042590674048474e-01
1.606222148243476422e+00
8.467523520360131783e-01
2.211047429971454203e+00
1.107791383055913625e+00
3.170510265926321569e+00
1.613140422444525823e+00
1.813028627198072451e+00
1.525351929936907602e+00
1.034006344080367956e+00
7.798927148109245922e-01
1.355218386833560107e+00
8.516787779511907353e-01
3.517901632376348453e-01
1.493066891176643818e+00
1.208468127225690081e+00
6.291650052513325653e-01
1.388279218408723370e+00
4.775112360682972623e-01
6.032480513168574365e-01
9.573885159846673432e-01
4.839349331471538562e-01
1.729657950244629649e-01
7.816324984375478957e-01
5.245006879581757264e-01
