1.635181319441493031e+02
1.297564195296739697e+01
1.734063849214410524e+01
8.873434217791357881e+00
3.279430584261833204e+00
1.059496336902493674e+01
5.188331394692214715e+00
4.716138755501384061e+00
1.057136712301368853e+01
5.848590194092601280e+00
8.024494414265193498e+00
1.096949986777915775e+00
4.377717816613418300e+00
4.096385326763577694e+00
7.224167157364152381e+00
1.910050044377691547e+00
2.254191035514399033e+00
3.041442499572780456e+00
3.732829652604356951e+00
9.617689027050133621e-01
1.193731350062462448e+00
3.550184526204442026e+00
4.784615032682038915e+00
2.332005986077213322e+00
2.552965675454659245e+00
2.088319281679098083e+00
7.990398903353029825e-01
1.073355121309879978e+00
1.530068759586949989e+00
1.541748160655122657e+00
3.106622350235390684e+00
1.070042681248489780e+00
2.191172596505544856e+00
3.204225724945186204e+00
1.435478985702425492e+00
2.613887938186373106e+00
1.998346264968889896e+00
6.256427691863157836e-01
2.352739181541525504e+00
3.339422142635055213e+00
