1.824980357292253785e+01
2.419575431491168160e+00
2.180447722385876030e+00
3.778248803221217478e-01
1.404597988963017130e+00
2.169021971005543337e-01
7.808113008585786385e-01
1.639488125480526914e+00
2.027093096564820118e-01
2.746453021178977938e+00
1.069929133967294277e+00
1.027862062136730925e+00
1.139305437898177731e+00
1.102677289473639410e+00
2.679406072544543882e+00
1.399188367494751173e+00
1.896012799678106875e+00
1.338773951438728682e+00
4.691212323143780227e-01
8.392360606198561168e-01
9.066680227516944468e-01
8.422090538260035286e-01
4.548428769610038391e-01
1.360909572593509198e+00
1.582153858811063740e+00
6.265728573231665877e-01
2.210428618439579829e+00
1.046326486274309575e+00
8.811807189642585358e-01
1.407391784691079950e+00
1.333893978157583593e+00
2.128362561124385266e+00
6.633084394017852992e-01
2.007545147797998197e+00
4.914748674771086678e-01
2.270017689352336721e+00
1.298887970934675451e+00
7.418279014942004146e-01
1.695573855530043250e+00
1.136591850493664735e+00
