1.797958913024464778e+01
3.267765535855810644e+00
1.008595862767298845e+00
5.671212226445020432e-01
1.599515752420066050e+00
1.025454279894982168e+00
1.444390963582010246e+00
1.066904021543542358e+00
7.384734461384065973e-01
7.958839340499694881e-01
8.611735770436845794e-02
7.842704498920533007e-01
8.981135820135455194e-01
4.585215760647752825e-01
5.040478824834920824e-01
4.854747601732316564e-01
1.089078195263628590e-01
1.671838149538565632e-01
4.264951433304324802e-01
6.969615550037967511e-01
2.176459971466637167e-01
5.736983997650779710e-01
5.631556999438590561e-01
5.078802207890098508e-01
3.248535070424356519e-01
5.309445324067803007e-01
2.816583550588461216e-01
2.258104620216733749e-01
3.017774289281448530e-01
3.453044020844261430e-01
1.427213570014207178e-01
3.285703135146931242e-01
2.818194055642589402e-01
2.501275963159701465e-01
3.351531148931995441e-01
4.246960351429018288e-01
2.375129772639992254e-01
4.342912254736642774e-01
4.295727997317302371e-01
3.629289556346830259e-01
