5.501537877744108407e+00
7.419214378441930935e-02
3.657337279828793419e-01
2.655389317940663463e-01
2.474258615620119894e-01
1.096458606910951095e-01
2.776534398758862543e-01
1.199301399416879826e-01
1.569832457561689543e-01
2.258678664832292349e-01
3.732734960647343669e-01
2.789388268363591217e-01
2.401705632890557829e-01
1.850137746650880322e-01
1.504502572383833656e-02
1.684965976802283993e-01
3.129176517140565550e-01
2.372164913700793021e-01
1.126522449848612883e-01
1.981667486997470140e-01
2.139461618796727471e-01
9.468896445318880639e-02
1.491094037072684952e-01
4.366144499062152989e-02
1.635075481065920433e-01
4.228685836740960630e-02
5.491730046723197062e-02
1.665176767393980184e-01
1.867298963799779443e-01
2.299267957511416383e-01
7.157742844124959092e-02
1.962043251231696817e-01
1.641395414245288842e-01
3.440155181136052287e-02
1.583104181868564275e-01
3.144134557064017649e-02
3.941848475341219044e-02
4.582834870257070786e-02
8.672936161532694699e-02
8.365201804658599360e-02
