5.572598875861767453e+01
1.567661365829983566e+01
9.724644585588167800e+00
2.542813622817155395e+00
1.455117678950559501e+01
9.279237724017162847e+00
4.742886068467952576e+00
4.598269461525435808e+00
8.213802347771489210e+00
6.111657629674684955e+00
5.631312275264596323e+00
3.447817106159253520e+00
4.234434497778705619e+00
6.146181930321002795e+00
4.705411886153067158e+00
5.216629952782780855e+00
1.279143290303469627e+00
3.756064256799247048e+00
1.413646492473570992e+00
3.704999775037197463e+00
1.963300191627316504e+00
5.140512197893823299e+00
6.119234751499241787e-01
4.347136608999736751e+00
4.092450418964459047e+00
5.754585043620990881e+00
5.484297905049107413e+00
2.072015827362059248e+00
5.227420143950682885e+00
4.259507258669930962e+00
5.751621435495269274e+00
1.765136552758180155e+00
2.330709226655155675e+00
5.195210093648602978e+00
8.117706437949859577e+00
2.788557225182017429e+00
1.353795862330098965e+00
5.878378485788649854e+00
8.214991622619619349e+00
5.471172443436507216e+00
