1.983738508609646800e+01
4.961452921073302491e+00
7.585463589919928529e-01
3.909928101297915348e-01
6.331332166177454646e-01
1.171595762749841674e+00
1.214681430504821025e+00
1.555564107205517965e+00
1.151170952583816964e+00
1.362884941154446805e+00
1.370511351202376327e+00
1.468603790060766245e+00
6.858138846430081870e-01
5.047198212892144431e-01
2.818220721880896895e-01
2.504422648418301867e-01
9.144796693295660639e-02
1.377030267940111963e-01
2.773511863753501117e-01
1.013529171366655407e-01
2.660328777519255783e-01
1.693792970845552359e-01
1.494238766990527711e-01
4.658108696692275785e-01
2.249190371633907060e-01
3.671222765681403377e-01
2.812512109877687849e-01
4.002366459504310137e-01
1.246047521222778121e-01
6.167623350082424710e-02
1.717962513188634466e-01
2.641734080410855223e-01
1.857273208991211955e-01
1.922427048392802706e-01
2.221722558671845038e-01
1.458334554537339678e-01
1.736879608754330617e-01
2.940767330443651573e-01
2.214851904703105667e-01
2.127185442923727465e-01
