2.338047771772597372e+01
1.469277966796109114e+00
1.979467873102223718e+00
5.596319139976884127e-01
1.774374134273297710e+00
5.090596457256447716e-01
1.003901344325892619e+00
6.465352590253876652e-01
6.123030358844225862e-01
1.442993146979171248e-01
7.536737248859810556e-01
7.950213065705269422e-01
4.173371075228006211e-01
4.257036650666509159e-01
4.811599384316134764e-01
7.382390478008949986e-01
3.729041687287897311e-01
2.008029386311808440e-01
8.434731152350762040e-02
3.096867416991745947e-01
2.254517516915897912e-01
9.034833623073952602e-02
2.976105892555148125e-01
1.810094965628591401e-01
1.001587493839316140e-01
3.848078803745521026e-01
3.667367196319082923e-01
3.476234104327088903e-01
2.248954034554258574e-01
3.449166586526295486e-01
6.783086463734919747e-01
5.872571306739258201e-01
2.275696102379605734e-01
3.531659449205981072e-01
2.616007348818464862e-01
1.105550250271776225e-01
4.430928790537621009e-01
1.264360863954245573e-01
1.098921745526934141e-01
3.258506448513787124e-01
