1.210380288694012734e+02
6.343468669041052443e+00
1.599845456871791249e+01
8.498759333124084492e+00
7.621770412431262187e+00
1.323404492675171262e+01
1.977130841761265145e+01
1.831578873975095689e+01
1.831021848687531062e+01
3.334971960714109507e+00
1.003604830455369523e+01
1.787120393644979099e+00
9.068158522761954998e+00
1.023625408805604486e+01
4.010917908229024498e+00
1.100280991500734373e+01
6.514735622896349554e+00
6.290872236978814591e+00
4.395337731342996435e+00
6.439166155647259693e+00
1.295612603214413383e+01
2.332184800169384342e+00
1.179079426452472390e+01
1.288948338590549980e+01
2.073930970803637308e+00
1.289728896455075180e+01
7.453115191807556883e+00
1.398244005480940189e+01
1.517863302926006419e+01
3.441432883846959445e+00
1.238685787400182470e+01
1.338214226794717732e+01
4.782370090969973120e+00
1.133956765848431480e+01
1.006918369574148209e-01
1.109860487748220592e+01
1.315534513004619299e+01
6.886242155987639002e+00
1.135016633181907864e+01
5.357905794431585988e+00
