1.500928665153233510e+01
1.967912781077781004e+00
1.388288586535687985e+00
5.978736609788311007e-01
1.052045778047521640e+00
1.371525507750154471e+00
3.078551707604455512e-01
2.448865852437475676e-01
3.620294858579306552e-01
5.003951814844879165e-01
2.308804670856526298e-01
3.742992308817049141e-01
1.877953010958826607e-01
4.897913187617895514e-01
4.501419692740734058e-01
4.916521470486578393e-01
2.661915630160924251e-01
3.871312370909816836e-01
4.592568676467770894e-01
1.759188364086986811e-01
1.784799089830171881e-01
3.250165195894717113e-02
2.472843851609747567e-01
1.390907675802365850e-01
1.060949503568270336e-01
3.961561920559703576e-01
1.440695225369474364e-01
9.874806315930817480e-02
2.037285068833542129e-02
1.039090486335030039e-01
1.192362963028697070e-01
1.107031760929613612e-01
1.097246851157691189e-01
1.398941793328731809e-01
1.511065594628581144e-01
4.828897083576055155e-02
9.411430785279926992e-02
4.936687829753417384e-02
4.027931439148814408e-02
1.683445004109275778e-01
