1.746226053649941150e+02
1.270479414069419448e+02
7.906068461750599852e+01
5.142243373184602717e+01
2.958873019282200190e+01
2.522320694917239337e+01
3.176125812698412787e+01
3.327999513458293990e+01
3.039087904751553637e+01
2.556301205511130803e+01
2.065988358045466455e+01
1.934462430529463361e+01
1.886128773491871868e+01
2.107102257527628097e+01
1.770245486830708970e+01
1.406626525905544511e+01
9.209806213670329811e+00
8.250419440118196945e+00
7.328489332434457104e+00
3.581945599657768931e+00
4.335348211928433670e+00
7.687632036165046756e+00
9.431427536607314366e+00
1.308843654108815180e+01
2.157761869273279842e+01
3.025253343159137387e+01
3.178288714177640628e+01
2.890169414314954466e+01
2.636057972440150365e+01
2.682764254718150099e+01
2.128331671169965134e+01
1.159999567653437680e+01
8.615984075407231657e+00
1.582344717210952112e+01
1.810540500856820501e+01
1.556227078615042814e+01
9.779117945072718143e+00
9.696563188378174658e+00
1.181427674363217406e+01
1.039469041523112658e+01
